Ind.ID origin.pop pred.pop CentAm-CA.OR.WA HI-WA.SBC MnMx-CA.OR.WA
CentAm-CA.OR.WA_z0011944 CentAm-CA.OR.WA HI-WA.SBC 0.340296605402959 0.654437778643936 0.00526561595310584
CentAm-CA.OR.WA_z0029863 CentAm-CA.OR.WA HI-WA.SBC 0.27318647147977 0.725224011768298 0.00158951675193193
CentAm-CA.OR.WA_z0045332 CentAm-CA.OR.WA HI-WA.SBC 0.225437634340393 0.773596839028004 0.000965526631602927
CentAm-CA.OR.WA_z0045342 CentAm-CA.OR.WA HI-WA.SBC 0.425127798782848 0.574648447869886 0.000223753347265943
CentAm-CA.OR.WA_z0045350 CentAm-CA.OR.WA HI-WA.SBC 0.238239841768856 0.755646942405437 0.00611321582570728
CentAm-CA.OR.WA_z0045401 CentAm-CA.OR.WA HI-WA.SBC 0.217494796671875 0.766279571067352 0.016225632260773
CentAm-CA.OR.WA_z0045792 CentAm-CA.OR.WA HI-WA.SBC 0.289561068204831 0.707286091334611 0.00315284046055785
CentAm-CA.OR.WA_z0051380 CentAm-CA.OR.WA CentAm-CA.OR.WA 0.681243650930831 0.318633425055677 0.000122924013492147
CentAm-CA.OR.WA_z0051893 CentAm-CA.OR.WA HI-WA.SBC 0.39351930895389 0.571707162709426 0.0347735283366846
CentAm-CA.OR.WA_z0051929 CentAm-CA.OR.WA CentAm-CA.OR.WA 0.666395698203873 0.30557711069691 0.0280271910992177
CentAm-CA.OR.WA_z0053756 CentAm-CA.OR.WA CentAm-CA.OR.WA 0.565643403925384 0.431409387643502 0.0029472084311139
CentAm-CA.OR.WA_z0053759 CentAm-CA.OR.WA HI-WA.SBC 0.344020781866933 0.655569383499141 0.000409834633925724
CentAm-CA.OR.WA_z0053844 CentAm-CA.OR.WA HI-WA.SBC 0.485757595276087 0.511505660131127 0.00273674459278615
CentAm-CA.OR.WA_z0056374 CentAm-CA.OR.WA CentAm-CA.OR.WA 0.502165895264667 0.497630540303898 0.00020356443143511
CentAm-CA.OR.WA_z0056375 CentAm-CA.OR.WA HI-WA.SBC 0.423127656854012 0.576615715802889 0.00025662734309951
CentAm-CA.OR.WA_z0056378 CentAm-CA.OR.WA CentAm-CA.OR.WA 0.581204778783355 0.404811374898117 0.0139838463185282
CentAm-CA.OR.WA_z0056389 CentAm-CA.OR.WA CentAm-CA.OR.WA 0.732071577438382 0.266838622805212 0.00108979975640562
CentAm-CA.OR.WA_z0056392 CentAm-CA.OR.WA CentAm-CA.OR.WA 0.686238330246819 0.313427140923528 0.000334528829652285
CentAm-CA.OR.WA_z0101084 CentAm-CA.OR.WA CentAm-CA.OR.WA 0.512684483037483 0.485778092683691 0.00153742427882613
CentAm-CA.OR.WA_z0175912 CentAm-CA.OR.WA CentAm-CA.OR.WA 0.547531741795383 0.448896291238448 0.00357196696616892
CentAm-CA.OR.WA_z0178348 CentAm-CA.OR.WA HI-WA.SBC 0.446870072356913 0.5525574058735 0.000572521769586593
CentAm-CA.OR.WA_z0195726 CentAm-CA.OR.WA HI-WA.SBC 0.122231396162967 0.877239515873029 0.000529087964004418
CentAm-CA.OR.WA_z0196730 CentAm-CA.OR.WA CentAm-CA.OR.WA 0.903888833327805 0.0956170418839244 0.000494124788270115
CentAm-CA.OR.WA_z0196733 CentAm-CA.OR.WA CentAm-CA.OR.WA 0.524168117200402 0.47434916130653 0.00148272149306785
CentAm-CA.OR.WA_z0196804 CentAm-CA.OR.WA HI-WA.SBC 0.231144770346595 0.767978631191397 0.000876598462007527
CentAm-CA.OR.WA_z0196811 CentAm-CA.OR.WA CentAm-CA.OR.WA 0.784459754523237 0.214777805185803 0.000762440290960076
HI-WA.SBC_207778 MnMx-CA.OR.WA HI-WA.SBC 0.220526222871364 0.681806575153478 0.0976672019751576
HI-WA.SBC_z0195655 MnMx-CA.OR.WA HI-WA.SBC 0.350619179573281 0.606169040608627 0.0432117798180919
HI-WA.SBC_z0195688 MnMx-CA.OR.WA HI-WA.SBC 0.454542849465161 0.518874365884584 0.0265827846502548
MnMx-CA.OR.WA_z0005757 HI-WA.SBC CentAm-CA.OR.WA 0.739142928860902 0.260607612598692 0.000249458540405771
MnMx-CA.OR.WA_z0045404 HI-WA.SBC HI-WA.SBC 0.395793739453195 0.600584424310973 0.00362183623583231
MnMx-CA.OR.WA_z0045405 HI-WA.SBC HI-WA.SBC 0.152024921816636 0.843115663677715 0.00485941450564879
MnMx-CA.OR.WA_z0051327 HI-WA.SBC HI-WA.SBC 0.285412519659562 0.710210746460194 0.00437673388024484
MnMx-CA.OR.WA_z0051400 HI-WA.SBC HI-WA.SBC 0.324866294491582 0.670981152845723 0.00415255266269518
MnMx-CA.OR.WA_z0051885 HI-WA.SBC HI-WA.SBC 0.251911050333566 0.74621361335407 0.00187533631236378
MnMx-CA.OR.WA_z0051959 HI-WA.SBC HI-WA.SBC 0.401313379381258 0.595364250318982 0.0033223702997596
MnMx-CA.OR.WA_z0053051 HI-WA.SBC HI-WA.SBC 0.276599453897443 0.721281647814541 0.00211889828801578
MnMx-CA.OR.WA_z0053054 HI-WA.SBC HI-WA.SBC 0.191335403138827 0.802505257661378 0.0061593391997947
MnMx-CA.OR.WA_z0061967 HI-WA.SBC CentAm-CA.OR.WA 0.571730356891646 0.38756118937526 0.0407084537330941
MnMx-CA.OR.WA_z0107099 HI-WA.SBC CentAm-CA.OR.WA 0.603877663639458 0.384527497240515 0.0115948391200266
MnMx-CA.OR.WA_z0108528 HI-WA.SBC HI-WA.SBC 0.28439715481986 0.7075542358464 0.00804860933374067
MnMx-CA.OR.WA_z0175371 HI-WA.SBC HI-WA.SBC 0.178307675401855 0.810738226681285 0.0109540979168602
MnMx-CA.OR.WA_z0195663 HI-WA.SBC HI-WA.SBC 0.141271393807009 0.858007385620131 0.000721220572860314
MnMx-CA.OR.WA_z0195701 HI-WA.SBC CentAm-CA.OR.WA 0.681715796146458 0.317387101653155 0.000897102200387397
MnMx-CA.OR.WA_z0195704 HI-WA.SBC HI-WA.SBC 0.351460397210773 0.641334487891222 0.0072051148980054
MnMx-CA.OR.WA_z0195725 HI-WA.SBC CentAm-CA.OR.WA 0.542622420453903 0.45250055474305 0.00487702480304661
MnMx-CA.OR.WA_z0195740 HI-WA.SBC HI-WA.SBC 0.0498465543721633 0.885233177676135 0.0649202679517012
MnMx-CA.OR.WA_z0195751 HI-WA.SBC CentAm-CA.OR.WA 0.504533776416599 0.494016719479506 0.00144950410389487
MnMx-CA.OR.WA_z0195784 HI-WA.SBC HI-WA.SBC 0.19535173519433 0.803100475872678 0.00154778893299204
MnMx-CA.OR.WA_z0196715 HI-WA.SBC HI-WA.SBC 0.0852674760675243 0.90450695877308 0.0102255651593953
MnMx-CA.OR.WA_z0196731 HI-WA.SBC HI-WA.SBC 0.390780284906797 0.602483403600808 0.00673631149239542
MnMx-CA.OR.WA_z0196734 HI-WA.SBC CentAm-CA.OR.WA 0.554196534637934 0.406020477632459 0.0397829877296068
MnMx-CA.OR.WA_z0196751 HI-WA.SBC CentAm-CA.OR.WA 0.606189750631771 0.392577767899048 0.0012324814691819
MnMx-CA.OR.WA_z0196754 HI-WA.SBC HI-WA.SBC 0.392719457712971 0.603585124885026 0.00369541740200288
MnMx-CA.OR.WA_z0196825 HI-WA.SBC CentAm-CA.OR.WA 0.545805490319213 0.425856399181479 0.0283381104993081
MnMx-CA.OR.WA_z0196834 HI-WA.SBC HI-WA.SBC 0.0624377399371173 0.926804416633649 0.0107578434292333
MnMx-CA.OR.WA_z0196841 HI-WA.SBC HI-WA.SBC 0.277939188915694 0.70358271538079 0.0184780957035159
MnMx-CA.OR.WA_z0196864 HI-WA.SBC HI-WA.SBC 0.128674740900369 0.829352688813295 0.0419725702863353
