

----------------------------------------------------
STRUCTURE by Pritchard, Stephens and Donnelly (2000)
     and Falush, Stephens and Pritchard (2003)
       Code by Pritchard, Falush and Hubisz
             Version 2.3.4 (Jul 2012)
----------------------------------------------------



Command line arguments:   structure -m wint.area.structureRun/wint.area.structureRun.k4.r2_mainparams -e wint.area.structureRun/wint.area.structureRun.k4.r2_extraparams -i wint.area.structureRun/wint.area.structureRun.k4.r2_data -o wint.area.structureRun/wint.area.structureRun.k4.r2_out 
Input File:    wint.area.structureRun/wint.area.structureRun.k4.r2_data

Run parameters:
   350 individuals
   298 loci
   4 populations assumed
   1000 Burn-in period
   10000 Reps


--------------------------------------------
Proportion of membership of each pre-defined
 population in each of the 4 clusters

Given    Inferred Clusters              Number of
 Pop       1      2      3      4      Individuals

  1:     0.351  0.303  0.124  0.222       77
  2:     0.170  0.178  0.464  0.187      124
  3:     0.256  0.312  0.192  0.240      113
  4:     0.213  0.240  0.311  0.236       27
  5:     0.083  0.077  0.073  0.767        9
--------------------------------------------

Allele-freq. divergence among pops (Net nucleotide distance),
computed using point estimates of P.

      1       2       3       4      
 1      -    0.0137  0.0341  0.0203  
 2   0.0137     -    0.0309  0.0176  
 3   0.0341  0.0309     -    0.0327  
 4   0.0203  0.0176  0.0327     -    

Average distances (expected heterozygosity) between individuals in same cluster:
cluster  1  : 0.4410 
cluster  2  : 0.4475 
cluster  3  : 0.4238 
cluster  4  : 0.4349 

--------------------------------------------
Estimated Ln Prob of Data   = -135600.3
Mean value of ln likelihood = -134710.3
Variance of ln likelihood   = 1780.0
Mean value of alpha         = 1.0000

Mean value of Fst_1         = 0.0742
Mean value of Fst_2         = 0.0586
Mean value of Fst_3         = 0.1276
Mean value of Fst_4         = 0.0679


Inferred ancestry of individuals:
        Label (%Miss) Pop:  Inferred clusters
  1   207778    (1)    2 :  0.187 0.175 0.530 0.108 
  2 z0005757    (7)    3 :  0.405 0.217 0.142 0.237 
  3 z0005758    (0)    3 :  0.450 0.184 0.150 0.216 
  4 z0011944    (0)    1 :  0.043 0.039 0.101 0.817 
  5 z0012702    (8)    4 :  0.050 0.086 0.667 0.197 
  6 z0016577    (1)    3 :  0.287 0.324 0.251 0.138 
  7 z0016578   (20)    1 :  0.121 0.679 0.062 0.138 
  8 z0016579    (1)    3 :  0.299 0.197 0.177 0.328 
  9 z0018264    (0)    1 :  0.113 0.068 0.103 0.717 
 10 z0029828    (2)    3 :  0.184 0.610 0.113 0.093 
 11 z0029829   (13)    1 :  0.184 0.677 0.067 0.073 
 12 z0029846    (0)    1 :  0.226 0.417 0.203 0.154 
 13 z0029860    (0)    3 :  0.158 0.565 0.160 0.117 
 14 z0029863    (1)    1 :  0.110 0.211 0.144 0.535 
 15 z0029864    (8)    1 :  0.093 0.363 0.108 0.436 
 16 z0029865   (12)    3 :  0.579 0.193 0.067 0.160 
 17 z0037607    (1)    3 :  0.095 0.206 0.245 0.454 
 18 z0037609   (23)    3 :  0.242 0.363 0.135 0.260 
 19 z0037624   (20)    1 :  0.584 0.125 0.163 0.128 
 20 z0038417    (7)    2 :  0.100 0.086 0.630 0.184 
 21 z0040275    (8)    2 :  0.070 0.167 0.566 0.197 
 22 z0040287    (3)    2 :  0.154 0.242 0.238 0.366 
 23 z0040308    (0)    2 :  0.210 0.135 0.585 0.070 
 24 z0040333    (1)    2 :  0.122 0.305 0.463 0.110 
 25 z0040334    (1)    2 :  0.091 0.065 0.732 0.111 
 26 z0040337    (4)    2 :  0.170 0.212 0.337 0.280 
 27 z0040345    (1)    2 :  0.131 0.083 0.604 0.182 
 28 z0040357    (5)    2 :  0.192 0.160 0.477 0.171 
 29 z0040363   (19)    2 :  0.219 0.115 0.497 0.170 
 30 z0040364    (0)    2 :  0.110 0.098 0.704 0.088 
 31 z0040387    (0)    2 :  0.154 0.156 0.487 0.203 
 32 z0040403   (15)    2 :  0.222 0.207 0.375 0.196 
 33 z0040439    (0)    2 :  0.047 0.075 0.685 0.193 
 34 z0040465   (20)    2 :  0.145 0.372 0.400 0.083 
 35 z0040513   (24)    3 :  0.161 0.427 0.208 0.204 
 36 z0040961   (11)    2 :  0.169 0.144 0.346 0.342 
 37 z0040985   (14)    2 :  0.269 0.210 0.326 0.195 
 38 z0041026    (0)    2 :  0.167 0.210 0.484 0.139 
 39 z0041051   (30)    2 :  0.128 0.086 0.480 0.306 
 40 z0041115    (7)    2 :  0.291 0.127 0.495 0.087 
 41 z0041153   (23)    2 :  0.212 0.191 0.365 0.232 
 42 z0041233    (3)    2 :  0.277 0.226 0.392 0.105 
 43 z0041243    (0)    2 :  0.178 0.149 0.459 0.213 
 44 z0041248    (5)    2 :  0.154 0.099 0.545 0.201 
 45 z0041250    (1)    2 :  0.107 0.114 0.641 0.138 
 46 z0041274    (1)    2 :  0.172 0.268 0.308 0.252 
 47 z0041465   (16)    2 :  0.264 0.197 0.487 0.052 
 48 z0041472    (2)    2 :  0.292 0.131 0.452 0.125 
 49 z0041480    (9)    2 :  0.254 0.209 0.422 0.114 
 50 z0041483    (0)    2 :  0.184 0.097 0.632 0.086 
 51 z0041494   (12)    2 :  0.111 0.219 0.526 0.144 
 52 z0041498    (1)    2 :  0.148 0.179 0.520 0.153 
 53 z0041501    (1)    2 :  0.060 0.154 0.606 0.180 
 54 z0041507    (6)    2 :  0.141 0.126 0.511 0.223 
 55 z0041512    (0)    2 :  0.069 0.149 0.614 0.168 
 56 z0041522   (15)    2 :  0.159 0.149 0.490 0.201 
 57 z0041526    (0)    3 :  0.135 0.162 0.629 0.073 
 58 z0041527   (14)    2 :  0.242 0.242 0.423 0.092 
 59 z0043243    (1)    2 :  0.347 0.149 0.140 0.365 
 60 z0043278    (0)    2 :  0.089 0.100 0.559 0.252 
 61 z0043475   (16)    3 :  0.236 0.182 0.403 0.179 
 62 z0043477    (0)    2 :  0.194 0.124 0.399 0.282 
 63 z0043478    (2)    2 :  0.151 0.059 0.656 0.134 
 64 z0043481    (0)    2 :  0.149 0.110 0.572 0.169 
 65 z0043489    (5)    2 :  0.069 0.098 0.588 0.245 
 66 z0043491   (12)    2 :  0.123 0.217 0.348 0.312 
 67 z0043493    (2)    2 :  0.249 0.209 0.277 0.265 
 68 z0043494    (1)    2 :  0.112 0.313 0.453 0.122 
 69 z0043498    (1)    2 :  0.092 0.164 0.637 0.106 
 70 z0043504    (7)    2 :  0.259 0.090 0.338 0.313 
 71 z0043526    (3)    4 :  0.130 0.149 0.320 0.400 
 72 z0043566    (2)    2 :  0.271 0.078 0.524 0.127 
 73 z0043572    (0)    2 :  0.145 0.141 0.576 0.137 
 74 z0043599    (2)    2 :  0.211 0.272 0.397 0.120 
 75 z0043642    (0)    2 :  0.094 0.301 0.488 0.116 
 76 z0043649    (1)    2 :  0.113 0.141 0.632 0.114 
 77 z0043652    (1)    2 :  0.170 0.348 0.198 0.284 
 78 z0043668    (0)    2 :  0.387 0.116 0.364 0.133 
 79 z0043674    (0)    4 :  0.207 0.562 0.069 0.163 
 80 z0043686    (1)    2 :  0.131 0.138 0.489 0.242 
 81 z0043693    (1)    2 :  0.139 0.309 0.423 0.129 
 82 z0043704   (14)    2 :  0.078 0.086 0.728 0.107 
 83 z0043807    (1)    2 :  0.128 0.268 0.422 0.181 
 84 z0043819    (0)    2 :  0.293 0.227 0.211 0.269 
 85 z0043876    (7)    2 :  0.492 0.136 0.280 0.092 
 86 z0043877   (32)    2 :  0.348 0.171 0.359 0.121 
 87 z0043891   (21)    4 :  0.209 0.169 0.328 0.294 
 88 z0043915   (31)    2 :  0.166 0.147 0.290 0.397 
 89 z0043940   (10)    2 :  0.200 0.388 0.093 0.319 
 90 z0043954    (1)    2 :  0.179 0.280 0.274 0.266 
 91 z0043966    (5)    2 :  0.101 0.212 0.550 0.137 
 92 z0043980    (1)    2 :  0.254 0.212 0.383 0.151 
 93 z0044017   (11)    2 :  0.096 0.179 0.525 0.200 
 94 z0044019   (14)    2 :  0.331 0.153 0.402 0.114 
 95 z0044023   (35)    2 :  0.136 0.089 0.690 0.084 
 96 z0044033    (0)    2 :  0.062 0.067 0.823 0.048 
 97 z0044042    (3)    2 :  0.140 0.061 0.680 0.119 
 98 z0044047   (24)    2 :  0.114 0.162 0.589 0.135 
 99 z0044064   (13)    2 :  0.110 0.188 0.507 0.195 
100 z0044432   (14)    2 :  0.258 0.162 0.255 0.325 
101 z0045326    (0)    3 :  0.157 0.565 0.167 0.111 
102 z0045331    (5)    1 :  0.118 0.555 0.174 0.152 
103 z0045332    (1)    1 :  0.111 0.518 0.131 0.239 
104 z0045333    (6)    1 :  0.568 0.172 0.076 0.184 
105 z0045337    (4)    1 :  0.629 0.152 0.091 0.129 
106 z0045342   (12)    1 :  0.255 0.460 0.181 0.104 
107 z0045347    (1)    3 :  0.314 0.140 0.143 0.404 
108 z0045350    (0)    1 :  0.241 0.354 0.131 0.274 
109 z0045370    (0)    1 :  0.154 0.726 0.034 0.085 
110 z0045371    (1)    3 :  0.217 0.343 0.203 0.237 
111 z0045398    (1)    3 :  0.379 0.238 0.042 0.342 
112 z0045399    (1)    3 :  0.185 0.282 0.083 0.451 
113 z0045401   (23)    1 :  0.212 0.495 0.157 0.136 
114 z0045404    (0)    3 :  0.107 0.721 0.078 0.094 
115 z0045405    (4)    3 :  0.136 0.447 0.136 0.281 
116 z0045407    (1)    3 :  0.141 0.253 0.165 0.441 
117 z0045719    (0)    2 :  0.082 0.220 0.472 0.226 
118 z0045720    (1)    2 :  0.263 0.249 0.212 0.276 
119 z0045728    (0)    2 :  0.269 0.090 0.519 0.121 
120 z0045731    (0)    2 :  0.097 0.325 0.330 0.247 
121 z0045733    (0)    2 :  0.262 0.289 0.274 0.175 
122 z0045736    (1)    2 :  0.193 0.292 0.339 0.175 
123 z0045739    (1)    2 :  0.158 0.386 0.228 0.227 
124 z0045740    (1)    2 :  0.132 0.106 0.604 0.158 
125 z0045741    (0)    2 :  0.081 0.262 0.425 0.232 
126 z0045742    (0)    2 :  0.137 0.267 0.523 0.073 
127 z0045776    (0)    3 :  0.291 0.147 0.320 0.242 
128 z0045779    (0)    2 :  0.156 0.083 0.699 0.061 
129 z0045781    (0)    2 :  0.098 0.170 0.536 0.196 
130 z0045788    (5)    2 :  0.083 0.049 0.743 0.124 
131 z0045789    (2)    2 :  0.081 0.123 0.594 0.203 
132 z0045791    (4)    2 :  0.097 0.156 0.550 0.197 
133 z0045792   (22)    1 :  0.382 0.165 0.234 0.219 
134 z0045793    (0)    3 :  0.209 0.524 0.209 0.058 
135 z0047562   (14)    2 :  0.136 0.206 0.514 0.144 
136 z0047854    (1)    2 :  0.177 0.190 0.513 0.119 
137 z0051185    (0)    1 :  0.212 0.531 0.076 0.181 
138 z0051324    (0)    1 :  0.423 0.278 0.104 0.195 
139 z0051327    (3)    3 :  0.209 0.387 0.285 0.120 
140 z0051328    (1)    1 :  0.523 0.129 0.171 0.177 
141 z0051380    (0)    1 :  0.814 0.072 0.033 0.082 
142 z0051400    (0)    3 :  0.312 0.300 0.251 0.137 
143 z0051431   (21)    3 :  0.116 0.448 0.328 0.108 
144 z0051840   (33)    2 :  0.114 0.214 0.458 0.214 
145 z0051844   (27)    2 :  0.125 0.192 0.410 0.273 
146 z0051875   (28)    3 :  0.223 0.512 0.132 0.133 
147 z0051885    (7)    3 :  0.091 0.252 0.480 0.177 
148 z0051888    (0)    2 :  0.140 0.214 0.526 0.120 
149 z0051891    (0)    1 :  0.210 0.339 0.185 0.267 
150 z0051893    (2)    1 :  0.458 0.207 0.160 0.175 
151 z0051895    (0)    3 :  0.308 0.400 0.118 0.173 
152 z0051918    (0)    3 :  0.107 0.094 0.342 0.457 
153 z0051929    (1)    1 :  0.555 0.217 0.120 0.108 
154 z0051939   (11)    3 :  0.102 0.440 0.277 0.181 
155 z0051947    (3)    1 :  0.675 0.119 0.102 0.104 
156 z0051959    (1)    3 :  0.204 0.128 0.216 0.452 
157 z0052846    (0)    4 :  0.190 0.372 0.210 0.228 
158 z0052882    (1)    2 :  0.231 0.217 0.357 0.195 
159 z0053020   (20)    2 :  0.153 0.162 0.421 0.264 
160 z0053024   (12)    2 :  0.227 0.228 0.320 0.226 
161 z0053025    (3)    2 :  0.066 0.108 0.719 0.107 
162 z0053031    (0)    2 :  0.217 0.250 0.232 0.301 
163 z0053032    (0)    2 :  0.304 0.081 0.381 0.233 
164 z0053040    (5)    2 :  0.219 0.205 0.386 0.190 
165 z0053051    (0)    3 :  0.097 0.496 0.087 0.320 
166 z0053054    (5)    3 :  0.224 0.514 0.098 0.165 
167 z0053071    (2)    2 :  0.101 0.129 0.669 0.100 
168 z0053073    (1)    2 :  0.316 0.165 0.205 0.314 
169 z0053078    (0)    3 :  0.057 0.088 0.433 0.422 
170 z0053082    (1)    3 :  0.120 0.331 0.459 0.091 
171 z0053083   (12)    2 :  0.212 0.185 0.405 0.198 
172 z0053090   (10)    3 :  0.150 0.131 0.515 0.203 
173 z0053096    (0)    2 :  0.040 0.077 0.647 0.237 
174 z0053100    (6)    2 :  0.174 0.120 0.572 0.135 
175 z0053101    (0)    2 :  0.163 0.105 0.444 0.289 
176 z0053102    (8)    2 :  0.093 0.203 0.577 0.127 
177 z0053103    (0)    2 :  0.096 0.114 0.717 0.073 
178 z0053111    (2)    3 :  0.241 0.288 0.185 0.286 
179 z0053131    (0)    2 :  0.220 0.221 0.431 0.128 
180 z0053132    (0)    2 :  0.068 0.139 0.342 0.451 
181 z0053133    (0)    2 :  0.115 0.415 0.199 0.272 
182 z0053138    (0)    2 :  0.248 0.268 0.338 0.146 
183 z0053142    (2)    2 :  0.283 0.168 0.322 0.226 
184 z0053149    (0)    2 :  0.178 0.102 0.485 0.235 
185 z0053754    (1)    1 :  0.246 0.126 0.170 0.458 
186 z0053756    (1)    1 :  0.230 0.118 0.094 0.558 
187 z0053758   (17)    1 :  0.171 0.641 0.103 0.084 
188 z0053759    (0)    1 :  0.506 0.183 0.092 0.220 
189 z0053842    (1)    1 :  0.298 0.359 0.162 0.181 
190 z0053843    (6)    1 :  0.183 0.602 0.066 0.148 
191 z0053844    (7)    1 :  0.278 0.380 0.156 0.186 
192 z0053846    (2)    1 :  0.159 0.684 0.067 0.090 
193 z0053847    (0)    1 :  0.631 0.097 0.152 0.120 
194 z0053849    (1)    1 :  0.168 0.311 0.105 0.416 
195 z0055903    (1)    4 :  0.360 0.199 0.156 0.285 
196 z0055910   (34)    4 :  0.271 0.149 0.276 0.304 
197 z0055912    (7)    4 :  0.145 0.171 0.286 0.398 
198 z0055916   (15)    4 :  0.252 0.239 0.232 0.278 
199 z0055931    (2)    4 :  0.137 0.124 0.586 0.153 
200 z0055944    (3)    4 :  0.310 0.279 0.216 0.194 
201 z0055947    (9)    4 :  0.121 0.502 0.201 0.176 
202 z0055962    (6)    4 :  0.164 0.203 0.482 0.151 
203 z0055963   (21)    4 :  0.165 0.149 0.473 0.213 
204 z0055965   (25)    4 :  0.200 0.164 0.086 0.549 
205 z0055970   (15)    4 :  0.327 0.148 0.356 0.169 
206 z0055971    (7)    4 :  0.236 0.195 0.295 0.274 
207 z0055977    (6)    4 :  0.109 0.259 0.421 0.211 
208 z0055986   (19)    4 :  0.356 0.354 0.137 0.152 
209 z0055990    (6)    4 :  0.124 0.184 0.547 0.145 
210 z0055996    (2)    4 :  0.154 0.392 0.366 0.089 
211 z0055997    (3)    4 :  0.302 0.220 0.334 0.143 
212 z0055998    (4)    4 :  0.211 0.200 0.175 0.414 
213 z0055999    (2)    4 :  0.262 0.388 0.136 0.214 
214 z0056011    (7)    4 :  0.230 0.279 0.229 0.262 
215 z0056029    (4)    4 :  0.316 0.164 0.376 0.144 
216 z0056034    (0)    4 :  0.219 0.168 0.428 0.185 
217 z0056056   (25)    3 :  0.394 0.275 0.175 0.156 
218 z0056058    (5)    3 :  0.853 0.073 0.034 0.040 
219 z0056059    (8)    3 :  0.345 0.222 0.239 0.194 
220 z0056062    (1)    3 :  0.351 0.136 0.166 0.346 
221 z0056063    (4)    3 :  0.285 0.347 0.114 0.254 
222 z0056064    (0)    3 :  0.169 0.225 0.138 0.468 
223 z0056065    (0)    3 :  0.303 0.348 0.089 0.260 
224 z0056073    (0)    3 :  0.338 0.416 0.106 0.140 
225 z0056076    (4)    3 :  0.373 0.113 0.201 0.313 
226 z0056079    (9)    3 :  0.373 0.253 0.082 0.292 
227 z0056085    (0)    3 :  0.119 0.483 0.142 0.256 
228 z0056092    (1)    3 :  0.181 0.333 0.084 0.402 
229 z0056095    (1)    3 :  0.232 0.342 0.079 0.346 
230 z0056103    (7)    3 :  0.587 0.132 0.052 0.229 
231 z0056374    (7)    1 :  0.754 0.128 0.046 0.072 
232 z0056375    (0)    1 :  0.262 0.513 0.072 0.152 
233 z0056377    (0)    1 :  0.352 0.242 0.152 0.253 
234 z0056378    (0)    1 :  0.624 0.158 0.119 0.099 
235 z0056382    (0)    1 :  0.102 0.710 0.063 0.125 
236 z0056384    (3)    1 :  0.359 0.126 0.141 0.373 
237 z0056386    (7)    1 :  0.226 0.541 0.069 0.163 
238 z0056389    (0)    1 :  0.081 0.821 0.048 0.050 
239 z0056391    (1)    1 :  0.402 0.512 0.037 0.049 
240 z0056392   (11)    1 :  0.588 0.222 0.072 0.118 
241 z0056393    (8)    1 :  0.316 0.476 0.126 0.083 
242 z0056394    (0)    1 :  0.375 0.433 0.102 0.090 
243 z0056395    (1)    1 :  0.479 0.094 0.167 0.260 
244 z0056397    (0)    1 :  0.209 0.135 0.251 0.404 
245 z0061527    (2)    3 :  0.163 0.135 0.580 0.122 
246 z0061967    (1)    3 :  0.236 0.340 0.192 0.231 
247 z0061969    (0)    3 :  0.183 0.345 0.403 0.069 
248 z0061980    (1)    1 :  0.301 0.263 0.143 0.293 
249 z0066166    (3)    3 :  0.287 0.345 0.259 0.108 
250 z0066792    (2)    1 :  0.066 0.091 0.127 0.716 
251 z0066805    (1)    1 :  0.090 0.080 0.077 0.753 
252 z0068471    (2)    3 :  0.499 0.111 0.126 0.264 
253 z0075696    (6)    5 :  0.042 0.079 0.058 0.821 
254 z0101084    (7)    1 :  0.609 0.189 0.101 0.100 
255 z0107099    (2)    3 :  0.420 0.400 0.048 0.133 
256 z0107101    (0)    1 :  0.642 0.253 0.055 0.050 
257 z0108489    (0)    1 :  0.334 0.146 0.182 0.337 
258 z0108513    (0)    1 :  0.353 0.433 0.116 0.097 
259 z0108528    (0)    3 :  0.350 0.286 0.270 0.094 
260 z0113628    (1)    3 :  0.135 0.286 0.224 0.355 
261 z0133302   (16)    1 :  0.404 0.251 0.148 0.198 
262 z0173485    (1)    1 :  0.169 0.277 0.385 0.168 
263 z0175371    (1)    3 :  0.145 0.171 0.274 0.409 
264 z0175378    (0)    2 :  0.107 0.192 0.639 0.062 
265 z0175912    (0)    1 :  0.652 0.094 0.124 0.131 
266 z0175916    (1)    1 :  0.270 0.150 0.336 0.244 
267 z0175937    (1)    1 :  0.201 0.501 0.082 0.217 
268 z0178348   (12)    1 :  0.610 0.123 0.123 0.144 
269 z0187819    (7)    3 :  0.475 0.227 0.136 0.162 
270 z0187857    (1)    1 :  0.554 0.256 0.127 0.062 
271 z0187860    (0)    1 :  0.369 0.286 0.200 0.144 
272 z0187885    (0)    2 :  0.084 0.153 0.391 0.372 
273 z0187906    (9)    1 :  0.225 0.185 0.190 0.400 
274 z0195655    (0)    2 :  0.106 0.088 0.718 0.089 
275 z0195663    (0)    3 :  0.099 0.193 0.451 0.257 
276 z0195683    (1)    3 :  0.272 0.514 0.099 0.114 
277 z0195688    (0)    2 :  0.149 0.257 0.321 0.274 
278 z0195691    (0)    3 :  0.175 0.329 0.205 0.291 
279 z0195699    (0)    3 :  0.140 0.577 0.164 0.119 
280 z0195701    (7)    3 :  0.293 0.365 0.092 0.250 
281 z0195702    (0)    3 :  0.252 0.186 0.260 0.303 
282 z0195704    (0)    3 :  0.515 0.104 0.240 0.141 
283 z0195705    (0)    3 :  0.130 0.121 0.607 0.142 
284 z0195711    (0)    3 :  0.219 0.204 0.135 0.441 
285 z0195716    (0)    3 :  0.222 0.192 0.148 0.438 
286 z0195718   (12)    3 :  0.364 0.332 0.061 0.243 
287 z0195725    (5)    3 :  0.415 0.130 0.347 0.108 
288 z0195726   (16)    1 :  0.310 0.320 0.098 0.273 
289 z0195728   (14)    3 :  0.152 0.730 0.037 0.081 
290 z0195732   (16)    3 :  0.303 0.439 0.048 0.210 
291 z0195737    (0)    3 :  0.183 0.223 0.431 0.163 
292 z0195740   (26)    3 :  0.226 0.204 0.238 0.332 
293 z0195751    (1)    3 :  0.160 0.665 0.055 0.119 
294 z0195762    (1)    3 :  0.114 0.205 0.069 0.611 
295 z0195784    (0)    3 :  0.331 0.315 0.074 0.280 
296 z0196686    (0)    5 :  0.057 0.032 0.040 0.871 
297 z0196687    (0)    5 :  0.072 0.057 0.123 0.748 
298 z0196689    (0)    5 :  0.061 0.050 0.116 0.773 
299 z0196690    (2)    5 :  0.145 0.101 0.051 0.703 
300 z0196691    (7)    5 :  0.085 0.065 0.039 0.811 
301 z0196692    (1)    5 :  0.102 0.107 0.094 0.697 
302 z0196693    (1)    5 :  0.076 0.129 0.068 0.726 
303 z0196694    (1)    5 :  0.106 0.077 0.066 0.751 
304 z0196710    (0)    3 :  0.244 0.153 0.174 0.429 
305 z0196715   (22)    3 :  0.312 0.503 0.073 0.111 
306 z0196719    (0)    3 :  0.165 0.493 0.172 0.171 
307 z0196724   (20)    3 :  0.200 0.504 0.168 0.127 
308 z0196725    (0)    3 :  0.565 0.161 0.095 0.178 
309 z0196729    (1)    3 :  0.375 0.295 0.114 0.216 
310 z0196730    (3)    1 :  0.747 0.069 0.100 0.083 
311 z0196731    (0)    3 :  0.373 0.357 0.097 0.174 
312 z0196733   (13)    1 :  0.321 0.332 0.127 0.220 
313 z0196734    (1)    3 :  0.150 0.462 0.212 0.176 
314 z0196739   (17)    3 :  0.363 0.212 0.308 0.117 
315 z0196740   (11)    3 :  0.120 0.322 0.086 0.471 
316 z0196746    (1)    1 :  0.563 0.194 0.066 0.178 
317 z0196751    (0)    3 :  0.291 0.325 0.132 0.252 
318 z0196752    (0)    3 :  0.148 0.093 0.051 0.708 
319 z0196754    (0)    3 :  0.130 0.605 0.174 0.092 
320 z0196758    (1)    1 :  0.342 0.224 0.143 0.291 
321 z0196763    (1)    3 :  0.128 0.477 0.152 0.243 
322 z0196764    (0)    3 :  0.210 0.459 0.083 0.248 
323 z0196766    (0)    3 :  0.394 0.253 0.082 0.272 
324 z0196769    (1)    3 :  0.253 0.427 0.056 0.264 
325 z0196774    (0)    3 :  0.299 0.174 0.054 0.472 
326 z0196783    (0)    1 :  0.593 0.278 0.050 0.079 
327 z0196794    (2)    1 :  0.307 0.463 0.056 0.175 
328 z0196804   (14)    1 :  0.338 0.396 0.082 0.184 
329 z0196809    (0)    3 :  0.147 0.476 0.075 0.302 
330 z0196810    (1)    1 :  0.393 0.097 0.101 0.409 
331 z0196811    (0)    1 :  0.206 0.407 0.063 0.323 
332 z0196824    (0)    3 :  0.270 0.161 0.314 0.255 
333 z0196825    (0)    3 :  0.396 0.301 0.174 0.130 
334 z0196828    (1)    2 :  0.292 0.276 0.227 0.205 
335 z0196829    (0)    3 :  0.403 0.274 0.182 0.141 
336 z0196834   (26)    3 :  0.287 0.323 0.241 0.148 
337 z0196835    (0)    3 :  0.526 0.333 0.078 0.063 
338 z0196841   (20)    3 :  0.237 0.277 0.126 0.360 
339 z0196843   (25)    3 :  0.625 0.129 0.136 0.111 
340 z0196849    (0)    3 :  0.158 0.625 0.104 0.112 
341 z0196852    (0)    2 :  0.184 0.249 0.301 0.266 
342 z0196855    (0)    2 :  0.232 0.144 0.351 0.273 
343 z0196856    (0)    3 :  0.127 0.154 0.364 0.355 
344 z0196864    (1)    3 :  0.149 0.202 0.428 0.221 
345 z0196894    (0)    3 :  0.233 0.281 0.075 0.410 
346 z0197662    (2)    1 :  0.366 0.124 0.359 0.151 
347 z0197665    (2)    1 :  0.653 0.162 0.050 0.136 
348 z0197668   (20)    3 :  0.079 0.225 0.112 0.585 
349 z0197669    (0)    3 :  0.108 0.249 0.456 0.187 
350 z0197672    (1)    3 :  0.125 0.519 0.131 0.225 


Estimated Allele Frequencies in each cluster
First column gives estimated ancestral frequencies


Locus 1 : Mnov_gtseq_1 
2 alleles
0.0% missing data
   0   (0.428) 0.432 0.426 0.291 0.471 
   1   (0.572) 0.568 0.574 0.709 0.529 

Locus 2 : Mnov_gtseq_10 
2 alleles
0.3% missing data
   0   (0.805) 0.716 0.739 0.951 0.884 
   1   (0.195) 0.284 0.261 0.049 0.116 

Locus 3 : Mnov_gtseq_102 
2 alleles
0.9% missing data
   0   (0.549) 0.414 0.567 0.745 0.553 
   1   (0.451) 0.586 0.433 0.255 0.447 

Locus 4 : Mnov_gtseq_104 
2 alleles
0.3% missing data
   0   (0.850) 0.771 0.793 0.948 0.944 
   1   (0.150) 0.229 0.207 0.052 0.056 

Locus 5 : Mnov_gtseq_106 
2 alleles
14.9% missing data
   1   (0.753) 0.776 0.810 0.807 0.707 
   0   (0.247) 0.224 0.190 0.193 0.293 

Locus 6 : Mnov_gtseq_107 
2 alleles
37.4% missing data
   1   (0.205) 0.242 0.129 0.455 0.121 
   0   (0.795) 0.758 0.871 0.545 0.879 

Locus 7 : Mnov_gtseq_112 
2 alleles
0.9% missing data
   0   (0.601) 0.626 0.704 0.711 0.418 
   1   (0.399) 0.374 0.296 0.289 0.582 

Locus 8 : Mnov_gtseq_113 
2 alleles
2.0% missing data
   1   (0.722) 0.757 0.803 0.634 0.695 
   0   (0.278) 0.243 0.197 0.366 0.305 

Locus 9 : Mnov_gtseq_114 
3 alleles
4.3% missing data
   0   (0.517) 0.586 0.642 0.299 0.458 
   1   (0.451) 0.405 0.348 0.662 0.531 
   2   (0.031) 0.009 0.010 0.038 0.011 

Locus 10 : Mnov_gtseq_117 
2 alleles
26.9% missing data
   0   (0.624) 0.547 0.572 0.841 0.644 
   1   (0.376) 0.453 0.428 0.159 0.356 

Locus 11 : Mnov_gtseq_12 
2 alleles
0.3% missing data
   0   (0.479) 0.296 0.609 0.251 0.622 
   1   (0.521) 0.704 0.391 0.749 0.378 

Locus 12 : Mnov_gtseq_124 
4 alleles
5.1% missing data
   3   (0.711) 0.647 0.737 0.871 0.789 
   2   (0.228) 0.340 0.220 0.108 0.182 
   1   (0.034) 0.005 0.030 0.018 0.011 
   0   (0.028) 0.008 0.014 0.003 0.018 

Locus 13 : Mnov_gtseq_125 
3 alleles
1.7% missing data
   1   (0.225) 0.096 0.230 0.388 0.200 
   2   (0.696) 0.871 0.742 0.238 0.751 
   0   (0.079) 0.033 0.029 0.375 0.049 

Locus 14 : Mnov_gtseq_126 
2 alleles
0.0% missing data
   0   (0.345) 0.296 0.214 0.302 0.563 
   1   (0.655) 0.704 0.786 0.698 0.437 

Locus 15 : Mnov_gtseq_127 
2 alleles
6.9% missing data
   0   (0.632) 0.644 0.709 0.418 0.664 
   1   (0.368) 0.356 0.291 0.582 0.336 

Locus 16 : Mnov_gtseq_128 
2 alleles
30.9% missing data
   0   (0.697) 0.785 0.723 0.651 0.653 
   1   (0.303) 0.215 0.277 0.349 0.347 

Locus 17 : Mnov_gtseq_129 
3 alleles
2.0% missing data
   0   (0.491) 0.569 0.513 0.605 0.358 
   1   (0.323) 0.304 0.368 0.304 0.254 
   2   (0.186) 0.127 0.120 0.091 0.388 

Locus 18 : Mnov_gtseq_13 
3 alleles
0.0% missing data
   1   (0.413) 0.485 0.553 0.378 0.250 
   2   (0.174) 0.133 0.092 0.135 0.296 
   0   (0.412) 0.381 0.355 0.487 0.453 

Locus 19 : Mnov_gtseq_130 
2 alleles
28.6% missing data
   1   (0.507) 0.490 0.482 0.491 0.567 
   0   (0.493) 0.510 0.518 0.509 0.433 

Locus 20 : Mnov_gtseq_135 
2 alleles
0.6% missing data
   0   (0.454) 0.377 0.498 0.531 0.423 
   1   (0.546) 0.623 0.502 0.469 0.577 

Locus 21 : Mnov_gtseq_138 
3 alleles
0.6% missing data
   0   (0.254) 0.312 0.246 0.286 0.169 
   1   (0.519) 0.452 0.513 0.626 0.584 
   2   (0.227) 0.236 0.241 0.089 0.246 

Locus 22 : Mnov_gtseq_140 
2 alleles
1.1% missing data
   0   (0.440) 0.295 0.569 0.604 0.332 
   1   (0.560) 0.705 0.431 0.396 0.668 

Locus 23 : Mnov_gtseq_141 
2 alleles
0.3% missing data
   0   (0.561) 0.715 0.509 0.520 0.499 
   1   (0.439) 0.285 0.491 0.480 0.501 

Locus 24 : Mnov_gtseq_143 
2 alleles
2.6% missing data
   1   (0.555) 0.668 0.614 0.490 0.420 
   0   (0.445) 0.332 0.386 0.510 0.580 

Locus 25 : Mnov_gtseq_145 
2 alleles
2.0% missing data
   0   (0.460) 0.574 0.458 0.470 0.354 
   1   (0.540) 0.426 0.542 0.530 0.646 

Locus 26 : Mnov_gtseq_147 
3 alleles
25.4% missing data
   0   (0.777) 0.853 0.846 0.514 0.807 
   2   (0.143) 0.119 0.124 0.094 0.118 
   1   (0.080) 0.027 0.029 0.392 0.075 

Locus 27 : Mnov_gtseq_148 
3 alleles
9.1% missing data
   0   (0.301) 0.222 0.301 0.129 0.474 
   1   (0.424) 0.501 0.328 0.634 0.371 
   2   (0.275) 0.277 0.372 0.237 0.155 

Locus 28 : Mnov_gtseq_149 
2 alleles
0.3% missing data
   0   (0.603) 0.662 0.612 0.537 0.599 
   1   (0.397) 0.338 0.388 0.463 0.401 

Locus 29 : Mnov_gtseq_15 
2 alleles
0.0% missing data
   0   (0.487) 0.358 0.625 0.410 0.472 
   1   (0.513) 0.642 0.375 0.590 0.528 

Locus 30 : Mnov_gtseq_152 
2 alleles
0.9% missing data
   0   (0.330) 0.299 0.319 0.410 0.282 
   1   (0.670) 0.701 0.681 0.590 0.718 

Locus 31 : Mnov_gtseq_154 
3 alleles
3.4% missing data
   0   (0.357) 0.453 0.375 0.153 0.386 
   2   (0.219) 0.171 0.181 0.268 0.225 
   1   (0.424) 0.377 0.445 0.579 0.389 

Locus 32 : Mnov_gtseq_157 
2 alleles
0.6% missing data
   1   (0.546) 0.513 0.564 0.658 0.511 
   0   (0.454) 0.487 0.436 0.342 0.489 

Locus 33 : Mnov_gtseq_158 
2 alleles
0.6% missing data
   0   (0.427) 0.630 0.511 0.079 0.407 
   1   (0.573) 0.370 0.489 0.921 0.593 

Locus 34 : Mnov_gtseq_159 
3 alleles
24.0% missing data
   0   (0.601) 0.672 0.704 0.384 0.597 
   1   (0.192) 0.207 0.106 0.404 0.164 
   2   (0.206) 0.121 0.190 0.212 0.239 

Locus 35 : Mnov_gtseq_16 
2 alleles
0.0% missing data
   0   (0.645) 0.560 0.745 0.581 0.665 
   1   (0.355) 0.440 0.255 0.419 0.335 

Locus 36 : Mnov_gtseq_160 
2 alleles
2.3% missing data
   0   (0.496) 0.536 0.525 0.401 0.470 
   1   (0.504) 0.464 0.475 0.599 0.530 

Locus 37 : Mnov_gtseq_161 
2 alleles
1.7% missing data
   1   (0.750) 0.784 0.765 0.828 0.730 
   0   (0.250) 0.216 0.235 0.172 0.270 

Locus 38 : Mnov_gtseq_167 
3 alleles
1.1% missing data
   2   (0.734) 0.602 0.786 0.794 0.844 
   0   (0.195) 0.371 0.144 0.121 0.124 
   1   (0.071) 0.027 0.069 0.085 0.032 

Locus 39 : Mnov_gtseq_17 
2 alleles
0.3% missing data
   0   (0.525) 0.542 0.522 0.458 0.564 
   1   (0.475) 0.458 0.478 0.542 0.436 

Locus 40 : Mnov_gtseq_170 
2 alleles
0.0% missing data
   0   (0.314) 0.267 0.349 0.242 0.292 
   1   (0.686) 0.733 0.651 0.758 0.708 

Locus 41 : Mnov_gtseq_171 
3 alleles
41.4% missing data
   2   (0.593) 0.592 0.565 0.622 0.689 
   0   (0.314) 0.318 0.398 0.266 0.228 
   1   (0.092) 0.090 0.037 0.112 0.083 

Locus 42 : Mnov_gtseq_173 
4 alleles
21.4% missing data
   3   (0.412) 0.255 0.300 0.593 0.617 
   1   (0.519) 0.730 0.675 0.257 0.339 
   2   (0.054) 0.013 0.020 0.148 0.041 
   0   (0.015) 0.002 0.005 0.001 0.003 

Locus 43 : Mnov_gtseq_174 
2 alleles
2.6% missing data
   0   (0.275) 0.308 0.160 0.460 0.258 
   1   (0.725) 0.692 0.840 0.540 0.742 

Locus 44 : Mnov_gtseq_180 
3 alleles
14.3% missing data
   1   (0.614) 0.593 0.692 0.912 0.384 
   2   (0.296) 0.313 0.219 0.077 0.540 
   0   (0.091) 0.095 0.089 0.011 0.075 

Locus 45 : Mnov_gtseq_182 
2 alleles
8.6% missing data
   0   (0.816) 0.799 0.749 0.843 0.923 
   1   (0.184) 0.201 0.251 0.157 0.077 

Locus 46 : Mnov_gtseq_186 
3 alleles
28.0% missing data
   1   (0.475) 0.454 0.506 0.497 0.471 
   2   (0.090) 0.082 0.067 0.018 0.111 
   0   (0.435) 0.465 0.427 0.485 0.418 

Locus 47 : Mnov_gtseq_187 
2 alleles
7.1% missing data
   1   (0.578) 0.453 0.647 0.730 0.554 
   0   (0.422) 0.547 0.353 0.270 0.446 

Locus 48 : Mnov_gtseq_188 
2 alleles
13.4% missing data
   0   (0.561) 0.441 0.468 0.639 0.736 
   1   (0.439) 0.559 0.532 0.361 0.264 

Locus 49 : Mnov_gtseq_189 
2 alleles
3.7% missing data
   0   (0.442) 0.606 0.463 0.475 0.259 
   1   (0.558) 0.394 0.537 0.525 0.741 

Locus 50 : Mnov_gtseq_19 
3 alleles
0.0% missing data
   1   (0.848) 0.878 0.922 0.770 0.837 
   2   (0.090) 0.107 0.067 0.044 0.041 
   0   (0.062) 0.015 0.011 0.186 0.122 

Locus 51 : Mnov_gtseq_190 
2 alleles
0.0% missing data
   1   (0.419) 0.455 0.420 0.351 0.394 
   0   (0.581) 0.545 0.580 0.649 0.606 

Locus 52 : Mnov_gtseq_192 
2 alleles
20.9% missing data
   0   (0.811) 0.865 0.770 0.825 0.872 
   1   (0.189) 0.135 0.230 0.175 0.128 

Locus 53 : Mnov_gtseq_193 
2 alleles
0.0% missing data
   0   (0.708) 0.706 0.799 0.789 0.598 
   1   (0.292) 0.294 0.201 0.211 0.402 

Locus 54 : Mnov_gtseq_195 
3 alleles
0.0% missing data
   1   (0.538) 0.440 0.521 0.567 0.670 
   2   (0.432) 0.551 0.468 0.430 0.307 
   0   (0.030) 0.010 0.011 0.003 0.023 

Locus 55 : Mnov_gtseq_196 
2 alleles
0.3% missing data
   0   (0.341) 0.356 0.342 0.113 0.450 
   1   (0.659) 0.644 0.658 0.887 0.550 

Locus 56 : Mnov_gtseq_197 
3 alleles
0.3% missing data
   1   (0.389) 0.438 0.357 0.304 0.391 
   0   (0.428) 0.433 0.515 0.609 0.272 
   2   (0.183) 0.129 0.129 0.087 0.338 

Locus 57 : Mnov_gtseq_2 
3 alleles
0.3% missing data
   0   (0.182) 0.116 0.164 0.280 0.159 
   2   (0.777) 0.876 0.821 0.715 0.729 
   1   (0.041) 0.009 0.015 0.004 0.112 

Locus 58 : Mnov_gtseq_200 
2 alleles
2.3% missing data
   0   (0.398) 0.405 0.350 0.662 0.298 
   1   (0.602) 0.595 0.650 0.338 0.702 

Locus 59 : Mnov_gtseq_201 
4 alleles
0.0% missing data
   0   (0.578) 0.500 0.522 0.614 0.730 
   2   (0.151) 0.143 0.153 0.204 0.070 
   3   (0.149) 0.061 0.234 0.162 0.099 
   1   (0.122) 0.296 0.090 0.020 0.101 

Locus 60 : Mnov_gtseq_202 
2 alleles
0.0% missing data
   0   (0.422) 0.449 0.430 0.543 0.311 
   1   (0.578) 0.551 0.570 0.457 0.689 

Locus 61 : Mnov_gtseq_204 
2 alleles
3.4% missing data
   0   (0.448) 0.442 0.409 0.548 0.439 
   1   (0.552) 0.558 0.591 0.452 0.561 

Locus 62 : Mnov_gtseq_205 
5 alleles
0.0% missing data
   0   (0.218) 0.095 0.351 0.211 0.197 
   4   (0.036) 0.010 0.009 0.140 0.012 
   3   (0.662) 0.854 0.606 0.583 0.735 
   1   (0.063) 0.032 0.027 0.065 0.052 
   2   (0.021) 0.009 0.007 0.001 0.005 

Locus 63 : Mnov_gtseq_208 
2 alleles
0.0% missing data
   0   (0.648) 0.807 0.659 0.384 0.636 
   1   (0.352) 0.193 0.341 0.616 0.364 

Locus 64 : Mnov_gtseq_209 
3 alleles
0.0% missing data
   0   (0.450) 0.373 0.561 0.578 0.325 
   2   (0.506) 0.615 0.430 0.291 0.647 
   1   (0.043) 0.011 0.009 0.131 0.028 

Locus 65 : Mnov_gtseq_21 
2 alleles
0.0% missing data
   1   (0.538) 0.681 0.489 0.338 0.575 
   0   (0.462) 0.319 0.511 0.662 0.425 

Locus 66 : Mnov_gtseq_210 
2 alleles
4.6% missing data
   0   (0.401) 0.403 0.551 0.217 0.314 
   1   (0.599) 0.597 0.449 0.783 0.686 

Locus 67 : Mnov_gtseq_211 
2 alleles
1.1% missing data
   0   (0.421) 0.474 0.442 0.290 0.389 
   1   (0.579) 0.526 0.558 0.710 0.611 

Locus 68 : Mnov_gtseq_213 
2 alleles
5.4% missing data
   0   (0.517) 0.547 0.576 0.373 0.495 
   1   (0.483) 0.453 0.424 0.627 0.505 

Locus 69 : Mnov_gtseq_214 
2 alleles
5.1% missing data
   0   (0.528) 0.570 0.501 0.778 0.380 
   1   (0.472) 0.430 0.499 0.222 0.620 

Locus 70 : Mnov_gtseq_215 
2 alleles
0.0% missing data
   0   (0.438) 0.469 0.413 0.586 0.347 
   1   (0.562) 0.531 0.587 0.414 0.653 

Locus 71 : Mnov_gtseq_216 
3 alleles
0.0% missing data
   2   (0.512) 0.450 0.448 0.707 0.570 
   1   (0.464) 0.546 0.548 0.288 0.397 
   0   (0.024) 0.004 0.004 0.005 0.033 

Locus 72 : Mnov_gtseq_217 
2 alleles
23.7% missing data
   0   (0.314) 0.222 0.465 0.192 0.263 
   1   (0.686) 0.778 0.535 0.808 0.737 

Locus 73 : Mnov_gtseq_218 
2 alleles
0.6% missing data
   0   (0.593) 0.539 0.431 0.815 0.706 
   1   (0.407) 0.461 0.569 0.185 0.294 

Locus 74 : Mnov_gtseq_22 
4 alleles
3.4% missing data
   2   (0.492) 0.567 0.441 0.748 0.451 
   0   (0.226) 0.164 0.301 0.143 0.218 
   1   (0.212) 0.240 0.195 0.099 0.232 
   3   (0.070) 0.030 0.062 0.010 0.099 

Locus 75 : Mnov_gtseq_220 
3 alleles
0.0% missing data
   0   (0.511) 0.509 0.421 0.662 0.579 
   1   (0.439) 0.472 0.565 0.315 0.332 
   2   (0.050) 0.019 0.014 0.024 0.089 

Locus 76 : Mnov_gtseq_223 
2 alleles
2.6% missing data
   0   (0.656) 0.658 0.738 0.609 0.622 
   1   (0.344) 0.342 0.262 0.391 0.378 

Locus 77 : Mnov_gtseq_224 
3 alleles
0.6% missing data
   0   (0.231) 0.263 0.137 0.278 0.247 
   1   (0.716) 0.676 0.831 0.714 0.724 
   2   (0.053) 0.060 0.032 0.008 0.029 

Locus 78 : Mnov_gtseq_225 
2 alleles
0.0% missing data
   0   (0.517) 0.608 0.597 0.498 0.360 
   1   (0.483) 0.392 0.403 0.502 0.640 

Locus 79 : Mnov_gtseq_227 
2 alleles
0.3% missing data
   0   (0.521) 0.498 0.404 0.642 0.622 
   1   (0.479) 0.502 0.596 0.358 0.378 

Locus 80 : Mnov_gtseq_229 
2 alleles
0.9% missing data
   1   (0.537) 0.627 0.423 0.611 0.568 
   0   (0.463) 0.373 0.577 0.389 0.432 

Locus 81 : Mnov_gtseq_232 
2 alleles
0.0% missing data
   0   (0.469) 0.468 0.434 0.689 0.395 
   1   (0.531) 0.532 0.566 0.311 0.605 

Locus 82 : Mnov_gtseq_234 
2 alleles
9.1% missing data
   0   (0.738) 0.592 0.806 0.846 0.767 
   1   (0.262) 0.408 0.194 0.154 0.233 

Locus 83 : Mnov_gtseq_235 
2 alleles
0.0% missing data
   0   (0.783) 0.755 0.706 0.881 0.887 
   1   (0.217) 0.245 0.294 0.119 0.113 

Locus 84 : Mnov_gtseq_238 
2 alleles
0.0% missing data
   0   (0.610) 0.604 0.564 0.782 0.606 
   1   (0.390) 0.396 0.436 0.218 0.394 

Locus 85 : Mnov_gtseq_239 
2 alleles
0.0% missing data
   0   (0.713) 0.807 0.660 0.782 0.704 
   1   (0.287) 0.193 0.340 0.218 0.296 

Locus 86 : Mnov_gtseq_241 
2 alleles
0.0% missing data
   0   (0.839) 0.871 0.831 0.833 0.905 
   1   (0.161) 0.129 0.169 0.167 0.095 

Locus 87 : Mnov_gtseq_243 
2 alleles
0.0% missing data
   0   (0.589) 0.442 0.626 0.606 0.680 
   1   (0.411) 0.558 0.374 0.394 0.320 

Locus 88 : Mnov_gtseq_244 
2 alleles
0.0% missing data
   0   (0.336) 0.247 0.438 0.439 0.230 
   1   (0.664) 0.753 0.562 0.561 0.770 

Locus 89 : Mnov_gtseq_245 
2 alleles
20.0% missing data
   1   (0.503) 0.618 0.449 0.662 0.381 
   0   (0.497) 0.382 0.551 0.338 0.619 

Locus 90 : Mnov_gtseq_246 
2 alleles
0.3% missing data
   0   (0.442) 0.593 0.487 0.526 0.218 
   1   (0.558) 0.407 0.513 0.474 0.782 

Locus 91 : Mnov_gtseq_247 
2 alleles
3.1% missing data
   0   (0.297) 0.220 0.243 0.177 0.467 
   1   (0.703) 0.780 0.757 0.823 0.533 

Locus 92 : Mnov_gtseq_248 
2 alleles
0.3% missing data
   0   (0.222) 0.097 0.197 0.429 0.242 
   1   (0.778) 0.903 0.803 0.571 0.758 

Locus 93 : Mnov_gtseq_25 
2 alleles
0.3% missing data
   0   (0.453) 0.516 0.471 0.620 0.297 
   1   (0.547) 0.484 0.529 0.380 0.703 

Locus 94 : Mnov_gtseq_250 
2 alleles
3.4% missing data
   0   (0.779) 0.664 0.838 0.730 0.859 
   1   (0.221) 0.336 0.162 0.270 0.141 

Locus 95 : Mnov_gtseq_251 
2 alleles
2.0% missing data
   1   (0.210) 0.153 0.222 0.215 0.172 
   0   (0.790) 0.847 0.778 0.785 0.828 

Locus 96 : Mnov_gtseq_253 
2 alleles
16.3% missing data
   0   (0.470) 0.352 0.441 0.516 0.578 
   1   (0.530) 0.648 0.559 0.484 0.422 

Locus 97 : Mnov_gtseq_254 
2 alleles
0.0% missing data
   1   (0.920) 0.972 0.841 0.989 0.937 
   0   (0.080) 0.028 0.159 0.011 0.063 

Locus 98 : Mnov_gtseq_255 
3 alleles
0.0% missing data
   0   (0.339) 0.513 0.224 0.445 0.274 
   2   (0.384) 0.281 0.456 0.467 0.316 
   1   (0.277) 0.206 0.320 0.088 0.410 

Locus 99 : Mnov_gtseq_257 
2 alleles
0.0% missing data
   0   (0.631) 0.690 0.755 0.474 0.520 
   1   (0.369) 0.310 0.245 0.526 0.480 

Locus 100 : Mnov_gtseq_258 
2 alleles
0.0% missing data
   0   (0.522) 0.454 0.401 0.623 0.673 
   1   (0.478) 0.546 0.599 0.377 0.327 

Locus 101 : Mnov_gtseq_26 
2 alleles
0.0% missing data
   1   (0.894) 0.928 0.916 0.966 0.879 
   0   (0.106) 0.072 0.084 0.034 0.121 

Locus 102 : Mnov_gtseq_260 
2 alleles
0.6% missing data
   0   (0.756) 0.832 0.787 0.774 0.709 
   1   (0.244) 0.168 0.213 0.226 0.291 

Locus 103 : Mnov_gtseq_261 
3 alleles
0.3% missing data
   0   (0.473) 0.520 0.445 0.563 0.442 
   1   (0.283) 0.305 0.212 0.247 0.356 
   2   (0.244) 0.175 0.343 0.190 0.202 

Locus 104 : Mnov_gtseq_262 
3 alleles
3.1% missing data
   0   (0.400) 0.421 0.307 0.544 0.457 
   1   (0.442) 0.380 0.571 0.352 0.427 
   2   (0.158) 0.200 0.122 0.105 0.116 

Locus 105 : Mnov_gtseq_263 
2 alleles
0.0% missing data
   1   (0.817) 0.762 0.836 0.910 0.865 
   0   (0.183) 0.238 0.164 0.090 0.135 

Locus 106 : Mnov_gtseq_265 
2 alleles
0.0% missing data
   0   (0.442) 0.369 0.437 0.600 0.417 
   1   (0.558) 0.631 0.563 0.400 0.583 

Locus 107 : Mnov_gtseq_268 
2 alleles
0.0% missing data
   0   (0.563) 0.456 0.465 0.725 0.688 
   1   (0.437) 0.544 0.535 0.275 0.312 

Locus 108 : Mnov_gtseq_269 
2 alleles
1.1% missing data
   1   (0.485) 0.498 0.516 0.446 0.448 
   0   (0.515) 0.502 0.484 0.554 0.552 

Locus 109 : Mnov_gtseq_270 
2 alleles
11.1% missing data
   1   (0.773) 0.817 0.759 0.815 0.800 
   0   (0.227) 0.183 0.241 0.185 0.200 

Locus 110 : Mnov_gtseq_271 
3 alleles
9.7% missing data
   1   (0.584) 0.647 0.571 0.578 0.615 
   2   (0.365) 0.336 0.405 0.407 0.313 
   0   (0.051) 0.018 0.024 0.015 0.072 

Locus 111 : Mnov_gtseq_273 
2 alleles
1.4% missing data
   1   (0.532) 0.508 0.588 0.605 0.456 
   0   (0.468) 0.492 0.412 0.395 0.544 

Locus 112 : Mnov_gtseq_274 
2 alleles
0.0% missing data
   1   (0.500) 0.402 0.574 0.410 0.549 
   0   (0.500) 0.598 0.426 0.590 0.451 

Locus 113 : Mnov_gtseq_275 
3 alleles
13.4% missing data
   2   (0.741) 0.777 0.716 0.742 0.837 
   1   (0.228) 0.215 0.266 0.252 0.142 
   0   (0.031) 0.008 0.018 0.006 0.021 

Locus 114 : Mnov_gtseq_277 
2 alleles
0.0% missing data
   0   (0.802) 0.807 0.853 0.887 0.771 
   1   (0.198) 0.193 0.147 0.113 0.229 

Locus 115 : Mnov_gtseq_278 
2 alleles
1.1% missing data
   0   (0.888) 0.782 0.905 0.978 0.934 
   1   (0.112) 0.218 0.095 0.022 0.066 

Locus 116 : Mnov_gtseq_28 
2 alleles
0.3% missing data
   0   (0.774) 0.848 0.753 0.777 0.803 
   1   (0.226) 0.152 0.247 0.223 0.197 

Locus 117 : Mnov_gtseq_281 
3 alleles
1.7% missing data
   2   (0.850) 0.911 0.881 0.839 0.870 
   0   (0.120) 0.041 0.110 0.158 0.119 
   1   (0.030) 0.048 0.009 0.003 0.011 

Locus 118 : Mnov_gtseq_283 
2 alleles
20.6% missing data
   0   (0.753) 0.774 0.766 0.815 0.763 
   1   (0.247) 0.226 0.234 0.185 0.237 

Locus 119 : Mnov_gtseq_284 
2 alleles
0.0% missing data
   1   (0.648) 0.646 0.716 0.598 0.635 
   0   (0.352) 0.354 0.284 0.402 0.365 

Locus 120 : Mnov_gtseq_285 
3 alleles
0.0% missing data
   2   (0.560) 0.528 0.559 0.485 0.697 
   0   (0.217) 0.245 0.254 0.147 0.144 
   1   (0.223) 0.228 0.187 0.368 0.159 

Locus 121 : Mnov_gtseq_287 
2 alleles
0.0% missing data
   0   (0.781) 0.838 0.790 0.643 0.851 
   1   (0.219) 0.162 0.210 0.357 0.149 

Locus 122 : Mnov_gtseq_288 
3 alleles
15.7% missing data
   0   (0.570) 0.605 0.472 0.699 0.636 
   2   (0.395) 0.338 0.511 0.298 0.354 
   1   (0.034) 0.057 0.018 0.003 0.010 

Locus 123 : Mnov_gtseq_289 
4 alleles
0.0% missing data
   0   (0.442) 0.419 0.489 0.446 0.467 
   1   (0.387) 0.421 0.341 0.513 0.384 
   2   (0.139) 0.152 0.147 0.034 0.135 
   3   (0.032) 0.008 0.023 0.007 0.014 

Locus 124 : Mnov_gtseq_291 
4 alleles
0.6% missing data
   3   (0.694) 0.733 0.732 0.565 0.773 
   1   (0.142) 0.149 0.184 0.037 0.103 
   2   (0.039) 0.020 0.028 0.004 0.024 
   0   (0.125) 0.098 0.056 0.393 0.100 

Locus 125 : Mnov_gtseq_298 
2 alleles
35.7% missing data
   1   (0.608) 0.503 0.693 0.830 0.485 
   0   (0.392) 0.497 0.307 0.170 0.515 

Locus 126 : Mnov_gtseq_299 
2 alleles
0.9% missing data
   1   (0.569) 0.494 0.615 0.511 0.634 
   0   (0.431) 0.506 0.385 0.489 0.366 

Locus 127 : Mnov_gtseq_30 
2 alleles
16.9% missing data
   0   (0.942) 0.916 0.938 0.993 0.981 
   1   (0.058) 0.084 0.062 0.007 0.019 

Locus 128 : Mnov_gtseq_300 
2 alleles
4.6% missing data
   0   (0.587) 0.615 0.597 0.626 0.555 
