

----------------------------------------------------
STRUCTURE by Pritchard, Stephens and Donnelly (2000)
     and Falush, Stephens and Pritchard (2003)
       Code by Pritchard, Falush and Hubisz
             Version 2.3.4 (Jul 2012)
----------------------------------------------------



Command line arguments:   structure -m wint.area.structureRun/wint.area.structureRun.k5.r2_mainparams -e wint.area.structureRun/wint.area.structureRun.k5.r2_extraparams -i wint.area.structureRun/wint.area.structureRun.k5.r2_data -o wint.area.structureRun/wint.area.structureRun.k5.r2_out 
Input File:    wint.area.structureRun/wint.area.structureRun.k5.r2_data

Run parameters:
   357 individuals
   328 loci
   5 populations assumed
   1000 Burn-in period
   10000 Reps


--------------------------------------------
Proportion of membership of each pre-defined
 population in each of the 5 clusters

Given    Inferred Clusters                     Number of
 Pop       1      2      3      4      5      Individuals

  1:     0.100  0.249  0.191  0.155  0.306       80
  2:     0.372  0.157  0.173  0.171  0.128      126
  3:     0.155  0.217  0.242  0.165  0.221      115
  4:     0.243  0.187  0.237  0.178  0.155       27
  5:     0.060  0.077  0.079  0.695  0.089        9
--------------------------------------------

Allele-freq. divergence among pops (Net nucleotide distance),
computed using point estimates of P.

      1       2       3       4       5      
 1      -    0.0421  0.0407  0.0465  0.0534  
 2   0.0421     -    0.0136  0.0266  0.0215  
 3   0.0407  0.0136     -    0.0266  0.0258  
 4   0.0465  0.0266  0.0266     -    0.0364  
 5   0.0534  0.0215  0.0258  0.0364     -    

Average distances (expected heterozygosity) between individuals in same cluster:
cluster  1  : 0.3826 
cluster  2  : 0.4107 
cluster  3  : 0.4065 
cluster  4  : 0.3903 
cluster  5  : 0.4075 

--------------------------------------------
Estimated Ln Prob of Data   = -139488.4
Mean value of ln likelihood = -133064.5
Variance of ln likelihood   = 12847.7
Mean value of alpha         = 1.0000

Mean value of Fst_1         = 0.1777
Mean value of Fst_2         = 0.0829
Mean value of Fst_3         = 0.0881
Mean value of Fst_4         = 0.1272
Mean value of Fst_5         = 0.1140


Inferred ancestry of individuals:
        Label (%Miss) Pop:  Inferred clusters
  1   207778    (2)    2 :  0.364 0.111 0.285 0.111 0.129 
  2 z0005757    (7)    3 :  0.178 0.126 0.240 0.265 0.191 
  3 z0005758    (0)    3 :  0.050 0.487 0.126 0.130 0.206 
  4 z0011944    (0)    1 :  0.084 0.053 0.048 0.757 0.057 
  5 z0012702   (10)    4 :  0.591 0.060 0.064 0.219 0.065 
  6 z0016577    (2)    3 :  0.219 0.207 0.360 0.103 0.111 
  7 z0016578   (21)    1 :  0.055 0.198 0.271 0.194 0.282 
  8 z0016579    (1)    3 :  0.113 0.315 0.234 0.234 0.104 
  9 z0018264    (0)    1 :  0.104 0.074 0.050 0.697 0.076 
 10 z0029828    (2)    3 :  0.158 0.117 0.231 0.069 0.426 
 11 z0029829   (14)    1 :  0.106 0.115 0.209 0.077 0.493 
 12 z0029846   (14)    1 :  0.086 0.305 0.326 0.181 0.102 
 13 z0029860    (1)    3 :  0.088 0.205 0.265 0.062 0.380 
 14 z0029863    (2)    1 :  0.088 0.254 0.298 0.292 0.069 
 15 z0029864    (8)    1 :  0.084 0.226 0.241 0.229 0.220 
 16 z0029865   (13)    3 :  0.060 0.269 0.460 0.077 0.134 
 17 z0037607    (2)    3 :  0.148 0.292 0.259 0.214 0.087 
 18 z0037609   (25)    3 :  0.102 0.275 0.339 0.168 0.116 
 19 z0037624   (21)    1 :  0.118 0.536 0.123 0.079 0.143 
 20 z0038417    (8)    2 :  0.526 0.119 0.104 0.182 0.069 
 21 z0040275    (9)    2 :  0.376 0.144 0.163 0.256 0.061 
 22 z0040287    (3)    2 :  0.254 0.118 0.212 0.256 0.161 
 23 z0040308    (1)    2 :  0.421 0.170 0.272 0.060 0.077 
 24 z0040333    (1)    2 :  0.371 0.214 0.096 0.136 0.184 
 25 z0040334    (1)    2 :  0.648 0.068 0.067 0.153 0.065 
 26 z0040337    (6)    2 :  0.257 0.329 0.124 0.167 0.123 
 27 z0040345    (1)    2 :  0.482 0.149 0.120 0.206 0.043 
 28 z0040357    (5)    2 :  0.447 0.273 0.103 0.109 0.068 
 29 z0040363   (20)    2 :  0.388 0.218 0.094 0.117 0.184 
 30 z0040364    (0)    2 :  0.521 0.082 0.184 0.100 0.113 
 31 z0040387    (1)    2 :  0.506 0.150 0.120 0.098 0.126 
 32 z0040403   (15)    2 :  0.359 0.167 0.244 0.122 0.107 
 33 z0040413   (43)    2 :  0.295 0.103 0.342 0.165 0.095 
 34 z0040439    (0)    2 :  0.612 0.084 0.109 0.133 0.062 
 35 z0040465   (20)    2 :  0.241 0.149 0.375 0.105 0.130 
 36 z0040513   (17)    3 :  0.241 0.098 0.188 0.152 0.321 
 37 z0040961   (12)    2 :  0.312 0.070 0.152 0.354 0.112 
 38 z0040985   (16)    2 :  0.270 0.200 0.310 0.166 0.055 
 39 z0041026    (0)    2 :  0.536 0.081 0.088 0.115 0.181 
 40 z0041051   (28)    2 :  0.337 0.135 0.141 0.315 0.072 
 41 z0041115    (7)    2 :  0.461 0.117 0.101 0.147 0.174 
 42 z0041153   (23)    2 :  0.247 0.197 0.177 0.279 0.101 
 43 z0041233    (4)    2 :  0.259 0.211 0.249 0.145 0.136 
 44 z0041243    (1)    2 :  0.289 0.204 0.225 0.194 0.088 
 45 z0041248    (6)    2 :  0.468 0.222 0.068 0.132 0.111 
 46 z0041250    (1)    2 :  0.474 0.130 0.188 0.157 0.052 
 47 z0041274    (2)    2 :  0.328 0.054 0.275 0.240 0.103 
 48 z0041465   (15)    2 :  0.456 0.102 0.217 0.053 0.173 
 49 z0041472    (2)    2 :  0.449 0.109 0.138 0.088 0.217 
 50 z0041480   (10)    2 :  0.257 0.318 0.153 0.110 0.161 
 51 z0041483    (0)    2 :  0.519 0.122 0.100 0.180 0.078 
 52 z0041494   (12)    2 :  0.408 0.129 0.137 0.230 0.096 
 53 z0041498    (1)    2 :  0.364 0.211 0.094 0.177 0.154 
 54 z0041501    (1)    2 :  0.571 0.079 0.194 0.107 0.050 
 55 z0041507    (7)    2 :  0.468 0.125 0.146 0.155 0.106 
 56 z0041512    (0)    2 :  0.550 0.101 0.127 0.084 0.137 
 57 z0041522   (17)    2 :  0.407 0.213 0.102 0.130 0.149 
 58 z0041526    (1)    3 :  0.423 0.217 0.185 0.076 0.098 
 59 z0041527   (16)    2 :  0.392 0.093 0.263 0.111 0.140 
 60 z0043243    (2)    2 :  0.087 0.314 0.118 0.302 0.178 
 61 z0043278    (2)    2 :  0.555 0.101 0.054 0.205 0.084 
 62 z0043475   (17)    3 :  0.293 0.189 0.173 0.146 0.198 
 63 z0043477    (0)    2 :  0.311 0.348 0.117 0.163 0.061 
 64 z0043478    (2)    2 :  0.675 0.104 0.059 0.061 0.100 
 65 z0043481    (0)    2 :  0.436 0.262 0.086 0.132 0.084 
 66 z0043489    (7)    2 :  0.547 0.104 0.119 0.178 0.052 
 67 z0043491   (13)    2 :  0.344 0.187 0.165 0.217 0.086 
 68 z0043493    (3)    2 :  0.240 0.137 0.381 0.194 0.048 
 69 z0043494    (2)    2 :  0.243 0.094 0.298 0.244 0.121 
 70 z0043498    (2)    2 :  0.564 0.100 0.070 0.085 0.182 
 71 z0043504    (7)    2 :  0.245 0.250 0.252 0.183 0.069 
 72 z0043526    (3)    4 :  0.287 0.108 0.267 0.199 0.139 
 73 z0043566    (3)    2 :  0.374 0.216 0.216 0.107 0.087 
 74 z0043572    (0)    2 :  0.456 0.238 0.085 0.080 0.141 
 75 z0043599    (5)    2 :  0.278 0.206 0.272 0.136 0.108 
 76 z0043642    (1)    2 :  0.236 0.254 0.194 0.138 0.178 
 77 z0043649    (1)    2 :  0.499 0.099 0.146 0.177 0.078 
 78 z0043652    (1)    2 :  0.209 0.089 0.407 0.184 0.111 
 79 z0043668    (1)    2 :  0.228 0.210 0.084 0.244 0.234 
 80 z0043674    (1)    4 :  0.048 0.146 0.346 0.174 0.286 
 81 z0043686    (1)    2 :  0.273 0.218 0.113 0.228 0.168 
 82 z0043693    (1)    2 :  0.297 0.090 0.243 0.166 0.203 
 83 z0043704   (15)    2 :  0.510 0.088 0.257 0.079 0.066 
 84 z0043807    (1)    2 :  0.357 0.155 0.172 0.132 0.184 
 85 z0043819    (1)    2 :  0.140 0.270 0.272 0.195 0.123 
 86 z0043876    (7)    2 :  0.183 0.231 0.298 0.073 0.215 
 87 z0043877   (33)    2 :  0.322 0.151 0.209 0.108 0.211 
 88 z0043891   (21)    4 :  0.159 0.324 0.117 0.216 0.184 
 89 z0043915   (33)    2 :  0.193 0.153 0.118 0.381 0.155 
 90 z0043940   (10)    2 :  0.069 0.245 0.407 0.200 0.079 
 91 z0043954    (2)    2 :  0.235 0.153 0.204 0.276 0.132 
 92 z0043966    (5)    2 :  0.534 0.137 0.078 0.116 0.135 
 93 z0043980    (0)    2 :  0.301 0.149 0.094 0.197 0.259 
 94 z0043994    (1)    3 :  0.562 0.135 0.051 0.179 0.072 
 95 z0044017   (12)    2 :  0.271 0.071 0.184 0.382 0.091 
 96 z0044019   (14)    2 :  0.385 0.141 0.127 0.143 0.204 
 97 z0044023   (36)    2 :  0.620 0.113 0.063 0.061 0.144 
 98 z0044033    (0)    2 :  0.740 0.067 0.072 0.051 0.071 
 99 z0044042    (3)    2 :  0.553 0.079 0.074 0.127 0.167 
100 z0044047   (25)    2 :  0.407 0.078 0.235 0.190 0.089 
101 z0044064   (13)    2 :  0.309 0.139 0.211 0.271 0.070 
102 z0044432   (14)    2 :  0.272 0.083 0.171 0.184 0.291 
103 z0045326    (0)    3 :  0.125 0.312 0.341 0.055 0.167 
104 z0045331    (5)    1 :  0.141 0.246 0.190 0.156 0.267 
105 z0045332    (2)    1 :  0.137 0.128 0.284 0.263 0.188 
106 z0045333    (6)    1 :  0.083 0.302 0.220 0.092 0.303 
107 z0045337    (5)    1 :  0.123 0.222 0.077 0.125 0.452 
108 z0045342   (13)    1 :  0.146 0.091 0.175 0.103 0.485 
109 z0045347    (1)    3 :  0.107 0.254 0.305 0.232 0.102 
110 z0045350    (0)    1 :  0.119 0.178 0.273 0.261 0.169 
111 z0045370    (1)    1 :  0.038 0.176 0.221 0.078 0.487 
112 z0045371    (1)    3 :  0.169 0.173 0.373 0.158 0.127 
113 z0045398    (1)    3 :  0.050 0.359 0.336 0.082 0.173 
114 z0045399    (1)    3 :  0.054 0.180 0.155 0.355 0.256 
115 z0045401   (26)    1 :  0.131 0.144 0.336 0.178 0.211 
116 z0045404    (0)    3 :  0.053 0.309 0.246 0.078 0.314 
117 z0045405    (5)    3 :  0.052 0.166 0.523 0.155 0.103 
118 z0045407    (2)    3 :  0.075 0.425 0.179 0.240 0.080 
119 z0045719    (0)    2 :  0.501 0.146 0.128 0.129 0.096 
120 z0045720    (1)    2 :  0.281 0.168 0.236 0.199 0.115 
121 z0045728    (1)    2 :  0.465 0.284 0.070 0.085 0.097 
122 z0045731    (1)    2 :  0.284 0.112 0.377 0.156 0.072 
123 z0045733    (0)    2 :  0.270 0.107 0.187 0.226 0.211 
124 z0045736    (1)    2 :  0.178 0.139 0.295 0.253 0.135 
125 z0045739    (1)    2 :  0.156 0.407 0.195 0.123 0.119 
126 z0045740    (1)    2 :  0.512 0.087 0.232 0.104 0.066 
127 z0045741    (0)    2 :  0.439 0.078 0.333 0.088 0.062 
128 z0045742    (0)    2 :  0.398 0.118 0.223 0.097 0.165 
129 z0045776    (1)    3 :  0.340 0.089 0.255 0.185 0.130 
130 z0045779    (0)    2 :  0.585 0.157 0.072 0.083 0.104 
131 z0045781    (0)    2 :  0.408 0.298 0.137 0.109 0.048 
132 z0045788    (5)    2 :  0.583 0.071 0.115 0.158 0.073 
133 z0045789    (2)    2 :  0.521 0.097 0.132 0.136 0.114 
134 z0045791    (5)    2 :  0.453 0.079 0.129 0.198 0.141 
135 z0045792   (23)    1 :  0.234 0.276 0.175 0.115 0.200 
136 z0045793    (0)    3 :  0.212 0.140 0.086 0.057 0.504 
137 z0047562   (15)    2 :  0.417 0.096 0.148 0.204 0.134 
138 z0047854    (1)    2 :  0.325 0.243 0.173 0.184 0.075 
139 z0051185    (1)    1 :  0.053 0.428 0.246 0.082 0.191 
140 z0051324    (6)    1 :  0.065 0.275 0.083 0.118 0.459 
141 z0051326    (0)    1 :  0.059 0.320 0.082 0.115 0.424 
142 z0051327    (4)    3 :  0.271 0.255 0.247 0.101 0.124 
143 z0051328    (3)    1 :  0.129 0.312 0.092 0.078 0.389 
144 z0051380    (0)    1 :  0.032 0.675 0.093 0.059 0.141 
145 z0051400    (0)    3 :  0.184 0.115 0.258 0.127 0.317 
146 z0051431   (23)    3 :  0.299 0.196 0.305 0.087 0.114 
147 z0051840   (34)    2 :  0.398 0.074 0.072 0.271 0.185 
148 z0051844   (27)    2 :  0.328 0.142 0.138 0.319 0.073 
149 z0051875   (29)    3 :  0.122 0.234 0.240 0.104 0.300 
150 z0051885    (8)    3 :  0.409 0.184 0.190 0.114 0.102 
151 z0051888    (1)    2 :  0.362 0.059 0.099 0.076 0.405 
152 z0051891    (1)    1 :  0.155 0.185 0.371 0.132 0.157 
153 z0051893    (4)    1 :  0.103 0.193 0.110 0.112 0.482 
154 z0051895    (0)    3 :  0.114 0.175 0.132 0.095 0.483 
155 z0051918    (1)    3 :  0.305 0.203 0.085 0.342 0.065 
156 z0051929    (1)    1 :  0.090 0.437 0.117 0.063 0.293 
157 z0051939   (12)    3 :  0.283 0.147 0.214 0.158 0.198 
158 z0051947    (3)    1 :  0.092 0.204 0.059 0.089 0.556 
159 z0051959    (2)    3 :  0.177 0.407 0.149 0.173 0.094 
160 z0052846    (0)    4 :  0.249 0.207 0.304 0.123 0.117 
161 z0052882    (1)    2 :  0.298 0.132 0.120 0.175 0.275 
162 z0053020   (22)    2 :  0.282 0.127 0.252 0.277 0.061 
163 z0053024   (13)    2 :  0.205 0.220 0.251 0.150 0.173 
164 z0053025    (5)    2 :  0.540 0.090 0.262 0.062 0.046 
165 z0053031    (0)    2 :  0.228 0.159 0.182 0.255 0.176 
166 z0053032    (1)    2 :  0.317 0.146 0.204 0.210 0.123 
167 z0053040    (5)    2 :  0.282 0.250 0.148 0.222 0.097 
168 z0053051    (1)    3 :  0.075 0.130 0.463 0.142 0.190 
169 z0053054    (6)    3 :  0.077 0.340 0.245 0.112 0.226 
170 z0053071    (3)    2 :  0.498 0.093 0.129 0.095 0.185 
171 z0053073    (2)    2 :  0.134 0.227 0.324 0.176 0.138 
172 z0053078    (1)    3 :  0.266 0.070 0.071 0.556 0.036 
173 z0053082    (2)    3 :  0.435 0.161 0.139 0.112 0.153 
174 z0053083   (12)    2 :  0.329 0.229 0.160 0.176 0.106 
175 z0053090   (11)    3 :  0.375 0.145 0.210 0.195 0.075 
176 z0053096    (0)    2 :  0.477 0.062 0.084 0.315 0.062 
177 z0053100    (8)    2 :  0.379 0.193 0.185 0.148 0.095 
178 z0053101    (0)    2 :  0.326 0.112 0.078 0.388 0.097 
179 z0053102    (9)    2 :  0.417 0.186 0.106 0.161 0.131 
180 z0053103    (1)    2 :  0.623 0.076 0.152 0.058 0.091 
181 z0053111    (2)    3 :  0.121 0.311 0.191 0.190 0.186 
182 z0053131    (0)    2 :  0.327 0.167 0.137 0.147 0.222 
183 z0053132    (0)    2 :  0.263 0.056 0.092 0.528 0.061 
184 z0053133    (1)    2 :  0.133 0.154 0.255 0.267 0.192 
185 z0053138    (0)    2 :  0.214 0.295 0.251 0.079 0.160 
186 z0053142    (3)    2 :  0.416 0.196 0.106 0.129 0.153 
187 z0053149    (1)    2 :  0.380 0.296 0.106 0.149 0.069 
188 z0053754    (1)    1 :  0.075 0.632 0.084 0.125 0.083 
189 z0053756    (2)    1 :  0.062 0.659 0.079 0.136 0.065 
190 z0053758   (17)    1 :  0.059 0.117 0.151 0.173 0.501 
191 z0053759    (1)    1 :  0.064 0.166 0.242 0.132 0.395 
192 z0053760    (0)    1 :  0.088 0.281 0.361 0.144 0.127 
193 z0053842    (2)    1 :  0.083 0.160 0.638 0.052 0.068 
194 z0053843    (6)    1 :  0.088 0.090 0.071 0.087 0.664 
195 z0053844    (9)    1 :  0.109 0.273 0.247 0.094 0.276 
196 z0053846    (3)    1 :  0.050 0.104 0.051 0.073 0.721 
197 z0053847    (1)    1 :  0.141 0.121 0.044 0.093 0.601 
198 z0053849    (1)    1 :  0.101 0.157 0.517 0.124 0.101 
199 z0055903    (1)    4 :  0.158 0.153 0.348 0.225 0.117 
200 z0055910   (35)    4 :  0.269 0.171 0.240 0.173 0.148 
201 z0055912    (7)    4 :  0.228 0.176 0.194 0.325 0.076 
202 z0055916   (17)    4 :  0.111 0.123 0.533 0.113 0.120 
203 z0055931    (4)    4 :  0.544 0.171 0.066 0.130 0.089 
204 z0055944    (4)    4 :  0.201 0.115 0.302 0.195 0.187 
205 z0055947   (10)    4 :  0.167 0.165 0.407 0.164 0.097 
206 z0055962    (6)    4 :  0.243 0.351 0.242 0.084 0.079 
207 z0055963   (21)    4 :  0.282 0.100 0.155 0.198 0.265 
208 z0055965   (26)    4 :  0.071 0.179 0.189 0.353 0.207 
209 z0055970   (16)    4 :  0.286 0.215 0.226 0.107 0.165 
210 z0055971    (8)    4 :  0.201 0.151 0.141 0.184 0.322 
211 z0055977    (6)    4 :  0.374 0.132 0.206 0.178 0.110 
212 z0055986   (21)    4 :  0.149 0.161 0.335 0.101 0.254 
213 z0055990    (7)    4 :  0.395 0.101 0.202 0.189 0.114 
214 z0055996    (3)    4 :  0.244 0.294 0.212 0.065 0.185 
215 z0055997    (4)    4 :  0.359 0.252 0.116 0.090 0.184 
216 z0055998    (5)    4 :  0.118 0.246 0.231 0.311 0.095 
217 z0055999    (3)    4 :  0.121 0.206 0.126 0.252 0.293 
218 z0056011    (9)    4 :  0.119 0.208 0.419 0.167 0.086 
219 z0056029    (5)    4 :  0.203 0.280 0.244 0.142 0.131 
220 z0056034    (2)    4 :  0.398 0.268 0.162 0.116 0.055 
221 z0056056   (26)    3 :  0.177 0.241 0.262 0.146 0.174 
222 z0056058    (5)    3 :  0.039 0.392 0.202 0.097 0.271 
223 z0056059    (8)    3 :  0.113 0.179 0.204 0.322 0.181 
224 z0056062    (1)    3 :  0.233 0.170 0.171 0.251 0.175 
225 z0056063    (4)    3 :  0.129 0.247 0.211 0.165 0.248 
226 z0056064    (0)    3 :  0.105 0.109 0.200 0.311 0.274 
227 z0056065    (0)    3 :  0.095 0.155 0.225 0.157 0.368 
228 z0056069    (1)    3 :  0.332 0.089 0.251 0.203 0.125 
229 z0056073    (0)    3 :  0.056 0.330 0.360 0.075 0.179 
230 z0056076    (5)    3 :  0.193 0.102 0.041 0.191 0.473 
231 z0056079   (10)    3 :  0.049 0.168 0.488 0.127 0.168 
232 z0056085    (1)    3 :  0.081 0.315 0.124 0.132 0.349 
233 z0056092    (1)    3 :  0.089 0.200 0.227 0.238 0.246 
234 z0056095    (1)    3 :  0.089 0.164 0.144 0.305 0.299 
235 z0056103    (8)    3 :  0.062 0.300 0.256 0.176 0.205 
236 z0056374    (8)    1 :  0.046 0.379 0.319 0.093 0.163 
237 z0056375    (0)    1 :  0.083 0.199 0.209 0.106 0.403 
238 z0056377    (0)    1 :  0.068 0.394 0.341 0.101 0.096 
239 z0056378    (2)    1 :  0.182 0.093 0.117 0.082 0.526 
240 z0056382    (1)    1 :  0.051 0.080 0.055 0.127 0.687 
241 z0056384    (3)    1 :  0.135 0.120 0.176 0.251 0.318 
242 z0056386    (8)    1 :  0.055 0.088 0.133 0.103 0.621 
243 z0056389    (1)    1 :  0.055 0.092 0.138 0.105 0.610 
244 z0056391    (2)    1 :  0.023 0.120 0.097 0.038 0.723 
245 z0056392   (12)    1 :  0.063 0.634 0.081 0.045 0.177 
246 z0056393    (9)    1 :  0.113 0.339 0.274 0.159 0.115 
247 z0056394    (1)    1 :  0.070 0.389 0.261 0.078 0.202 
248 z0056395    (2)    1 :  0.121 0.451 0.189 0.120 0.119 
249 z0056397    (1)    1 :  0.205 0.462 0.123 0.146 0.064 
250 z0061527    (3)    3 :  0.360 0.244 0.169 0.112 0.115 
251 z0061967    (1)    3 :  0.172 0.269 0.258 0.102 0.199 
252 z0061969    (1)    3 :  0.269 0.341 0.197 0.052 0.141 
253 z0061980    (1)    1 :  0.194 0.293 0.115 0.118 0.280 
254 z0066166    (3)    3 :  0.097 0.196 0.362 0.108 0.236 
255 z0066792    (2)    1 :  0.066 0.051 0.057 0.658 0.169 
256 z0066805    (2)    1 :  0.071 0.084 0.089 0.680 0.076 
257 z0068471    (3)    3 :  0.112 0.325 0.164 0.157 0.241 
258 z0075696    (7)    5 :  0.069 0.034 0.073 0.759 0.065 
259 z0101084    (8)    1 :  0.107 0.133 0.110 0.080 0.571 
260 z0107099    (3)    3 :  0.031 0.158 0.237 0.085 0.488 
261 z0107101    (0)    1 :  0.036 0.079 0.054 0.044 0.787 
262 z0108489    (1)    1 :  0.207 0.148 0.262 0.228 0.155 
263 z0108513    (0)    1 :  0.111 0.128 0.107 0.058 0.595 
264 z0108528    (1)    3 :  0.200 0.295 0.248 0.104 0.153 
265 z0113628    (2)    3 :  0.132 0.168 0.299 0.287 0.114 
266 z0133302   (18)    1 :  0.176 0.153 0.082 0.140 0.450 
267 z0173485    (0)    1 :  0.229 0.189 0.314 0.103 0.165 
268 z0175371    (1)    3 :  0.211 0.220 0.155 0.332 0.082 
269 z0175378    (0)    2 :  0.579 0.096 0.113 0.058 0.154 
270 z0175912    (6)    1 :  0.099 0.444 0.199 0.129 0.128 
271 z0175916    (3)    1 :  0.285 0.209 0.117 0.217 0.172 
272 z0175937    (1)    1 :  0.079 0.188 0.279 0.117 0.337 
273 z0178348   (13)    1 :  0.060 0.578 0.151 0.075 0.136 
274 z0187857    (3)    1 :  0.117 0.117 0.179 0.070 0.516 
275 z0187860    (0)    1 :  0.161 0.137 0.353 0.153 0.195 
276 z0187885    (0)    2 :  0.288 0.086 0.124 0.369 0.133 
277 z0187906   (10)    1 :  0.112 0.183 0.147 0.410 0.149 
278 z0195655    (0)    2 :  0.586 0.112 0.125 0.071 0.106 
279 z0195663    (1)    3 :  0.385 0.186 0.225 0.138 0.066 
280 z0195683    (1)    3 :  0.081 0.155 0.228 0.074 0.462 
281 z0195687   (22)    3 :  0.046 0.371 0.202 0.114 0.267 
282 z0195688    (0)    2 :  0.226 0.200 0.146 0.322 0.107 
283 z0195691    (1)    3 :  0.081 0.172 0.406 0.284 0.057 
284 z0195699    (0)    3 :  0.082 0.126 0.595 0.077 0.119 
285 z0195701    (8)    3 :  0.124 0.103 0.153 0.137 0.483 
286 z0195702    (0)    3 :  0.179 0.149 0.232 0.242 0.198 
287 z0195704    (1)    3 :  0.150 0.348 0.144 0.153 0.205 
288 z0195705    (1)    3 :  0.353 0.091 0.390 0.114 0.052 
289 z0195711    (0)    3 :  0.061 0.104 0.390 0.327 0.118 
290 z0195716    (0)    3 :  0.108 0.184 0.183 0.263 0.262 
291 z0195718   (13)    3 :  0.062 0.230 0.165 0.194 0.349 
292 z0195725    (5)    3 :  0.227 0.347 0.225 0.096 0.106 
293 z0195726   (17)    1 :  0.070 0.110 0.644 0.105 0.071 
294 z0195728   (14)    3 :  0.037 0.086 0.152 0.080 0.645 
295 z0195732   (16)    3 :  0.052 0.160 0.513 0.105 0.171 
296 z0195737    (1)    3 :  0.340 0.102 0.131 0.228 0.199 
297 z0195740   (30)    3 :  0.111 0.258 0.402 0.120 0.109 
298 z0195751    (1)    3 :  0.069 0.070 0.293 0.077 0.491 
299 z0195762    (2)    3 :  0.059 0.217 0.167 0.330 0.227 
300 z0195784    (0)    3 :  0.073 0.155 0.202 0.158 0.413 
301 z0196686    (0)    5 :  0.027 0.041 0.036 0.851 0.046 
302 z0196687    (0)    5 :  0.076 0.102 0.054 0.678 0.091 
303 z0196689    (1)    5 :  0.070 0.106 0.078 0.690 0.056 
304 z0196690    (3)    5 :  0.046 0.056 0.047 0.641 0.210 
305 z0196691    (9)    5 :  0.053 0.106 0.101 0.677 0.064 
306 z0196692    (1)    5 :  0.076 0.089 0.115 0.610 0.110 
307 z0196693    (2)    5 :  0.056 0.086 0.096 0.670 0.092 
308 z0196694    (3)    5 :  0.069 0.073 0.112 0.678 0.068 
309 z0196710    (0)    3 :  0.187 0.257 0.202 0.218 0.136 
310 z0196715   (23)    3 :  0.059 0.224 0.394 0.089 0.233 
311 z0196719    (0)    3 :  0.115 0.163 0.477 0.104 0.141 
312 z0196724   (20)    3 :  0.141 0.247 0.251 0.079 0.281 
313 z0196725    (1)    3 :  0.099 0.288 0.132 0.181 0.301 
314 z0196729    (3)    3 :  0.145 0.407 0.164 0.093 0.192 
315 z0196730    (3)    1 :  0.087 0.293 0.074 0.227 0.319 
316 z0196731    (1)    3 :  0.046 0.383 0.193 0.138 0.239 
317 z0196733   (17)    1 :  0.054 0.424 0.278 0.094 0.150 
318 z0196734    (2)    3 :  0.197 0.216 0.295 0.107 0.184 
319 z0196739   (18)    3 :  0.246 0.156 0.180 0.084 0.334 
320 z0196740   (10)    3 :  0.082 0.396 0.132 0.186 0.204 
321 z0196746    (3)    1 :  0.124 0.109 0.097 0.126 0.544 
322 z0196751    (0)    3 :  0.170 0.139 0.178 0.141 0.372 
323 z0196752    (0)    3 :  0.065 0.274 0.065 0.408 0.188 
324 z0196754    (0)    3 :  0.108 0.212 0.194 0.117 0.369 
325 z0196758    (2)    1 :  0.070 0.443 0.106 0.154 0.227 
326 z0196763    (2)    3 :  0.088 0.229 0.428 0.130 0.125 
327 z0196764    (1)    3 :  0.133 0.283 0.254 0.154 0.177 
328 z0196766    (0)    3 :  0.107 0.230 0.187 0.156 0.319 
329 z0196769    (1)    3 :  0.090 0.205 0.129 0.171 0.405 
330 z0196774    (1)    3 :  0.072 0.236 0.081 0.269 0.342 
331 z0196783    (0)    1 :  0.034 0.079 0.050 0.071 0.766 
332 z0196794    (2)    1 :  0.038 0.093 0.069 0.105 0.695 
333 z0196804   (15)    1 :  0.084 0.423 0.202 0.091 0.200 
334 z0196809   (15)    3 :  0.048 0.265 0.442 0.150 0.095 
335 z0196810    (2)    1 :  0.070 0.604 0.123 0.114 0.090 
336 z0196811    (1)    1 :  0.039 0.249 0.505 0.074 0.132 
337 z0196824    (0)    3 :  0.229 0.196 0.167 0.220 0.189 
338 z0196825    (1)    3 :  0.200 0.253 0.265 0.065 0.216 
339 z0196828    (1)    2 :  0.111 0.282 0.291 0.101 0.215 
340 z0196829    (0)    3 :  0.090 0.388 0.356 0.099 0.067 
341 z0196834   (28)    3 :  0.202 0.195 0.156 0.141 0.306 
342 z0196835    (0)    3 :  0.117 0.208 0.173 0.043 0.460 
343 z0196838    (2)    1 :  0.041 0.323 0.412 0.138 0.086 
344 z0196841   (22)    3 :  0.078 0.243 0.100 0.234 0.345 
345 z0196843   (27)    3 :  0.081 0.224 0.329 0.105 0.261 
346 z0196849    (1)    3 :  0.093 0.131 0.296 0.128 0.353 
347 z0196852    (1)    2 :  0.209 0.176 0.195 0.303 0.116 
348 z0196855    (0)    2 :  0.180 0.293 0.199 0.215 0.114 
349 z0196856    (1)    3 :  0.154 0.172 0.373 0.186 0.116 
350 z0196857    (0)    2 :  0.349 0.065 0.101 0.060 0.425 
351 z0196864    (2)    3 :  0.268 0.182 0.317 0.149 0.085 
352 z0196894    (0)    3 :  0.058 0.187 0.398 0.204 0.153 
353 z0197662    (3)    1 :  0.216 0.253 0.246 0.152 0.133 
354 z0197665    (2)    1 :  0.081 0.245 0.067 0.150 0.458 
355 z0197668   (20)    3 :  0.105 0.162 0.200 0.418 0.115 
356 z0197669    (1)    3 :  0.272 0.130 0.209 0.262 0.127 
357 z0197672    (1)    3 :  0.144 0.112 0.196 0.158 0.389 


Estimated Allele Frequencies in each cluster
First column gives estimated ancestral frequencies


Locus 1 : HI.v.HI.SEAK 
5 alleles
66.2% missing data
   0   (0.214) 0.165 0.160 0.161 0.339 0.140 
   4   (0.407) 0.039 0.545 0.576 0.256 0.618 
   1   (0.173) 0.742 0.117 0.119 0.176 0.064 
   2   (0.053) 0.030 0.035 0.027 0.037 0.016 
   3   (0.154) 0.024 0.143 0.117 0.192 0.162 

Locus 2 : Mnov_gtseq_1 
2 alleles
0.0% missing data
   0   (0.412) 0.326 0.320 0.491 0.493 0.364 
   1   (0.588) 0.674 0.680 0.509 0.507 0.636 

Locus 3 : Mnov_gtseq_10 
2 alleles
0.3% missing data
   0   (0.798) 0.954 0.686 0.804 0.933 0.737 
   1   (0.202) 0.046 0.314 0.196 0.067 0.263 

Locus 4 : Mnov_gtseq_102 
2 alleles
0.8% missing data
   0   (0.567) 0.742 0.529 0.680 0.539 0.396 
   1   (0.433) 0.258 0.471 0.320 0.461 0.604 

Locus 5 : Mnov_gtseq_104 
2 alleles
0.3% missing data
   0   (0.848) 0.965 0.826 0.869 0.961 0.711 
   1   (0.152) 0.035 0.174 0.131 0.039 0.289 

Locus 6 : Mnov_gtseq_106 
2 alleles
15.4% missing data
   1   (0.753) 0.799 0.720 0.824 0.714 0.832 
   0   (0.247) 0.201 0.280 0.176 0.286 0.168 

Locus 7 : Mnov_gtseq_107 
2 alleles
37.8% missing data
   1   (0.215) 0.557 0.134 0.212 0.109 0.184 
   0   (0.785) 0.443 0.866 0.788 0.891 0.816 

Locus 8 : Mnov_gtseq_111 
2 alleles
39.2% missing data
   1   (0.708) 0.451 0.671 0.847 0.854 0.565 
   0   (0.292) 0.549 0.329 0.153 0.146 0.435 

Locus 9 : Mnov_gtseq_112 
2 alleles
1.1% missing data
   0   (0.600) 0.767 0.432 0.645 0.406 0.827 
   1   (0.400) 0.233 0.568 0.355 0.594 0.173 

Locus 10 : Mnov_gtseq_113 
2 alleles
1.7% missing data
   1   (0.711) 0.648 0.683 0.796 0.649 0.816 
   0   (0.289) 0.352 0.317 0.204 0.351 0.184 

Locus 11 : Mnov_gtseq_114 
2 alleles
4.5% missing data
   0   (0.556) 0.269 0.635 0.678 0.460 0.549 
   1   (0.444) 0.731 0.365 0.322 0.540 0.451 

Locus 12 : Mnov_gtseq_117 
2 alleles
27.2% missing data
   0   (0.628) 0.872 0.617 0.599 0.636 0.530 
   1   (0.372) 0.128 0.383 0.401 0.364 0.470 

Locus 13 : Mnov_gtseq_118 
2 alleles
8.1% missing data
   0   (0.722) 0.886 0.722 0.823 0.731 0.472 
   1   (0.278) 0.114 0.278 0.177 0.269 0.528 

Locus 14 : Mnov_gtseq_12 
2 alleles
0.3% missing data
   0   (0.450) 0.219 0.246 0.526 0.693 0.570 
   1   (0.550) 0.781 0.754 0.474 0.307 0.430 

Locus 15 : Mnov_gtseq_124 
2 alleles
4.8% missing data
   1   (0.764) 0.902 0.552 0.832 0.911 0.754 
   0   (0.236) 0.098 0.448 0.168 0.089 0.246 

Locus 16 : Mnov_gtseq_125 
2 alleles
1.1% missing data
   1   (0.898) 0.612 0.902 0.923 0.958 0.985 
   0   (0.102) 0.388 0.098 0.077 0.042 0.015 

Locus 17 : Mnov_gtseq_126 
2 alleles
0.0% missing data
   0   (0.341) 0.302 0.422 0.349 0.553 0.095 
   1   (0.659) 0.698 0.578 0.651 0.447 0.905 

Locus 18 : Mnov_gtseq_127 
2 alleles
7.0% missing data
   0   (0.620) 0.418 0.664 0.603 0.640 0.729 
   1   (0.380) 0.582 0.336 0.397 0.360 0.271 

Locus 19 : Mnov_gtseq_128 
2 alleles
31.4% missing data
   0   (0.689) 0.682 0.696 0.656 0.649 0.842 
   1   (0.311) 0.318 0.304 0.344 0.351 0.158 

Locus 20 : Mnov_gtseq_129 
2 alleles
2.0% missing data
   0   (0.500) 0.666 0.454 0.618 0.303 0.487 
   1   (0.500) 0.334 0.546 0.382 0.697 0.513 

Locus 21 : Mnov_gtseq_13 
2 alleles
0.0% missing data
   0   (0.561) 0.627 0.445 0.487 0.832 0.529 
   1   (0.439) 0.373 0.555 0.513 0.168 0.471 

Locus 22 : Mnov_gtseq_130 
2 alleles
28.9% missing data
   1   (0.512) 0.418 0.522 0.473 0.677 0.457 
   0   (0.488) 0.582 0.478 0.527 0.323 0.543 

Locus 23 : Mnov_gtseq_135 
2 alleles
0.6% missing data
   1   (0.449) 0.600 0.344 0.516 0.356 0.477 
   0   (0.551) 0.400 0.656 0.484 0.644 0.523 

Locus 24 : Mnov_gtseq_138 
2 alleles
0.6% missing data
   0   (0.479) 0.380 0.535 0.563 0.434 0.370 
   1   (0.521) 0.620 0.465 0.437 0.566 0.630 

Locus 25 : Mnov_gtseq_140 
2 alleles
1.1% missing data
   0   (0.437) 0.667 0.405 0.525 0.200 0.431 
   1   (0.563) 0.333 0.595 0.475 0.800 0.569 

Locus 26 : Mnov_gtseq_141 
2 alleles
0.3% missing data
   0   (0.558) 0.558 0.589 0.522 0.393 0.731 
   1   (0.442) 0.442 0.411 0.478 0.607 0.269 

Locus 27 : Mnov_gtseq_143 
2 alleles
2.8% missing data
   1   (0.566) 0.472 0.637 0.665 0.335 0.642 
   0   (0.434) 0.528 0.363 0.335 0.665 0.358 

Locus 28 : Mnov_gtseq_145 
2 alleles
2.0% missing data
   0   (0.463) 0.470 0.501 0.374 0.362 0.597 
   1   (0.537) 0.530 0.499 0.626 0.638 0.403 

Locus 29 : Mnov_gtseq_147 
2 alleles
26.3% missing data
   0   (0.804) 0.399 0.897 0.920 0.727 0.815 
   1   (0.196) 0.601 0.103 0.080 0.273 0.185 

Locus 30 : Mnov_gtseq_148 
2 alleles
9.2% missing data
   0   (0.305) 0.097 0.285 0.391 0.431 0.223 
   1   (0.695) 0.903 0.715 0.609 0.569 0.777 

Locus 31 : Mnov_gtseq_149 
2 alleles
0.6% missing data
   0   (0.603) 0.544 0.591 0.747 0.540 0.567 
   1   (0.397) 0.456 0.409 0.253 0.460 0.433 

Locus 32 : Mnov_gtseq_15 
2 alleles
0.0% missing data
   0   (0.466) 0.414 0.382 0.436 0.478 0.629 
   1   (0.534) 0.586 0.618 0.564 0.522 0.371 

Locus 33 : Mnov_gtseq_152 
2 alleles
0.8% missing data
   0   (0.329) 0.420 0.242 0.293 0.273 0.408 
   1   (0.671) 0.580 0.758 0.707 0.727 0.592 

Locus 34 : Mnov_gtseq_154 
2 alleles
3.4% missing data
   0   (0.558) 0.370 0.557 0.602 0.562 0.641 
   1   (0.442) 0.630 0.443 0.398 0.438 0.359 

Locus 35 : Mnov_gtseq_155 
2 alleles
41.7% missing data
   0   (0.655) 0.700 0.674 0.680 0.651 0.669 
   1   (0.345) 0.300 0.326 0.320 0.349 0.331 

Locus 36 : Mnov_gtseq_157 
2 alleles
0.6% missing data
   1   (0.546) 0.667 0.403 0.661 0.492 0.595 
   0   (0.454) 0.333 0.597 0.339 0.508 0.405 

Locus 37 : Mnov_gtseq_158 
2 alleles
0.6% missing data
   0   (0.405) 0.050 0.581 0.285 0.361 0.709 
   1   (0.595) 0.950 0.419 0.715 0.639 0.291 

Locus 38 : Mnov_gtseq_159 
2 alleles
24.6% missing data
   0   (0.623) 0.359 0.724 0.686 0.470 0.706 
   1   (0.377) 0.641 0.276 0.314 0.530 0.294 

Locus 39 : Mnov_gtseq_16 
2 alleles
0.0% missing data
   0   (0.628) 0.527 0.541 0.620 0.807 0.700 
   1   (0.372) 0.473 0.459 0.380 0.193 0.300 

Locus 40 : Mnov_gtseq_160 
2 alleles
2.5% missing data
   0   (0.505) 0.362 0.538 0.627 0.423 0.455 
   1   (0.495) 0.638 0.462 0.373 0.577 0.545 

Locus 41 : Mnov_gtseq_161 
2 alleles
2.0% missing data
   1   (0.752) 0.820 0.709 0.826 0.834 0.705 
   0   (0.248) 0.180 0.291 0.174 0.166 0.295 

Locus 42 : Mnov_gtseq_162 
2 alleles
2.2% missing data
   1   (0.407) 0.524 0.228 0.462 0.241 0.695 
   0   (0.593) 0.476 0.772 0.538 0.759 0.305 

Locus 43 : Mnov_gtseq_167 
2 alleles
1.1% missing data
   1   (0.780) 0.896 0.727 0.852 0.849 0.734 
   0   (0.220) 0.104 0.273 0.148 0.151 0.266 

Locus 44 : Mnov_gtseq_17 
2 alleles
0.0% missing data
   0   (0.506) 0.476 0.522 0.325 0.561 0.705 
   1   (0.494) 0.524 0.478 0.675 0.439 0.295 

Locus 45 : Mnov_gtseq_170 
2 alleles
0.0% missing data
   0   (0.318) 0.187 0.270 0.400 0.342 0.240 
   1   (0.682) 0.813 0.730 0.600 0.658 0.760 

Locus 46 : Mnov_gtseq_171 
2 alleles
42.0% missing data
   1   (0.686) 0.729 0.753 0.703 0.771 0.536 
   0   (0.314) 0.271 0.247 0.297 0.229 0.464 

Locus 47 : Mnov_gtseq_173 
2 alleles
21.8% missing data
   1   (0.467) 0.793 0.417 0.371 0.700 0.242 
   0   (0.533) 0.207 0.583 0.629 0.300 0.758 

Locus 48 : Mnov_gtseq_174 
2 alleles
2.8% missing data
   0   (0.291) 0.495 0.311 0.201 0.255 0.223 
   1   (0.709) 0.505 0.689 0.799 0.745 0.777 

Locus 49 : Mnov_gtseq_180 
2 alleles
14.0% missing data
   0   (0.649) 0.933 0.692 0.717 0.309 0.562 
   1   (0.351) 0.067 0.308 0.283 0.691 0.438 

Locus 50 : Mnov_gtseq_182 
2 alleles
9.0% missing data
   0   (0.813) 0.825 0.821 0.872 0.943 0.679 
   1   (0.187) 0.175 0.179 0.128 0.057 0.321 

Locus 51 : Mnov_gtseq_186 
2 alleles
27.7% missing data
   0   (0.524) 0.462 0.524 0.508 0.549 0.561 
   1   (0.476) 0.538 0.476 0.492 0.451 0.439 

Locus 52 : Mnov_gtseq_187 
2 alleles
7.6% missing data
   1   (0.571) 0.759 0.547 0.528 0.501 0.631 
   0   (0.429) 0.241 0.453 0.472 0.499 0.369 

Locus 53 : Mnov_gtseq_188 
2 alleles
13.4% missing data
   0   (0.548) 0.686 0.368 0.433 0.875 0.525 
   1   (0.452) 0.314 0.632 0.567 0.125 0.475 

Locus 54 : Mnov_gtseq_189 
2 alleles
3.6% missing data
   0   (0.449) 0.513 0.464 0.452 0.205 0.608 
   1   (0.551) 0.487 0.536 0.548 0.795 0.392 

Locus 55 : Mnov_gtseq_19 
2 alleles
0.0% missing data
   1   (0.936) 0.773 0.971 0.986 0.846 0.993 
   0   (0.064) 0.227 0.029 0.014 0.154 0.007 

Locus 56 : Mnov_gtseq_190 
2 alleles
0.0% missing data
   1   (0.421) 0.317 0.445 0.475 0.395 0.357 
   0   (0.579) 0.683 0.555 0.525 0.605 0.643 

Locus 57 : Mnov_gtseq_191 
2 alleles
26.3% missing data
   0   (0.882) 0.990 0.866 0.877 0.839 0.931 
   1   (0.118) 0.010 0.134 0.123 0.161 0.069 

Locus 58 : Mnov_gtseq_192 
2 alleles
21.0% missing data
   0   (0.816) 0.806 0.874 0.813 0.912 0.762 
   1   (0.184) 0.194 0.126 0.187 0.088 0.238 

Locus 59 : Mnov_gtseq_193 
2 alleles
0.0% missing data
   0   (0.704) 0.804 0.659 0.786 0.600 0.776 
   1   (0.296) 0.196 0.341 0.214 0.400 0.224 

Locus 60 : Mnov_gtseq_195 
2 alleles
0.0% missing data
   0   (0.550) 0.518 0.577 0.523 0.751 0.385 
   1   (0.450) 0.482 0.423 0.477 0.249 0.615 

Locus 61 : Mnov_gtseq_196 
2 alleles
0.3% missing data
   0   (0.314) 0.106 0.233 0.249 0.461 0.512 
   1   (0.686) 0.894 0.767 0.751 0.539 0.488 

Locus 62 : Mnov_gtseq_197 
3 alleles
0.3% missing data
   1   (0.384) 0.278 0.321 0.380 0.385 0.494 
   0   (0.438) 0.669 0.521 0.478 0.201 0.408 
   2   (0.179) 0.053 0.158 0.143 0.414 0.098 

Locus 63 : Mnov_gtseq_2 
2 alleles
0.3% missing data
   0   (0.196) 0.226 0.135 0.343 0.181 0.052 
   1   (0.804) 0.774 0.865 0.657 0.819 0.948 

Locus 64 : Mnov_gtseq_200 
2 alleles
2.8% missing data
   0   (0.410) 0.731 0.411 0.420 0.260 0.298 
   1   (0.590) 0.269 0.589 0.580 0.740 0.702 

Locus 65 : Mnov_gtseq_201 
2 alleles
0.0% missing data
   0   (0.866) 0.986 0.752 0.934 0.932 0.774 
   1   (0.134) 0.014 0.248 0.066 0.068 0.226 

Locus 66 : Mnov_gtseq_202 
2 alleles
0.0% missing data
   0   (0.430) 0.602 0.410 0.461 0.289 0.409 
   1   (0.570) 0.398 0.590 0.539 0.711 0.591 

Locus 67 : Mnov_gtseq_204 
2 alleles
3.9% missing data
   0   (0.442) 0.578 0.480 0.302 0.445 0.475 
   1   (0.558) 0.422 0.520 0.698 0.555 0.525 

Locus 68 : Mnov_gtseq_205 
3 alleles
0.0% missing data
   0   (0.235) 0.201 0.201 0.210 0.176 0.286 
   2   (0.699) 0.741 0.767 0.762 0.734 0.693 
   1   (0.066) 0.058 0.032 0.028 0.090 0.020 

Locus 69 : Mnov_gtseq_208 
2 alleles
0.0% missing data
   0   (0.646) 0.336 0.689 0.776 0.558 0.710 
   1   (0.354) 0.664 0.311 0.224 0.442 0.290 

Locus 70 : Mnov_gtseq_209 
2 alleles
0.0% missing data
   0   (0.444) 0.632 0.340 0.521 0.346 0.434 
   1   (0.556) 0.368 0.660 0.479 0.654 0.566 

Locus 71 : Mnov_gtseq_21 
2 alleles
0.0% missing data
   1   (0.542) 0.259 0.567 0.607 0.574 0.598 
   0   (0.458) 0.741 0.433 0.393 0.426 0.402 

Locus 72 : Mnov_gtseq_210 
2 alleles
5.0% missing data
   0   (0.393) 0.161 0.315 0.438 0.363 0.619 
   1   (0.607) 0.839 0.685 0.562 0.637 0.381 

Locus 73 : Mnov_gtseq_213 
2 alleles
5.6% missing data
   0   (0.520) 0.347 0.617 0.564 0.434 0.515 
   1   (0.480) 0.653 0.383 0.436 0.566 0.485 

Locus 74 : Mnov_gtseq_214 
2 alleles
5.3% missing data
   0   (0.547) 0.785 0.569 0.564 0.380 0.476 
   1   (0.453) 0.215 0.431 0.436 0.620 0.524 

Locus 75 : Mnov_gtseq_215 
2 alleles
0.0% missing data
   0   (0.442) 0.605 0.353 0.467 0.433 0.415 
   1   (0.558) 0.395 0.647 0.533 0.567 0.585 

Locus 76 : Mnov_gtseq_216 
2 alleles
0.0% missing data
   1   (0.518) 0.701 0.457 0.469 0.665 0.444 
   0   (0.482) 0.299 0.543 0.531 0.335 0.556 

Locus 77 : Mnov_gtseq_217 
2 alleles
24.4% missing data
   0   (0.317) 0.137 0.277 0.474 0.244 0.296 
   1   (0.683) 0.863 0.723 0.526 0.756 0.704 

Locus 78 : Mnov_gtseq_218 
2 alleles
0.3% missing data
   0   (0.607) 0.809 0.668 0.530 0.802 0.322 
   1   (0.393) 0.191 0.332 0.470 0.198 0.678 

Locus 79 : Mnov_gtseq_22 
2 alleles
3.9% missing data
   1   (0.593) 0.784 0.708 0.468 0.555 0.526 
   0   (0.407) 0.216 0.292 0.532 0.445 0.474 

Locus 80 : Mnov_gtseq_220 
2 alleles
0.3% missing data
   0   (0.519) 0.708 0.531 0.426 0.609 0.468 
   1   (0.481) 0.292 0.469 0.574 0.391 0.532 

Locus 81 : Mnov_gtseq_222 
2 alleles
14.3% missing data
   0   (0.502) 0.723 0.459 0.540 0.776 0.180 
   1   (0.498) 0.277 0.541 0.460 0.224 0.820 

Locus 82 : Mnov_gtseq_223 
2 alleles
2.5% missing data
   0   (0.633) 0.632 0.524 0.639 0.690 0.802 
   1   (0.367) 0.368 0.476 0.361 0.310 0.198 

Locus 83 : Mnov_gtseq_225 
2 alleles
0.0% missing data
   0   (0.532) 0.482 0.608 0.617 0.292 0.565 
   1   (0.468) 0.518 0.392 0.383 0.708 0.435 

Locus 84 : Mnov_gtseq_227 
2 alleles
0.3% missing data
   0   (0.505) 0.692 0.411 0.427 0.689 0.467 
   1   (0.495) 0.308 0.589 0.573 0.311 0.533 

Locus 85 : Mnov_gtseq_229 
2 alleles
0.8% missing data
   1   (0.526) 0.697 0.490 0.459 0.585 0.554 
   0   (0.474) 0.303 0.510 0.541 0.415 0.446 

Locus 86 : Mnov_gtseq_230 
2 alleles
10.4% missing data
   0   (0.780) 0.935 0.814 0.518 0.948 0.720 
   1   (0.220) 0.065 0.186 0.482 0.052 0.280 

Locus 87 : Mnov_gtseq_232 
2 alleles
0.0% missing data
   0   (0.480) 0.785 0.474 0.439 0.325 0.476 
   1   (0.520) 0.215 0.526 0.561 0.675 0.524 

Locus 88 : Mnov_gtseq_234 
2 alleles
9.8% missing data
   0   (0.725) 0.865 0.688 0.768 0.744 0.712 
   1   (0.275) 0.135 0.312 0.232 0.256 0.288 

Locus 89 : Mnov_gtseq_235 
2 alleles
0.3% missing data
   0   (0.776) 0.922 0.784 0.726 0.884 0.727 
   1   (0.224) 0.078 0.216 0.274 0.116 0.273 

Locus 90 : Mnov_gtseq_237 
2 alleles
0.3% missing data
   0   (0.550) 0.812 0.509 0.651 0.452 0.408 
   1   (0.450) 0.188 0.491 0.349 0.548 0.592 

Locus 91 : Mnov_gtseq_238 
2 alleles
0.0% missing data
   0   (0.604) 0.860 0.621 0.430 0.557 0.723 
   1   (0.396) 0.140 0.379 0.570 0.443 0.277 

Locus 92 : Mnov_gtseq_239 
2 alleles
0.0% missing data
   0   (0.715) 0.752 0.707 0.779 0.768 0.676 
   1   (0.285) 0.248 0.293 0.221 0.232 0.324 

Locus 93 : Mnov_gtseq_240 
2 alleles
0.0% missing data
   1   (0.410) 0.387 0.484 0.506 0.382 0.217 
   0   (0.590) 0.613 0.516 0.494 0.618 0.783 

Locus 94 : Mnov_gtseq_241 
2 alleles
0.0% missing data
   0   (0.844) 0.838 0.896 0.925 0.894 0.743 
   1   (0.156) 0.162 0.104 0.075 0.106 0.257 

Locus 95 : Mnov_gtseq_243 
2 alleles
0.0% missing data
   0   (0.594) 0.562 0.590 0.715 0.681 0.403 
   1   (0.406) 0.438 0.410 0.285 0.319 0.597 

Locus 96 : Mnov_gtseq_244 
2 alleles
0.0% missing data
   0   (0.340) 0.470 0.305 0.316 0.180 0.430 
   1   (0.660) 0.530 0.695 0.684 0.820 0.570 

Locus 97 : Mnov_gtseq_245 
2 alleles
20.7% missing data
   1   (0.519) 0.672 0.630 0.459 0.343 0.508 
   0   (0.481) 0.328 0.370 0.541 0.657 0.492 

Locus 98 : Mnov_gtseq_246 
2 alleles
0.3% missing data
   0   (0.464) 0.502 0.545 0.628 0.178 0.403 
   1   (0.536) 0.498 0.455 0.372 0.822 0.597 

Locus 99 : Mnov_gtseq_247 
2 alleles
3.4% missing data
   0   (0.301) 0.130 0.344 0.287 0.457 0.177 
   1   (0.699) 0.870 0.656 0.713 0.543 0.823 

Locus 100 : Mnov_gtseq_248 
2 alleles
0.3% missing data
   0   (0.224) 0.428 0.135 0.279 0.321 0.066 
   1   (0.776) 0.572 0.865 0.721 0.679 0.934 

Locus 101 : Mnov_gtseq_25 
2 alleles
0.3% missing data
   0   (0.445) 0.702 0.338 0.445 0.300 0.569 
   1   (0.555) 0.298 0.662 0.555 0.700 0.431 

Locus 102 : Mnov_gtseq_250 
2 alleles
3.9% missing data
   0   (0.794) 0.641 0.836 0.906 0.878 0.626 
   1   (0.206) 0.359 0.164 0.094 0.122 0.374 

Locus 103 : Mnov_gtseq_251 
2 alleles
2.0% missing data
   1   (0.210) 0.190 0.199 0.348 0.114 0.080 
   0   (0.790) 0.810 0.801 0.652 0.886 0.920 

Locus 104 : Mnov_gtseq_253 
2 alleles
16.2% missing data
   0   (0.468) 0.515 0.426 0.414 0.676 0.356 
   1   (0.532) 0.485 0.574 0.586 0.324 0.644 

Locus 105 : Mnov_gtseq_254 
2 alleles
0.0% missing data
   1   (0.905) 0.992 0.937 0.846 0.934 0.943 
   0   (0.095) 0.008 0.063 0.154 0.066 0.057 

Locus 106 : Mnov_gtseq_255 
2 alleles
0.0% missing data
   0   (0.341) 0.540 0.422 0.181 0.245 0.406 
   1   (0.659) 0.460 0.578 0.819 0.755 0.594 

Locus 107 : Mnov_gtseq_257 
2 alleles
0.0% missing data
   0   (0.632) 0.416 0.711 0.701 0.482 0.728 
   1   (0.368) 0.584 0.289 0.299 0.518 0.272 

Locus 108 : Mnov_gtseq_258 
2 alleles
0.0% missing data
   0   (0.512) 0.651 0.497 0.456 0.709 0.354 
   1   (0.488) 0.349 0.503 0.544 0.291 0.646 

Locus 109 : Mnov_gtseq_26 
2 alleles
0.0% missing data
   1   (0.903) 0.981 0.798 0.920 0.960 0.965 
   0   (0.097) 0.019 0.202 0.080 0.040 0.035 

Locus 110 : Mnov_gtseq_260 
2 alleles
0.3% missing data
   0   (0.759) 0.773 0.825 0.706 0.684 0.889 
