

----------------------------------------------------
STRUCTURE by Pritchard, Stephens and Donnelly (2000)
     and Falush, Stephens and Pritchard (2003)
       Code by Pritchard, Falush and Hubisz
             Version 2.3.4 (Jul 2012)
----------------------------------------------------



Command line arguments:   structure -m wint.area.structureRun/wint.area.structureRun.k5.r3_mainparams -e wint.area.structureRun/wint.area.structureRun.k5.r3_extraparams -i wint.area.structureRun/wint.area.structureRun.k5.r3_data -o wint.area.structureRun/wint.area.structureRun.k5.r3_out 
Input File:    wint.area.structureRun/wint.area.structureRun.k5.r3_data

Run parameters:
   357 individuals
   328 loci
   5 populations assumed
   1000 Burn-in period
   10000 Reps


--------------------------------------------
Proportion of membership of each pre-defined
 population in each of the 5 clusters

Given    Inferred Clusters                     Number of
 Pop       1      2      3      4      5      Individuals

  1:     0.313  0.162  0.165  0.105  0.255       80
  2:     0.119  0.216  0.168  0.350  0.148      126
  3:     0.224  0.212  0.167  0.146  0.251      115
  4:     0.150  0.258  0.167  0.220  0.204       27
  5:     0.086  0.075  0.703  0.058  0.078        9
--------------------------------------------

Allele-freq. divergence among pops (Net nucleotide distance),
computed using point estimates of P.

      1       2       3       4       5      
 1      -    0.0288  0.0366  0.0518  0.0236  
 2   0.0288     -    0.0234  0.0310  0.0161  
 3   0.0366  0.0234     -    0.0435  0.0263  
 4   0.0518  0.0310  0.0435     -    0.0412  
 5   0.0236  0.0161  0.0263  0.0412     -    

Average distances (expected heterozygosity) between individuals in same cluster:
cluster  1  : 0.4066 
cluster  2  : 0.4075 
cluster  3  : 0.3925 
cluster  4  : 0.3870 
cluster  5  : 0.4087 

--------------------------------------------
Estimated Ln Prob of Data   = -145438.8
Mean value of ln likelihood = -133067.6
Variance of ln likelihood   = 24742.3
Mean value of alpha         = 1.0000

Mean value of Fst_1         = 0.1234
Mean value of Fst_2         = 0.0880
Mean value of Fst_3         = 0.1200
Mean value of Fst_4         = 0.1642
Mean value of Fst_5         = 0.0840


Inferred ancestry of individuals:
        Label (%Miss) Pop:  Inferred clusters
  1   207778    (2)    2 :  0.112 0.354 0.109 0.281 0.144 
  2 z0005757    (7)    3 :  0.176 0.305 0.246 0.142 0.131 
  3 z0005758    (0)    3 :  0.204 0.112 0.140 0.066 0.478 
  4 z0011944    (0)    1 :  0.054 0.061 0.751 0.078 0.056 
  5 z0012702   (10)    4 :  0.054 0.321 0.148 0.425 0.052 
  6 z0016577    (2)    3 :  0.121 0.247 0.131 0.205 0.297 
  7 z0016578   (21)    1 :  0.299 0.257 0.169 0.055 0.220 
  8 z0016579    (1)    3 :  0.118 0.273 0.232 0.102 0.275 
  9 z0018264    (0)    1 :  0.062 0.101 0.686 0.094 0.057 
 10 z0029828    (2)    3 :  0.427 0.246 0.067 0.128 0.132 
 11 z0029829   (14)    1 :  0.493 0.218 0.072 0.101 0.116 
 12 z0029846   (14)    1 :  0.149 0.172 0.254 0.095 0.330 
 13 z0029860    (1)    3 :  0.416 0.175 0.068 0.097 0.245 
 14 z0029863    (2)    1 :  0.077 0.167 0.307 0.103 0.346 
 15 z0029864    (8)    1 :  0.224 0.100 0.247 0.101 0.327 
 16 z0029865   (13)    3 :  0.151 0.123 0.095 0.077 0.554 
 17 z0037607    (2)    3 :  0.100 0.162 0.230 0.161 0.348 
 18 z0037609   (25)    3 :  0.110 0.182 0.211 0.113 0.384 
 19 z0037624   (21)    1 :  0.134 0.266 0.085 0.121 0.394 
 20 z0038417    (8)    2 :  0.060 0.141 0.198 0.510 0.091 
 21 z0040275    (9)    2 :  0.061 0.174 0.281 0.347 0.137 
 22 z0040287    (3)    2 :  0.148 0.239 0.255 0.210 0.148 
 23 z0040308    (1)    2 :  0.068 0.350 0.061 0.353 0.168 
 24 z0040333    (1)    2 :  0.150 0.228 0.129 0.343 0.150 
 25 z0040334    (1)    2 :  0.053 0.139 0.136 0.618 0.054 
 26 z0040337    (6)    2 :  0.138 0.236 0.171 0.233 0.222 
 27 z0040345    (1)    2 :  0.037 0.287 0.174 0.386 0.116 
 28 z0040357    (5)    2 :  0.068 0.155 0.127 0.439 0.211 
 29 z0040363   (20)    2 :  0.171 0.216 0.098 0.367 0.147 
 30 z0040364    (0)    2 :  0.087 0.234 0.086 0.499 0.094 
 31 z0040387    (1)    2 :  0.113 0.183 0.109 0.457 0.139 
 32 z0040403   (15)    2 :  0.108 0.296 0.123 0.309 0.164 
 33 z0040413   (43)    2 :  0.088 0.352 0.175 0.253 0.131 
 34 z0040439    (0)    2 :  0.048 0.078 0.148 0.642 0.084 
 35 z0040465   (20)    2 :  0.143 0.266 0.117 0.247 0.228 
 36 z0040513   (17)    3 :  0.285 0.341 0.105 0.180 0.089 
 37 z0040961   (12)    2 :  0.090 0.206 0.341 0.283 0.080 
 38 z0040985   (16)    2 :  0.058 0.316 0.172 0.231 0.223 
 39 z0041026    (0)    2 :  0.157 0.147 0.115 0.507 0.073 
 40 z0041051   (28)    2 :  0.062 0.223 0.307 0.283 0.125 
 41 z0041115    (7)    2 :  0.159 0.130 0.141 0.463 0.107 
 42 z0041153   (23)    2 :  0.097 0.239 0.267 0.214 0.183 
 43 z0041233    (4)    2 :  0.116 0.314 0.123 0.232 0.216 
 44 z0041243    (1)    2 :  0.086 0.149 0.225 0.297 0.243 
 45 z0041248    (6)    2 :  0.110 0.107 0.142 0.488 0.153 
 46 z0041250    (1)    2 :  0.062 0.299 0.136 0.381 0.121 
 47 z0041274    (2)    2 :  0.100 0.333 0.244 0.237 0.086 
 48 z0041465   (15)    2 :  0.196 0.124 0.054 0.485 0.142 
 49 z0041472    (2)    2 :  0.206 0.152 0.081 0.454 0.106 
 50 z0041480   (10)    2 :  0.166 0.249 0.127 0.229 0.228 
 51 z0041483    (0)    2 :  0.083 0.145 0.155 0.518 0.099 
 52 z0041494   (12)    2 :  0.077 0.320 0.184 0.318 0.102 
 53 z0041498    (1)    2 :  0.159 0.110 0.177 0.410 0.143 
 54 z0041501    (1)    2 :  0.043 0.333 0.092 0.451 0.081 
 55 z0041507    (7)    2 :  0.106 0.197 0.133 0.427 0.136 
 56 z0041512    (0)    2 :  0.112 0.109 0.092 0.571 0.116 
 57 z0041522   (17)    2 :  0.143 0.102 0.161 0.453 0.141 
 58 z0041526    (1)    3 :  0.086 0.119 0.072 0.479 0.243 
 59 z0041527   (16)    2 :  0.136 0.325 0.096 0.332 0.111 
 60 z0043243    (2)    2 :  0.196 0.195 0.290 0.089 0.230 
 61 z0043278    (2)    2 :  0.079 0.091 0.196 0.570 0.064 
 62 z0043475   (17)    3 :  0.178 0.260 0.153 0.254 0.155 
 63 z0043477    (0)    2 :  0.072 0.148 0.172 0.304 0.304 
 64 z0043478    (2)    2 :  0.086 0.082 0.066 0.688 0.078 
 65 z0043481    (0)    2 :  0.092 0.182 0.149 0.431 0.147 
 66 z0043489    (7)    2 :  0.045 0.241 0.155 0.483 0.076 
 67 z0043491   (13)    2 :  0.104 0.132 0.250 0.351 0.164 
 68 z0043493    (3)    2 :  0.045 0.385 0.176 0.172 0.222 
 69 z0043494    (2)    2 :  0.124 0.234 0.248 0.231 0.163 
 70 z0043498    (2)    2 :  0.160 0.114 0.092 0.572 0.061 
 71 z0043504    (7)    2 :  0.059 0.178 0.199 0.239 0.325 
 72 z0043526    (3)    4 :  0.109 0.445 0.159 0.165 0.121 
 73 z0043566    (3)    2 :  0.070 0.219 0.102 0.375 0.234 
 74 z0043572    (0)    2 :  0.122 0.142 0.086 0.481 0.169 
 75 z0043599    (5)    2 :  0.109 0.291 0.130 0.245 0.224 
 76 z0043642    (1)    2 :  0.174 0.240 0.151 0.220 0.216 
 77 z0043649    (1)    2 :  0.067 0.268 0.142 0.437 0.087 
 78 z0043652    (1)    2 :  0.125 0.371 0.192 0.165 0.146 
 79 z0043668    (1)    2 :  0.185 0.320 0.216 0.166 0.113 
 80 z0043674    (1)    4 :  0.311 0.198 0.187 0.053 0.251 
 81 z0043686    (1)    2 :  0.153 0.107 0.269 0.288 0.182 
 82 z0043693    (1)    2 :  0.183 0.356 0.142 0.224 0.097 
 83 z0043704   (15)    2 :  0.062 0.131 0.103 0.585 0.120 
 84 z0043807    (1)    2 :  0.186 0.209 0.114 0.341 0.150 
 85 z0043819    (1)    2 :  0.111 0.460 0.146 0.087 0.195 
 86 z0043876    (7)    2 :  0.226 0.184 0.079 0.191 0.320 
 87 z0043877   (33)    2 :  0.158 0.307 0.101 0.290 0.144 
 88 z0043891   (21)    4 :  0.206 0.110 0.241 0.190 0.252 
 89 z0043915   (33)    2 :  0.153 0.183 0.388 0.157 0.120 
 90 z0043940   (10)    2 :  0.085 0.335 0.186 0.061 0.333 
 91 z0043954    (2)    2 :  0.123 0.284 0.266 0.191 0.136 
 92 z0043966    (5)    2 :  0.119 0.074 0.116 0.572 0.119 
 93 z0043980    (0)    2 :  0.219 0.279 0.153 0.245 0.104 
 94 z0043994    (1)    3 :  0.077 0.108 0.165 0.572 0.078 
 95 z0044017   (12)    2 :  0.087 0.274 0.342 0.206 0.092 
 96 z0044019   (14)    2 :  0.190 0.221 0.150 0.326 0.112 
 97 z0044023   (36)    2 :  0.121 0.077 0.063 0.650 0.089 
 98 z0044033    (0)    2 :  0.072 0.071 0.048 0.759 0.049 
 99 z0044042    (3)    2 :  0.134 0.094 0.130 0.560 0.083 
100 z0044047   (25)    2 :  0.078 0.441 0.136 0.254 0.091 
101 z0044064   (13)    2 :  0.073 0.233 0.279 0.276 0.139 
102 z0044432   (14)    2 :  0.213 0.360 0.133 0.200 0.094 
103 z0045326    (0)    3 :  0.236 0.103 0.067 0.163 0.431 
104 z0045331    (5)    1 :  0.322 0.091 0.185 0.176 0.226 
105 z0045332    (2)    1 :  0.191 0.329 0.226 0.102 0.152 
106 z0045333    (6)    1 :  0.309 0.221 0.087 0.088 0.295 
107 z0045337    (5)    1 :  0.482 0.087 0.128 0.141 0.162 
108 z0045342   (13)    1 :  0.438 0.258 0.091 0.105 0.108 
109 z0045347    (1)    3 :  0.105 0.226 0.232 0.107 0.331 
110 z0045350    (0)    1 :  0.171 0.240 0.286 0.111 0.192 
111 z0045370    (1)    1 :  0.522 0.113 0.072 0.045 0.249 
112 z0045371    (1)    3 :  0.129 0.191 0.152 0.170 0.358 
113 z0045398    (1)    3 :  0.211 0.146 0.090 0.046 0.507 
114 z0045399    (1)    3 :  0.256 0.143 0.379 0.053 0.168 
115 z0045401   (26)    1 :  0.195 0.409 0.126 0.093 0.176 
116 z0045404    (0)    3 :  0.359 0.138 0.092 0.058 0.354 
117 z0045405    (5)    3 :  0.139 0.252 0.190 0.062 0.357 
118 z0045407    (2)    3 :  0.095 0.124 0.262 0.088 0.431 
119 z0045719    (0)    2 :  0.094 0.195 0.125 0.465 0.121 
120 z0045720    (1)    2 :  0.098 0.336 0.187 0.211 0.168 
121 z0045728    (1)    2 :  0.102 0.090 0.101 0.525 0.181 
122 z0045731    (1)    2 :  0.084 0.338 0.151 0.227 0.201 
123 z0045733    (0)    2 :  0.206 0.282 0.213 0.203 0.095 
124 z0045736    (1)    2 :  0.124 0.317 0.244 0.160 0.156 
125 z0045739    (1)    2 :  0.120 0.178 0.135 0.175 0.392 
126 z0045740    (1)    2 :  0.052 0.315 0.104 0.437 0.092 
127 z0045741    (0)    2 :  0.050 0.439 0.074 0.328 0.108 
128 z0045742    (0)    2 :  0.160 0.301 0.089 0.352 0.099 
129 z0045776    (1)    3 :  0.064 0.678 0.069 0.106 0.084 
130 z0045779    (0)    2 :  0.103 0.059 0.097 0.651 0.089 
131 z0045781    (0)    2 :  0.061 0.087 0.116 0.424 0.312 
132 z0045788    (5)    2 :  0.060 0.088 0.175 0.597 0.080 
133 z0045789    (2)    2 :  0.091 0.112 0.143 0.567 0.087 
134 z0045791    (5)    2 :  0.128 0.157 0.232 0.424 0.059 
135 z0045792   (23)    1 :  0.201 0.156 0.126 0.256 0.260 
136 z0045793    (0)    3 :  0.497 0.071 0.068 0.250 0.114 
137 z0047562   (15)    2 :  0.114 0.205 0.233 0.358 0.091 
138 z0047854    (1)    2 :  0.070 0.182 0.206 0.314 0.228 
139 z0051185    (1)    1 :  0.221 0.132 0.113 0.063 0.471 
140 z0051324    (6)    1 :  0.455 0.073 0.167 0.095 0.210 
141 z0051326    (0)    1 :  0.437 0.071 0.149 0.090 0.253 
142 z0051327    (4)    3 :  0.136 0.184 0.115 0.272 0.293 
143 z0051328    (3)    1 :  0.394 0.109 0.088 0.142 0.267 
144 z0051380    (0)    1 :  0.175 0.168 0.070 0.043 0.543 
145 z0051400    (0)    3 :  0.321 0.248 0.113 0.157 0.161 
146 z0051431   (23)    3 :  0.122 0.192 0.109 0.279 0.298 
147 z0051840   (34)    2 :  0.180 0.096 0.245 0.419 0.060 
148 z0051844   (27)    2 :  0.069 0.240 0.277 0.269 0.145 
149 z0051875   (29)    3 :  0.375 0.165 0.117 0.128 0.215 
150 z0051885    (8)    3 :  0.095 0.113 0.114 0.472 0.206 
151 z0051888    (1)    2 :  0.364 0.085 0.081 0.396 0.075 
152 z0051891    (1)    1 :  0.151 0.388 0.124 0.111 0.225 
153 z0051893    (4)    1 :  0.476 0.141 0.139 0.113 0.131 
154 z0051895    (0)    3 :  0.506 0.108 0.100 0.111 0.175 
155 z0051918    (1)    3 :  0.060 0.128 0.389 0.298 0.126 
156 z0051929    (1)    1 :  0.309 0.132 0.069 0.096 0.393 
157 z0051939   (12)    3 :  0.205 0.169 0.168 0.283 0.175 
158 z0051947    (3)    1 :  0.511 0.191 0.089 0.093 0.115 
159 z0051959    (2)    3 :  0.096 0.151 0.172 0.183 0.398 
160 z0052846    (0)    4 :  0.134 0.328 0.108 0.218 0.213 
161 z0052882    (1)    2 :  0.221 0.243 0.148 0.264 0.125 
162 z0053020   (22)    2 :  0.052 0.468 0.203 0.152 0.126 
163 z0053024   (13)    2 :  0.183 0.177 0.161 0.218 0.262 
164 z0053025    (5)    2 :  0.047 0.085 0.076 0.626 0.166 
165 z0053031    (0)    2 :  0.136 0.231 0.230 0.214 0.188 
166 z0053032    (1)    2 :  0.080 0.438 0.157 0.204 0.122 
167 z0053040    (5)    2 :  0.115 0.308 0.186 0.230 0.161 
168 z0053051    (1)    3 :  0.195 0.355 0.156 0.060 0.235 
169 z0053054    (6)    3 :  0.245 0.282 0.106 0.082 0.285 
170 z0053071    (3)    2 :  0.159 0.222 0.082 0.457 0.078 
171 z0053073    (2)    2 :  0.115 0.388 0.155 0.085 0.257 
172 z0053078    (1)    3 :  0.039 0.109 0.528 0.245 0.079 
173 z0053082    (2)    3 :  0.164 0.277 0.092 0.365 0.102 
174 z0053083   (12)    2 :  0.125 0.249 0.188 0.271 0.167 
175 z0053090   (11)    3 :  0.055 0.229 0.206 0.352 0.159 
176 z0053096    (0)    2 :  0.053 0.102 0.314 0.483 0.048 
177 z0053100    (8)    2 :  0.075 0.344 0.134 0.316 0.131 
178 z0053101    (0)    2 :  0.076 0.073 0.410 0.344 0.097 
179 z0053102    (9)    2 :  0.119 0.263 0.146 0.359 0.113 
180 z0053103    (1)    2 :  0.085 0.140 0.064 0.635 0.075 
181 z0053111    (2)    3 :  0.169 0.220 0.168 0.129 0.315 
182 z0053131    (0)    2 :  0.205 0.110 0.156 0.370 0.159 
183 z0053132    (0)    2 :  0.058 0.172 0.484 0.228 0.059 
184 z0053133    (1)    2 :  0.181 0.255 0.262 0.115 0.187 
185 z0053138    (0)    2 :  0.182 0.104 0.096 0.261 0.357 
186 z0053142    (3)    2 :  0.132 0.131 0.132 0.454 0.150 
187 z0053149    (1)    2 :  0.065 0.197 0.183 0.380 0.175 
188 z0053754    (1)    1 :  0.133 0.081 0.196 0.122 0.468 
189 z0053756    (2)    1 :  0.106 0.088 0.256 0.092 0.458 
190 z0053758   (17)    1 :  0.534 0.093 0.221 0.059 0.094 
191 z0053759    (1)    1 :  0.375 0.173 0.119 0.079 0.253 
192 z0053760    (0)    1 :  0.161 0.178 0.205 0.103 0.353 
193 z0053842    (2)    1 :  0.080 0.252 0.060 0.103 0.506 
194 z0053843    (6)    1 :  0.643 0.081 0.085 0.101 0.090 
195 z0053844    (9)    1 :  0.307 0.155 0.117 0.134 0.286 
196 z0053846    (3)    1 :  0.746 0.058 0.080 0.055 0.061 
197 z0053847    (1)    1 :  0.529 0.127 0.096 0.175 0.073 
198 z0053849    (1)    1 :  0.103 0.140 0.161 0.107 0.489 
199 z0055903    (1)    4 :  0.112 0.469 0.170 0.097 0.153 
200 z0055910   (35)    4 :  0.150 0.256 0.176 0.252 0.167 
201 z0055912    (7)    4 :  0.084 0.136 0.371 0.222 0.187 
202 z0055916   (17)    4 :  0.105 0.319 0.118 0.110 0.348 
203 z0055931    (4)    4 :  0.085 0.152 0.130 0.523 0.110 
204 z0055944    (4)    4 :  0.170 0.297 0.165 0.172 0.196 
205 z0055947   (10)    4 :  0.115 0.244 0.158 0.166 0.316 
206 z0055962    (6)    4 :  0.083 0.130 0.112 0.266 0.410 
207 z0055963   (21)    4 :  0.237 0.191 0.190 0.267 0.114 
208 z0055965   (26)    4 :  0.176 0.307 0.296 0.066 0.155 
209 z0055970   (16)    4 :  0.135 0.349 0.103 0.218 0.196 
210 z0055971    (8)    4 :  0.276 0.207 0.180 0.182 0.155 
211 z0055977    (6)    4 :  0.114 0.153 0.190 0.365 0.179 
212 z0055986   (21)    4 :  0.242 0.341 0.088 0.141 0.189 
213 z0055990    (7)    4 :  0.113 0.138 0.187 0.444 0.118 
214 z0055996    (3)    4 :  0.209 0.182 0.078 0.265 0.266 
215 z0055997    (4)    4 :  0.189 0.233 0.093 0.331 0.154 
216 z0055998    (5)    4 :  0.086 0.246 0.254 0.129 0.284 
217 z0055999    (3)    4 :  0.317 0.191 0.222 0.117 0.152 
218 z0056011    (9)    4 :  0.086 0.345 0.140 0.086 0.343 
219 z0056029    (5)    4 :  0.117 0.415 0.106 0.132 0.229 
220 z0056034    (2)    4 :  0.049 0.276 0.131 0.351 0.193 
221 z0056056   (26)    3 :  0.171 0.287 0.150 0.168 0.225 
222 z0056058    (5)    3 :  0.300 0.274 0.077 0.044 0.305 
223 z0056059    (8)    3 :  0.123 0.389 0.250 0.073 0.165 
224 z0056062    (1)    3 :  0.116 0.504 0.146 0.124 0.110 
225 z0056063    (4)    3 :  0.208 0.298 0.141 0.103 0.251 
226 z0056064    (0)    3 :  0.267 0.190 0.308 0.104 0.130 
227 z0056065    (0)    3 :  0.363 0.238 0.152 0.084 0.164 
228 z0056069    (1)    3 :  0.060 0.673 0.072 0.108 0.088 
229 z0056073    (0)    3 :  0.174 0.231 0.072 0.054 0.468 
230 z0056076    (5)    3 :  0.413 0.110 0.200 0.214 0.062 
231 z0056079   (10)    3 :  0.193 0.245 0.149 0.056 0.357 
232 z0056085    (1)    3 :  0.353 0.117 0.173 0.109 0.248 
233 z0056092    (1)    3 :  0.252 0.186 0.245 0.094 0.224 
234 z0056095    (1)    3 :  0.281 0.261 0.281 0.064 0.114 
235 z0056103    (8)    3 :  0.174 0.250 0.183 0.055 0.337 
236 z0056374    (8)    1 :  0.180 0.250 0.099 0.062 0.409 
237 z0056375    (0)    1 :  0.396 0.229 0.104 0.083 0.188 
238 z0056377    (0)    1 :  0.109 0.160 0.129 0.084 0.517 
239 z0056378    (2)    1 :  0.465 0.244 0.066 0.131 0.093 
240 z0056382    (1)    1 :  0.680 0.068 0.132 0.058 0.061 
241 z0056384    (3)    1 :  0.309 0.173 0.233 0.125 0.160 
242 z0056386    (8)    1 :  0.642 0.087 0.114 0.060 0.097 
243 z0056389    (1)    1 :  0.642 0.073 0.116 0.059 0.110 
244 z0056391    (2)    1 :  0.740 0.044 0.039 0.026 0.151 
245 z0056392   (12)    1 :  0.274 0.106 0.056 0.099 0.466 
246 z0056393    (9)    1 :  0.125 0.185 0.162 0.108 0.419 
247 z0056394    (1)    1 :  0.218 0.146 0.085 0.077 0.475 
248 z0056395    (2)    1 :  0.112 0.196 0.122 0.141 0.428 
249 z0056397    (1)    1 :  0.090 0.133 0.179 0.244 0.353 
250 z0061527    (3)    3 :  0.119 0.217 0.101 0.368 0.195 
251 z0061967    (1)    3 :  0.220 0.180 0.106 0.194 0.300 
252 z0061969    (1)    3 :  0.147 0.193 0.061 0.273 0.327 
253 z0061980    (1)    1 :  0.324 0.077 0.120 0.236 0.243 
254 z0066166    (3)    3 :  0.262 0.140 0.146 0.132 0.320 
255 z0066792    (2)    1 :  0.148 0.056 0.680 0.071 0.045 
256 z0066805    (2)    1 :  0.076 0.108 0.677 0.062 0.077 
257 z0068471    (3)    3 :  0.242 0.212 0.155 0.118 0.273 
258 z0075696    (7)    5 :  0.060 0.099 0.739 0.055 0.046 
259 z0101084    (8)    1 :  0.578 0.160 0.074 0.091 0.097 
260 z0107099    (3)    3 :  0.523 0.108 0.092 0.035 0.242 
261 z0107101    (0)    1 :  0.789 0.048 0.045 0.043 0.075 
262 z0108489    (1)    1 :  0.126 0.358 0.171 0.150 0.195 
263 z0108513    (0)    1 :  0.592 0.046 0.061 0.161 0.140 
264 z0108528    (1)    3 :  0.158 0.198 0.121 0.214 0.309 
265 z0113628    (2)    3 :  0.096 0.362 0.241 0.103 0.198 
266 z0133302   (18)    1 :  0.383 0.171 0.142 0.195 0.110 
267 z0173485    (0)    1 :  0.145 0.329 0.114 0.208 0.204 
268 z0175371    (1)    3 :  0.093 0.114 0.384 0.209 0.200 
269 z0175378    (0)    2 :  0.138 0.157 0.058 0.554 0.094 
270 z0175912    (6)    1 :  0.139 0.254 0.128 0.106 0.373 
271 z0175916    (3)    1 :  0.172 0.141 0.230 0.290 0.168 
272 z0175937    (1)    1 :  0.399 0.158 0.125 0.090 0.229 
273 z0178348   (13)    1 :  0.186 0.130 0.089 0.073 0.522 
274 z0187857    (3)    1 :  0.516 0.161 0.083 0.105 0.136 
275 z0187860    (0)    1 :  0.179 0.352 0.137 0.147 0.186 
276 z0187885    (0)    2 :  0.137 0.164 0.341 0.263 0.094 
277 z0187906   (10)    1 :  0.148 0.269 0.364 0.083 0.136 
278 z0195655    (0)    2 :  0.090 0.075 0.084 0.653 0.098 
279 z0195663    (1)    3 :  0.059 0.259 0.135 0.345 0.203 
280 z0195683    (1)    3 :  0.441 0.229 0.075 0.066 0.188 
281 z0195687   (22)    3 :  0.332 0.105 0.141 0.046 0.377 
282 z0195688    (0)    2 :  0.111 0.200 0.314 0.220 0.156 
283 z0195691    (1)    3 :  0.057 0.389 0.240 0.053 0.262 
284 z0195699    (0)    3 :  0.158 0.254 0.096 0.083 0.408 
285 z0195701    (8)    3 :  0.476 0.108 0.148 0.124 0.143 
286 z0195702    (0)    3 :  0.187 0.189 0.253 0.166 0.205 
287 z0195704    (1)    3 :  0.221 0.228 0.167 0.139 0.245 
288 z0195705    (1)    3 :  0.047 0.412 0.097 0.288 0.155 
289 z0195711    (0)    3 :  0.131 0.208 0.357 0.063 0.241 
290 z0195716    (0)    3 :  0.238 0.122 0.309 0.106 0.225 
291 z0195718   (13)    3 :  0.344 0.212 0.208 0.057 0.179 
292 z0195725    (5)    3 :  0.112 0.131 0.099 0.255 0.403 
293 z0195726   (17)    1 :  0.064 0.307 0.129 0.078 0.422 
294 z0195728   (14)    3 :  0.625 0.160 0.062 0.037 0.116 
295 z0195732   (16)    3 :  0.221 0.209 0.101 0.054 0.415 
296 z0195737    (1)    3 :  0.171 0.261 0.218 0.251 0.099 
297 z0195740   (30)    3 :  0.117 0.300 0.119 0.093 0.371 
298 z0195751    (1)    3 :  0.550 0.145 0.101 0.076 0.128 
299 z0195762    (2)    3 :  0.212 0.065 0.354 0.076 0.292 
300 z0195784    (0)    3 :  0.399 0.231 0.145 0.059 0.166 
301 z0196686    (0)    5 :  0.045 0.042 0.840 0.034 0.039 
302 z0196687    (0)    5 :  0.082 0.056 0.694 0.080 0.088 
303 z0196689    (1)    5 :  0.050 0.052 0.732 0.065 0.101 
304 z0196690    (3)    5 :  0.195 0.066 0.647 0.042 0.050 
305 z0196691    (9)    5 :  0.078 0.105 0.683 0.053 0.081 
306 z0196692    (1)    5 :  0.098 0.088 0.623 0.079 0.112 
307 z0196693    (2)    5 :  0.094 0.050 0.691 0.051 0.114 
308 z0196694    (3)    5 :  0.070 0.115 0.681 0.068 0.066 
309 z0196710    (0)    3 :  0.128 0.194 0.195 0.211 0.273 
310 z0196715   (23)    3 :  0.274 0.154 0.094 0.064 0.414 
311 z0196719    (0)    3 :  0.173 0.146 0.126 0.143 0.413 
312 z0196724   (20)    3 :  0.291 0.205 0.078 0.137 0.290 
313 z0196725    (1)    3 :  0.253 0.346 0.148 0.079 0.174 
314 z0196729    (3)    3 :  0.209 0.166 0.121 0.164 0.339 
315 z0196730    (3)    1 :  0.325 0.165 0.230 0.111 0.169 
316 z0196731    (1)    3 :  0.259 0.107 0.136 0.049 0.449 
317 z0196733   (17)    1 :  0.198 0.151 0.116 0.070 0.465 
318 z0196734    (2)    3 :  0.196 0.342 0.120 0.149 0.193 
319 z0196739   (18)    3 :  0.325 0.170 0.090 0.241 0.175 
320 z0196740   (10)    3 :  0.237 0.071 0.196 0.102 0.395 
321 z0196746    (3)    1 :  0.502 0.191 0.120 0.105 0.082 
322 z0196751    (0)    3 :  0.328 0.187 0.160 0.186 0.140 
323 z0196752    (0)    3 :  0.228 0.083 0.463 0.068 0.159 
324 z0196754    (0)    3 :  0.401 0.198 0.101 0.119 0.181 
325 z0196758    (2)    1 :  0.275 0.145 0.178 0.092 0.310 
326 z0196763    (2)    3 :  0.155 0.300 0.141 0.072 0.332 
327 z0196764    (1)    3 :  0.207 0.168 0.164 0.152 0.310 
328 z0196766    (0)    3 :  0.312 0.184 0.160 0.139 0.206 
329 z0196769    (1)    3 :  0.386 0.141 0.192 0.091 0.190 
330 z0196774    (1)    3 :  0.390 0.080 0.329 0.078 0.123 
331 z0196783    (0)    1 :  0.759 0.057 0.077 0.036 0.072 
332 z0196794    (2)    1 :  0.690 0.066 0.121 0.045 0.077 
333 z0196804   (15)    1 :  0.236 0.127 0.100 0.098 0.438 
334 z0196809   (15)    3 :  0.109 0.083 0.180 0.053 0.575 
335 z0196810    (2)    1 :  0.106 0.161 0.177 0.076 0.479 
336 z0196811    (1)    1 :  0.138 0.124 0.090 0.046 0.603 
337 z0196824    (0)    3 :  0.151 0.287 0.193 0.189 0.181 
338 z0196825    (1)    3 :  0.205 0.299 0.059 0.179 0.258 
339 z0196828    (1)    2 :  0.239 0.192 0.109 0.132 0.327 
340 z0196829    (0)    3 :  0.082 0.239 0.114 0.092 0.473 
341 z0196834   (28)    3 :  0.297 0.153 0.141 0.208 0.200 
342 z0196835    (0)    3 :  0.432 0.155 0.039 0.119 0.256 
343 z0196838    (2)    1 :  0.113 0.076 0.168 0.047 0.596 
344 z0196841   (22)    3 :  0.370 0.120 0.250 0.088 0.172 
345 z0196843   (27)    3 :  0.250 0.286 0.113 0.063 0.288 
346 z0196849    (1)    3 :  0.381 0.139 0.141 0.101 0.238 
347 z0196852    (1)    2 :  0.105 0.248 0.301 0.155 0.190 
348 z0196855    (0)    2 :  0.136 0.182 0.219 0.161 0.301 
349 z0196856    (1)    3 :  0.116 0.246 0.223 0.138 0.277 
350 z0196857    (0)    2 :  0.383 0.080 0.074 0.390 0.072 
351 z0196864    (2)    3 :  0.096 0.308 0.160 0.216 0.220 
352 z0196894    (0)    3 :  0.157 0.299 0.167 0.059 0.318 
353 z0197662    (3)    1 :  0.094 0.340 0.139 0.151 0.275 
354 z0197665    (2)    1 :  0.504 0.056 0.184 0.102 0.154 
355 z0197668   (20)    3 :  0.115 0.143 0.442 0.100 0.200 
356 z0197669    (1)    3 :  0.119 0.365 0.206 0.176 0.133 
357 z0197672    (1)    3 :  0.389 0.148 0.183 0.147 0.133 


Estimated Allele Frequencies in each cluster
First column gives estimated ancestral frequencies


Locus 1 : HI.v.HI.SEAK 
5 alleles
66.2% missing data
   0   (0.220) 0.110 0.224 0.326 0.182 0.118 
   4   (0.380) 0.700 0.255 0.315 0.047 0.668 
   1   (0.198) 0.062 0.262 0.178 0.717 0.093 
   2   (0.053) 0.014 0.049 0.031 0.027 0.023 
   3   (0.149) 0.116 0.209 0.149 0.027 0.098 

Locus 2 : Mnov_gtseq_1 
2 alleles
0.0% missing data
   0   (0.418) 0.348 0.455 0.459 0.307 0.417 
   1   (0.582) 0.652 0.545 0.541 0.693 0.583 

Locus 3 : Mnov_gtseq_10 
2 alleles
0.3% missing data
   0   (0.809) 0.693 0.881 0.921 0.932 0.701 
   1   (0.191) 0.307 0.119 0.079 0.068 0.299 

Locus 4 : Mnov_gtseq_102 
2 alleles
0.8% missing data
   0   (0.560) 0.411 0.552 0.553 0.750 0.630 
   1   (0.440) 0.589 0.448 0.447 0.250 0.370 

Locus 5 : Mnov_gtseq_104 
2 alleles
0.3% missing data
   0   (0.856) 0.689 0.904 0.956 0.954 0.836 
   1   (0.144) 0.311 0.096 0.044 0.046 0.164 

Locus 6 : Mnov_gtseq_106 
2 alleles
15.4% missing data
   1   (0.756) 0.836 0.816 0.706 0.772 0.764 
   0   (0.244) 0.164 0.184 0.294 0.228 0.236 

Locus 7 : Mnov_gtseq_107 
2 alleles
37.8% missing data
   1   (0.226) 0.150 0.387 0.093 0.451 0.140 
   0   (0.774) 0.850 0.613 0.907 0.549 0.860 

Locus 8 : Mnov_gtseq_111 
2 alleles
39.2% missing data
   1   (0.702) 0.537 0.800 0.835 0.429 0.769 
   0   (0.298) 0.463 0.200 0.165 0.571 0.231 

Locus 9 : Mnov_gtseq_112 
2 alleles
1.1% missing data
   0   (0.600) 0.825 0.583 0.403 0.761 0.523 
   1   (0.400) 0.175 0.417 0.597 0.239 0.477 

Locus 10 : Mnov_gtseq_113 
2 alleles
1.7% missing data
   1   (0.708) 0.831 0.755 0.648 0.636 0.720 
   0   (0.292) 0.169 0.245 0.352 0.364 0.280 

Locus 11 : Mnov_gtseq_114 
2 alleles
4.5% missing data
   0   (0.550) 0.572 0.671 0.455 0.241 0.637 
   1   (0.450) 0.428 0.329 0.545 0.759 0.363 

Locus 12 : Mnov_gtseq_117 
2 alleles
27.2% missing data
   0   (0.637) 0.526 0.583 0.666 0.890 0.602 
   1   (0.363) 0.474 0.417 0.334 0.110 0.398 

Locus 13 : Mnov_gtseq_118 
2 alleles
8.1% missing data
   0   (0.724) 0.480 0.765 0.760 0.889 0.752 
   1   (0.276) 0.520 0.235 0.240 0.111 0.248 

Locus 14 : Mnov_gtseq_12 
2 alleles
0.3% missing data
   0   (0.442) 0.579 0.310 0.689 0.265 0.397 
   1   (0.558) 0.421 0.690 0.311 0.735 0.603 

Locus 15 : Mnov_gtseq_124 
2 alleles
4.8% missing data
   1   (0.764) 0.733 0.822 0.894 0.879 0.635 
   0   (0.236) 0.267 0.178 0.106 0.121 0.365 

Locus 16 : Mnov_gtseq_125 
2 alleles
1.1% missing data
   1   (0.888) 0.987 0.872 0.959 0.639 0.905 
   0   (0.112) 0.013 0.128 0.041 0.361 0.095 

Locus 17 : Mnov_gtseq_126 
2 alleles
0.0% missing data
   0   (0.348) 0.097 0.395 0.527 0.277 0.419 
   1   (0.652) 0.903 0.605 0.473 0.723 0.581 

Locus 18 : Mnov_gtseq_127 
2 alleles
7.0% missing data
   0   (0.609) 0.750 0.594 0.628 0.453 0.618 
   1   (0.391) 0.250 0.406 0.372 0.547 0.382 

Locus 19 : Mnov_gtseq_128 
2 alleles
31.4% missing data
   0   (0.681) 0.847 0.626 0.663 0.689 0.701 
   1   (0.319) 0.153 0.374 0.337 0.311 0.299 

Locus 20 : Mnov_gtseq_129 
2 alleles
2.0% missing data
   0   (0.523) 0.444 0.746 0.262 0.574 0.510 
   1   (0.477) 0.556 0.254 0.738 0.426 0.490 

Locus 21 : Mnov_gtseq_13 
2 alleles
0.0% missing data
   0   (0.571) 0.496 0.613 0.822 0.589 0.413 
   1   (0.429) 0.504 0.387 0.178 0.411 0.587 

Locus 22 : Mnov_gtseq_130 
2 alleles
28.9% missing data
   1   (0.507) 0.443 0.385 0.685 0.474 0.551 
   0   (0.493) 0.557 0.615 0.315 0.526 0.449 

Locus 23 : Mnov_gtseq_135 
2 alleles
0.6% missing data
   1   (0.456) 0.474 0.540 0.351 0.581 0.365 
   0   (0.544) 0.526 0.460 0.649 0.419 0.635 

Locus 24 : Mnov_gtseq_138 
2 alleles
0.6% missing data
   0   (0.482) 0.375 0.578 0.412 0.351 0.551 
   1   (0.518) 0.625 0.422 0.588 0.649 0.449 

Locus 25 : Mnov_gtseq_140 
2 alleles
1.1% missing data
   0   (0.444) 0.418 0.564 0.205 0.629 0.426 
   1   (0.556) 0.582 0.436 0.795 0.371 0.574 

Locus 26 : Mnov_gtseq_141 
2 alleles
0.3% missing data
   0   (0.551) 0.725 0.572 0.387 0.555 0.551 
   1   (0.449) 0.275 0.428 0.613 0.445 0.449 

Locus 27 : Mnov_gtseq_143 
2 alleles
2.8% missing data
   1   (0.561) 0.656 0.591 0.340 0.505 0.649 
   0   (0.439) 0.344 0.409 0.660 0.495 0.351 

Locus 28 : Mnov_gtseq_145 
2 alleles
2.0% missing data
   0   (0.459) 0.589 0.390 0.369 0.537 0.417 
   1   (0.541) 0.411 0.610 0.631 0.463 0.583 

Locus 29 : Mnov_gtseq_147 
2 alleles
26.3% missing data
   0   (0.791) 0.835 0.825 0.734 0.410 0.923 
   1   (0.209) 0.165 0.175 0.266 0.590 0.077 

Locus 30 : Mnov_gtseq_148 
2 alleles
9.2% missing data
   0   (0.305) 0.227 0.302 0.439 0.104 0.344 
   1   (0.695) 0.773 0.698 0.561 0.896 0.656 

Locus 31 : Mnov_gtseq_149 
2 alleles
0.6% missing data
   0   (0.602) 0.563 0.658 0.536 0.556 0.667 
   1   (0.398) 0.437 0.342 0.464 0.444 0.333 

Locus 32 : Mnov_gtseq_15 
2 alleles
0.0% missing data
   0   (0.465) 0.644 0.385 0.487 0.437 0.388 
   1   (0.535) 0.356 0.615 0.513 0.563 0.612 

Locus 33 : Mnov_gtseq_152 
2 alleles
0.8% missing data
   0   (0.336) 0.374 0.462 0.249 0.359 0.204 
   1   (0.664) 0.626 0.538 0.751 0.641 0.796 

Locus 34 : Mnov_gtseq_154 
2 alleles
3.4% missing data
   0   (0.555) 0.643 0.549 0.568 0.394 0.567 
   1   (0.445) 0.357 0.451 0.432 0.606 0.433 

Locus 35 : Mnov_gtseq_155 
2 alleles
41.7% missing data
   0   (0.661) 0.673 0.738 0.637 0.677 0.654 
   1   (0.339) 0.327 0.262 0.363 0.323 0.346 

Locus 36 : Mnov_gtseq_157 
2 alleles
0.6% missing data
   1   (0.548) 0.577 0.592 0.506 0.643 0.511 
   0   (0.452) 0.423 0.408 0.494 0.357 0.489 

Locus 37 : Mnov_gtseq_158 
2 alleles
0.6% missing data
   0   (0.396) 0.734 0.284 0.386 0.070 0.483 
   1   (0.604) 0.266 0.716 0.614 0.930 0.517 

Locus 38 : Mnov_gtseq_159 
2 alleles
24.6% missing data
   0   (0.606) 0.709 0.607 0.471 0.382 0.757 
   1   (0.394) 0.291 0.393 0.529 0.618 0.243 

Locus 39 : Mnov_gtseq_16 
2 alleles
0.0% missing data
   0   (0.636) 0.699 0.684 0.787 0.499 0.527 
   1   (0.364) 0.301 0.316 0.213 0.501 0.473 

Locus 40 : Mnov_gtseq_160 
2 alleles
2.5% missing data
   0   (0.493) 0.477 0.478 0.435 0.380 0.621 
   1   (0.507) 0.523 0.522 0.565 0.620 0.379 

Locus 41 : Mnov_gtseq_161 
2 alleles
2.0% missing data
   1   (0.760) 0.690 0.836 0.815 0.800 0.754 
   0   (0.240) 0.310 0.164 0.185 0.200 0.246 

Locus 42 : Mnov_gtseq_162 
2 alleles
2.2% missing data
   1   (0.421) 0.664 0.508 0.242 0.475 0.281 
   0   (0.579) 0.336 0.492 0.758 0.525 0.719 

Locus 43 : Mnov_gtseq_167 
2 alleles
1.1% missing data
   1   (0.787) 0.746 0.865 0.849 0.855 0.753 
   0   (0.213) 0.254 0.135 0.151 0.145 0.247 

Locus 44 : Mnov_gtseq_17 
2 alleles
0.0% missing data
   0   (0.504) 0.694 0.408 0.566 0.498 0.424 
   1   (0.496) 0.306 0.592 0.434 0.502 0.576 

Locus 45 : Mnov_gtseq_170 
2 alleles
0.0% missing data
   0   (0.322) 0.240 0.378 0.336 0.171 0.308 
   1   (0.678) 0.760 0.622 0.664 0.829 0.692 

Locus 46 : Mnov_gtseq_171 
2 alleles
42.0% missing data
   1   (0.689) 0.531 0.747 0.763 0.720 0.734 
   0   (0.311) 0.469 0.253 0.237 0.280 0.266 

Locus 47 : Mnov_gtseq_173 
2 alleles
21.8% missing data
   1   (0.480) 0.235 0.437 0.716 0.779 0.382 
   0   (0.520) 0.765 0.563 0.284 0.221 0.618 

Locus 48 : Mnov_gtseq_174 
2 alleles
2.8% missing data
   0   (0.295) 0.224 0.269 0.275 0.506 0.227 
   1   (0.705) 0.776 0.731 0.725 0.494 0.773 

Locus 49 : Mnov_gtseq_180 
2 alleles
14.0% missing data
   0   (0.646) 0.576 0.700 0.318 0.924 0.711 
   1   (0.354) 0.424 0.300 0.682 0.076 0.289 

Locus 50 : Mnov_gtseq_182 
2 alleles
9.0% missing data
   0   (0.826) 0.656 0.884 0.942 0.805 0.853 
   1   (0.174) 0.344 0.116 0.058 0.195 0.147 

Locus 51 : Mnov_gtseq_186 
2 alleles
27.7% missing data
   0   (0.513) 0.572 0.448 0.587 0.485 0.515 
   1   (0.487) 0.428 0.552 0.413 0.515 0.485 

Locus 52 : Mnov_gtseq_187 
2 alleles
7.6% missing data
   1   (0.570) 0.648 0.414 0.553 0.814 0.551 
   0   (0.430) 0.352 0.586 0.447 0.186 0.449 

Locus 53 : Mnov_gtseq_188 
2 alleles
13.4% missing data
   0   (0.561) 0.494 0.597 0.853 0.656 0.310 
   1   (0.439) 0.506 0.403 0.147 0.344 0.690 

Locus 54 : Mnov_gtseq_189 
2 alleles
3.6% missing data
   0   (0.451) 0.599 0.527 0.199 0.482 0.444 
   1   (0.549) 0.401 0.473 0.801 0.518 0.556 

Locus 55 : Mnov_gtseq_19 
2 alleles
0.0% missing data
   1   (0.932) 0.993 0.977 0.846 0.764 0.978 
   0   (0.068) 0.007 0.023 0.154 0.236 0.022 

Locus 56 : Mnov_gtseq_190 
2 alleles
0.0% missing data
   1   (0.426) 0.367 0.456 0.409 0.311 0.443 
   0   (0.574) 0.633 0.544 0.591 0.689 0.557 

Locus 57 : Mnov_gtseq_191 
2 alleles
26.3% missing data
   0   (0.894) 0.923 0.953 0.841 0.989 0.811 
   1   (0.106) 0.077 0.047 0.159 0.011 0.189 

Locus 58 : Mnov_gtseq_192 
2 alleles
21.0% missing data
   0   (0.818) 0.776 0.882 0.898 0.786 0.823 
   1   (0.182) 0.224 0.118 0.102 0.214 0.177 

Locus 59 : Mnov_gtseq_193 
2 alleles
0.0% missing data
   0   (0.715) 0.772 0.838 0.576 0.751 0.697 
   1   (0.285) 0.228 0.162 0.424 0.249 0.303 

Locus 60 : Mnov_gtseq_195 
2 alleles
0.0% missing data
   0   (0.553) 0.376 0.601 0.732 0.477 0.563 
   1   (0.447) 0.624 0.399 0.268 0.523 0.437 

Locus 61 : Mnov_gtseq_196 
2 alleles
0.3% missing data
   0   (0.312) 0.505 0.260 0.435 0.121 0.230 
   1   (0.688) 0.495 0.740 0.565 0.879 0.770 

Locus 62 : Mnov_gtseq_197 
3 alleles
0.3% missing data
   1   (0.383) 0.490 0.402 0.378 0.268 0.319 
   0   (0.438) 0.424 0.457 0.207 0.669 0.528 
   2   (0.179) 0.087 0.141 0.416 0.063 0.153 

Locus 63 : Mnov_gtseq_2 
2 alleles
0.3% missing data
   0   (0.206) 0.054 0.235 0.188 0.212 0.251 
   1   (0.794) 0.946 0.765 0.812 0.788 0.749 

Locus 64 : Mnov_gtseq_200 
2 alleles
2.8% missing data
   0   (0.421) 0.300 0.520 0.268 0.702 0.351 
   1   (0.579) 0.700 0.480 0.732 0.298 0.649 

Locus 65 : Mnov_gtseq_201 
2 alleles
0.0% missing data
   0   (0.871) 0.736 0.944 0.905 0.979 0.822 
   1   (0.129) 0.264 0.056 0.095 0.021 0.178 

Locus 66 : Mnov_gtseq_202 
2 alleles
0.0% missing data
   0   (0.431) 0.418 0.380 0.292 0.637 0.452 
   1   (0.569) 0.582 0.620 0.708 0.363 0.548 

Locus 67 : Mnov_gtseq_204 
2 alleles
3.9% missing data
   0   (0.437) 0.486 0.343 0.471 0.612 0.376 
   1   (0.563) 0.514 0.657 0.529 0.388 0.624 

Locus 68 : Mnov_gtseq_205 
3 alleles
0.0% missing data
   0   (0.219) 0.314 0.126 0.204 0.233 0.203 
   2   (0.713) 0.667 0.834 0.716 0.705 0.772 
   1   (0.067) 0.019 0.040 0.081 0.062 0.025 

Locus 69 : Mnov_gtseq_208 
2 alleles
0.0% missing data
   0   (0.643) 0.702 0.740 0.524 0.337 0.742 
   1   (0.357) 0.298 0.260 0.476 0.663 0.258 

Locus 70 : Mnov_gtseq_209 
2 alleles
0.0% missing data
   0   (0.454) 0.433 0.581 0.315 0.591 0.367 
   1   (0.546) 0.567 0.419 0.685 0.409 0.633 

Locus 71 : Mnov_gtseq_21 
2 alleles
0.0% missing data
   1   (0.530) 0.615 0.481 0.596 0.283 0.609 
   0   (0.470) 0.385 0.519 0.404 0.717 0.391 

Locus 72 : Mnov_gtseq_210 
2 alleles
5.0% missing data
   0   (0.383) 0.644 0.312 0.380 0.198 0.354 
   1   (0.617) 0.356 0.688 0.620 0.802 0.646 

Locus 73 : Mnov_gtseq_213 
2 alleles
5.6% missing data
   0   (0.512) 0.551 0.542 0.440 0.333 0.605 
   1   (0.488) 0.449 0.458 0.560 0.667 0.395 

Locus 74 : Mnov_gtseq_214 
2 alleles
5.3% missing data
   0   (0.546) 0.478 0.539 0.395 0.768 0.610 
   1   (0.454) 0.522 0.461 0.605 0.232 0.390 

Locus 75 : Mnov_gtseq_215 
2 alleles
0.0% missing data
   0   (0.461) 0.388 0.662 0.408 0.503 0.328 
   1   (0.539) 0.612 0.338 0.592 0.497 0.672 

Locus 76 : Mnov_gtseq_216 
2 alleles
0.0% missing data
   1   (0.538) 0.418 0.655 0.644 0.605 0.433 
   0   (0.462) 0.582 0.345 0.356 0.395 0.567 

Locus 77 : Mnov_gtseq_217 
2 alleles
24.4% missing data
   0   (0.319) 0.309 0.391 0.240 0.131 0.353 
   1   (0.681) 0.691 0.609 0.760 0.869 0.647 

Locus 78 : Mnov_gtseq_218 
2 alleles
0.3% missing data
   0   (0.616) 0.318 0.684 0.784 0.767 0.589 
   1   (0.384) 0.682 0.316 0.216 0.233 0.411 

Locus 79 : Mnov_gtseq_22 
2 alleles
3.9% missing data
   1   (0.590) 0.536 0.599 0.559 0.783 0.573 
   0   (0.410) 0.464 0.401 0.441 0.217 0.427 

Locus 80 : Mnov_gtseq_220 
2 alleles
0.3% missing data
   0   (0.524) 0.459 0.488 0.612 0.692 0.503 
   1   (0.476) 0.541 0.512 0.388 0.308 0.497 

Locus 81 : Mnov_gtseq_222 
2 alleles
14.3% missing data
   0   (0.520) 0.174 0.629 0.761 0.651 0.478 
   1   (0.480) 0.826 0.371 0.239 0.349 0.522 

Locus 82 : Mnov_gtseq_223 
2 alleles
2.5% missing data
   0   (0.643) 0.808 0.710 0.660 0.608 0.506 
   1   (0.357) 0.192 0.290 0.340 0.392 0.494 

Locus 83 : Mnov_gtseq_225 
2 alleles
0.0% missing data
   0   (0.523) 0.585 0.521 0.304 0.487 0.660 
   1   (0.477) 0.415 0.479 0.696 0.513 0.340 

Locus 84 : Mnov_gtseq_227 
2 alleles
0.3% missing data
   0   (0.515) 0.442 0.464 0.695 0.704 0.395 
   1   (0.485) 0.558 0.536 0.305 0.296 0.605 

Locus 85 : Mnov_gtseq_229 
2 alleles
0.8% missing data
   1   (0.536) 0.540 0.519 0.583 0.692 0.465 
   0   (0.464) 0.460 0.481 0.417 0.308 0.535 

Locus 86 : Mnov_gtseq_230 
2 alleles
10.4% missing data
   0   (0.787) 0.697 0.872 0.940 0.872 0.568 
   1   (0.213) 0.303 0.128 0.060 0.128 0.432 

Locus 87 : Mnov_gtseq_232 
2 alleles
0.0% missing data
   0   (0.483) 0.467 0.484 0.329 0.788 0.448 
   1   (0.517) 0.533 0.516 0.671 0.212 0.552 

Locus 88 : Mnov_gtseq_234 
2 alleles
9.8% missing data
   0   (0.723) 0.713 0.752 0.733 0.865 0.720 
   1   (0.277) 0.287 0.248 0.267 0.135 0.280 

Locus 89 : Mnov_gtseq_235 
2 alleles
0.3% missing data
   0   (0.780) 0.702 0.818 0.891 0.901 0.740 
   1   (0.220) 0.298 0.182 0.109 0.099 0.260 

Locus 90 : Mnov_gtseq_237 
2 alleles
0.3% missing data
   0   (0.559) 0.392 0.665 0.451 0.796 0.544 
   1   (0.441) 0.608 0.335 0.549 0.204 0.456 

Locus 91 : Mnov_gtseq_238 
2 alleles
0.0% missing data
   0   (0.603) 0.710 0.475 0.590 0.881 0.550 
   1   (0.397) 0.290 0.525 0.410 0.119 0.450 

Locus 92 : Mnov_gtseq_239 
2 alleles
0.0% missing data
   0   (0.731) 0.660 0.857 0.747 0.709 0.711 
   1   (0.269) 0.340 0.143 0.253 0.291 0.289 

Locus 93 : Mnov_gtseq_240 
2 alleles
0.0% missing data
   1   (0.419) 0.210 0.466 0.362 0.378 0.551 
   0   (0.581) 0.790 0.534 0.638 0.622 0.449 

Locus 94 : Mnov_gtseq_241 
2 alleles
0.0% missing data
   0   (0.851) 0.741 0.928 0.898 0.814 0.913 
   1   (0.149) 0.259 0.072 0.102 0.186 0.087 

Locus 95 : Mnov_gtseq_243 
2 alleles
0.0% missing data
   0   (0.586) 0.424 0.549 0.716 0.604 0.653 
   1   (0.414) 0.576 0.451 0.284 0.396 0.347 

Locus 96 : Mnov_gtseq_244 
2 alleles
0.0% missing data
   0   (0.339) 0.429 0.345 0.174 0.470 0.294 
   1   (0.661) 0.571 0.655 0.826 0.530 0.706 

Locus 97 : Mnov_gtseq_245 
2 alleles
20.7% missing data
   1   (0.520) 0.505 0.560 0.354 0.657 0.550 
   0   (0.480) 0.495 0.440 0.646 0.343 0.450 

Locus 98 : Mnov_gtseq_246 
2 alleles
0.3% missing data
   0   (0.456) 0.424 0.476 0.184 0.544 0.619 
   1   (0.544) 0.576 0.524 0.816 0.456 0.381 

Locus 99 : Mnov_gtseq_247 
2 alleles
3.4% missing data
   0   (0.291) 0.189 0.185 0.452 0.162 0.389 
   1   (0.709) 0.811 0.815 0.548 0.838 0.611 

Locus 100 : Mnov_gtseq_248 
2 alleles
0.3% missing data
   0   (0.238) 0.074 0.273 0.317 0.407 0.174 
   1   (0.762) 0.926 0.727 0.683 0.593 0.826 

Locus 101 : Mnov_gtseq_25 
2 alleles
0.3% missing data
   0   (0.454) 0.547 0.492 0.284 0.703 0.340 
   1   (0.546) 0.453 0.508 0.716 0.297 0.660 

Locus 102 : Mnov_gtseq_250 
2 alleles
3.9% missing data
   0   (0.786) 0.639 0.745 0.881 0.699 0.906 
   1   (0.214) 0.361 0.255 0.119 0.301 0.094 

Locus 103 : Mnov_gtseq_251 
2 alleles
2.0% missing data
   1   (0.212) 0.077 0.243 0.122 0.187 0.298 
   0   (0.788) 0.923 0.757 0.878 0.813 0.702 

Locus 104 : Mnov_gtseq_253 
2 alleles
16.2% missing data
   0   (0.479) 0.328 0.545 0.660 0.472 0.388 
   1   (0.521) 0.672 0.455 0.340 0.528 0.612 

Locus 105 : Mnov_gtseq_254 
2 alleles
0.0% missing data
   1   (0.909) 0.940 0.962 0.916 0.991 0.847 
   0   (0.091) 0.060 0.038 0.084 0.009 0.153 

Locus 106 : Mnov_gtseq_255 
2 alleles
0.0% missing data
   0   (0.358) 0.399 0.356 0.234 0.525 0.292 
   1   (0.642) 0.601 0.644 0.766 0.475 0.708 

Locus 107 : Mnov_gtseq_257 
2 alleles
0.0% missing data
   0   (0.622) 0.757 0.660 0.480 0.403 0.723 
   1   (0.378) 0.243 0.340 0.520 0.597 0.277 

Locus 108 : Mnov_gtseq_258 
2 alleles
0.0% missing data
   0   (0.513) 0.351 0.433 0.712 0.658 0.518 
   1   (0.487) 0.649 0.567 0.288 0.342 0.482 

Locus 109 : Mnov_gtseq_26 
2 alleles
0.0% missing data
   1   (0.893) 0.957 0.919 0.941 0.971 0.840 
   0   (0.107) 0.043 0.081 0.059 0.029 0.160 

Locus 110 : Mnov_gtseq_260 
2 alleles
0.3% missing data
   0   (0.755) 0.893 0.754 0.705 0.781 0.747 
