

----------------------------------------------------
STRUCTURE by Pritchard, Stephens and Donnelly (2000)
     and Falush, Stephens and Pritchard (2003)
       Code by Pritchard, Falush and Hubisz
             Version 2.3.4 (Jul 2012)
----------------------------------------------------



Command line arguments:   structure -m wint.area.structureRun/wint.area.structureRun.k6.r3_mainparams -e wint.area.structureRun/wint.area.structureRun.k6.r3_extraparams -i wint.area.structureRun/wint.area.structureRun.k6.r3_data -o wint.area.structureRun/wint.area.structureRun.k6.r3_out 
Input File:    wint.area.structureRun/wint.area.structureRun.k6.r3_data

Run parameters:
   350 individuals
   298 loci
   6 populations assumed
   1000 Burn-in period
   10000 Reps


--------------------------------------------
Proportion of membership of each pre-defined
 population in each of the 6 clusters

Given    Inferred Clusters                            Number of
 Pop       1      2      3      4      5      6      Individuals

  1:     0.151  0.156  0.085  0.203  0.258  0.147       77
  2:     0.124  0.169  0.319  0.120  0.104  0.164      124
  3:     0.155  0.186  0.124  0.192  0.157  0.187      113
  4:     0.141  0.195  0.196  0.151  0.120  0.197       27
  5:     0.598  0.096  0.063  0.080  0.081  0.081        9
--------------------------------------------

Allele-freq. divergence among pops (Net nucleotide distance),
computed using point estimates of P.

      1       2       3       4       5       6      
 1      -    0.0194  0.0609  0.0342  0.0477  0.0259  
 2   0.0194     -    0.0355  0.0083  0.0226  0.0029  
 3   0.0609  0.0355     -    0.0535  0.0671  0.0422  
 4   0.0342  0.0083  0.0535     -    0.0321  0.0136  
 5   0.0477  0.0226  0.0671  0.0321     -    0.0283  
 6   0.0259  0.0029  0.0422  0.0136  0.0283     -    

Average distances (expected heterozygosity) between individuals in same cluster:
cluster  1  : 0.4122 
cluster  2  : 0.4582 
cluster  3  : 0.3964 
cluster  4  : 0.4415 
cluster  5  : 0.4184 
cluster  6  : 0.4414 

--------------------------------------------
Estimated Ln Prob of Data   = -157793.9
Mean value of ln likelihood = -134416.8
Variance of ln likelihood   = 46754.1
Mean value of alpha         = 1.0000

Mean value of Fst_1         = 0.1440
Mean value of Fst_2         = 0.0032
Mean value of Fst_3         = 0.2108
Mean value of Fst_4         = 0.0971
Mean value of Fst_5         = 0.1600
Mean value of Fst_6         = 0.0683


Inferred ancestry of individuals:
        Label (%Miss) Pop:  Inferred clusters
  1   207778    (1)    2 :  0.075 0.148 0.360 0.118 0.119 0.181 
  2 z0005757    (7)    3 :  0.122 0.232 0.098 0.136 0.238 0.174 
  3 z0005758    (0)    3 :  0.133 0.172 0.094 0.115 0.240 0.246 
  4 z0011944    (0)    1 :  0.682 0.074 0.087 0.048 0.045 0.064 
  5 z0012702    (8)    4 :  0.170 0.109 0.504 0.088 0.038 0.091 
  6 z0016577    (1)    3 :  0.077 0.229 0.158 0.146 0.169 0.221 
  7 z0016578   (20)    1 :  0.091 0.112 0.042 0.537 0.089 0.129 
  8 z0016579    (1)    3 :  0.182 0.199 0.093 0.100 0.121 0.305 
  9 z0018264    (0)    1 :  0.580 0.111 0.080 0.067 0.085 0.077 
 10 z0029828    (2)    3 :  0.073 0.178 0.078 0.374 0.101 0.196 
 11 z0029829   (13)    1 :  0.050 0.148 0.054 0.445 0.127 0.176 
 12 z0029846    (0)    1 :  0.103 0.196 0.148 0.223 0.177 0.153 
 13 z0029860    (0)    3 :  0.073 0.176 0.106 0.370 0.129 0.146 
 14 z0029863    (1)    1 :  0.353 0.169 0.089 0.153 0.057 0.178 
 15 z0029864    (8)    1 :  0.309 0.139 0.082 0.261 0.094 0.115 
 16 z0029865   (12)    3 :  0.090 0.127 0.036 0.113 0.269 0.365 
 17 z0037607    (1)    3 :  0.253 0.247 0.125 0.145 0.046 0.184 
 18 z0037609   (23)    3 :  0.157 0.184 0.095 0.224 0.112 0.227 
 19 z0037624   (20)    1 :  0.087 0.170 0.118 0.101 0.312 0.213 
 20 z0038417    (7)    2 :  0.122 0.109 0.494 0.076 0.089 0.110 
 21 z0040275    (8)    2 :  0.143 0.125 0.416 0.145 0.057 0.114 
 22 z0040287    (3)    2 :  0.208 0.195 0.127 0.168 0.099 0.203 
 23 z0040308    (0)    2 :  0.052 0.150 0.344 0.073 0.111 0.271 
 24 z0040333    (1)    2 :  0.072 0.265 0.251 0.178 0.058 0.176 
 25 z0040334    (1)    2 :  0.080 0.108 0.573 0.061 0.053 0.125 
 26 z0040337    (4)    2 :  0.143 0.313 0.182 0.121 0.068 0.174 
 27 z0040345    (1)    2 :  0.131 0.120 0.414 0.060 0.073 0.202 
 28 z0040357    (5)    2 :  0.107 0.191 0.343 0.124 0.103 0.131 
 29 z0040363   (19)    2 :  0.092 0.250 0.312 0.076 0.122 0.148 
 30 z0040364    (0)    2 :  0.089 0.096 0.516 0.075 0.094 0.131 
 31 z0040387    (0)    2 :  0.129 0.156 0.358 0.102 0.123 0.132 
 32 z0040403   (15)    2 :  0.112 0.171 0.277 0.150 0.165 0.126 
 33 z0040439    (0)    2 :  0.186 0.094 0.520 0.084 0.050 0.067 
 34 z0040465   (20)    2 :  0.061 0.216 0.245 0.223 0.080 0.174 
 35 z0040513   (24)    3 :  0.111 0.283 0.120 0.181 0.123 0.181 
 36 z0040961   (11)    2 :  0.208 0.202 0.228 0.096 0.103 0.163 
 37 z0040985   (14)    2 :  0.098 0.227 0.162 0.102 0.103 0.308 
 38 z0041026    (0)    2 :  0.096 0.168 0.356 0.169 0.094 0.116 
 39 z0041051   (30)    2 :  0.241 0.129 0.353 0.073 0.091 0.114 
 40 z0041115    (7)    2 :  0.071 0.108 0.396 0.079 0.247 0.100 
 41 z0041153   (23)    2 :  0.141 0.248 0.223 0.108 0.109 0.171 
 42 z0041233    (3)    2 :  0.076 0.157 0.243 0.137 0.139 0.248 
 43 z0041243    (0)    2 :  0.123 0.137 0.310 0.104 0.085 0.241 
 44 z0041248    (5)    2 :  0.154 0.139 0.398 0.092 0.114 0.102 
 45 z0041250    (1)    2 :  0.084 0.155 0.437 0.081 0.055 0.188 
 46 z0041274    (1)    2 :  0.200 0.184 0.184 0.194 0.080 0.157 
 47 z0041465   (16)    2 :  0.038 0.103 0.392 0.156 0.224 0.087 
 48 z0041472    (2)    2 :  0.076 0.172 0.300 0.095 0.178 0.179 
 49 z0041480    (9)    2 :  0.071 0.182 0.278 0.123 0.163 0.182 
 50 z0041483    (0)    2 :  0.075 0.085 0.503 0.097 0.154 0.086 
 51 z0041494   (12)    2 :  0.100 0.186 0.330 0.140 0.048 0.196 
 52 z0041498    (1)    2 :  0.105 0.164 0.378 0.119 0.131 0.104 
 53 z0041501    (1)    2 :  0.101 0.227 0.388 0.083 0.032 0.169 
 54 z0041507    (6)    2 :  0.123 0.205 0.331 0.088 0.063 0.189 
 55 z0041512    (0)    2 :  0.122 0.132 0.431 0.124 0.056 0.136 
 56 z0041522   (15)    2 :  0.134 0.149 0.366 0.123 0.139 0.090 
 57 z0041526    (0)    3 :  0.050 0.116 0.486 0.117 0.132 0.099 
 58 z0041527   (14)    2 :  0.065 0.204 0.271 0.147 0.124 0.190 
 59 z0043243    (1)    2 :  0.213 0.195 0.101 0.103 0.250 0.139 
 60 z0043278    (0)    2 :  0.131 0.193 0.433 0.082 0.060 0.102 
 61 z0043475   (16)    3 :  0.110 0.220 0.232 0.129 0.107 0.202 
 62 z0043477    (0)    2 :  0.202 0.154 0.259 0.094 0.102 0.189 
 63 z0043478    (2)    2 :  0.109 0.084 0.513 0.051 0.143 0.099 
 64 z0043481    (0)    2 :  0.090 0.187 0.384 0.080 0.092 0.166 
 65 z0043489    (5)    2 :  0.152 0.151 0.427 0.078 0.054 0.138 
 66 z0043491   (12)    2 :  0.161 0.210 0.232 0.129 0.087 0.181 
 67 z0043493    (2)    2 :  0.132 0.221 0.110 0.070 0.078 0.389 
 68 z0043494    (1)    2 :  0.090 0.148 0.289 0.187 0.062 0.225 
 69 z0043498    (1)    2 :  0.064 0.156 0.468 0.142 0.069 0.101 
 70 z0043504    (7)    2 :  0.188 0.130 0.232 0.066 0.168 0.216 
 71 z0043526    (3)    4 :  0.211 0.229 0.166 0.100 0.084 0.210 
 72 z0043566    (2)    2 :  0.104 0.142 0.358 0.062 0.151 0.183 
 73 z0043572    (0)    2 :  0.115 0.131 0.421 0.114 0.097 0.122 
 74 z0043599    (2)    2 :  0.069 0.246 0.235 0.150 0.095 0.204 
 75 z0043642    (0)    2 :  0.100 0.170 0.315 0.191 0.065 0.159 
 76 z0043649    (1)    2 :  0.102 0.128 0.467 0.123 0.083 0.097 
 77 z0043652    (1)    2 :  0.145 0.231 0.116 0.190 0.097 0.220 
 78 z0043668    (0)    2 :  0.095 0.161 0.236 0.079 0.155 0.273 
 79 z0043674    (0)    4 :  0.110 0.151 0.055 0.389 0.187 0.107 
 80 z0043686    (1)    2 :  0.188 0.099 0.360 0.121 0.114 0.118 
 81 z0043693    (1)    2 :  0.063 0.316 0.247 0.165 0.062 0.146 
 82 z0043704   (14)    2 :  0.103 0.086 0.579 0.096 0.071 0.066 
 83 z0043807    (1)    2 :  0.134 0.209 0.273 0.145 0.068 0.171 
 84 z0043819    (0)    2 :  0.170 0.267 0.104 0.135 0.119 0.205 
 85 z0043876    (7)    2 :  0.060 0.178 0.154 0.093 0.236 0.278 
 86 z0043877   (32)    2 :  0.063 0.235 0.216 0.095 0.184 0.206 
 87 z0043891   (21)    4 :  0.196 0.169 0.211 0.151 0.128 0.145 
 88 z0043915   (31)    2 :  0.279 0.163 0.177 0.116 0.111 0.155 
 89 z0043940   (10)    2 :  0.154 0.251 0.048 0.200 0.104 0.244 
 90 z0043954    (1)    2 :  0.159 0.246 0.166 0.152 0.125 0.152 
 91 z0043966    (5)    2 :  0.096 0.141 0.401 0.161 0.069 0.131 
 92 z0043980    (1)    2 :  0.102 0.192 0.224 0.148 0.130 0.204 
 93 z0044017   (11)    2 :  0.153 0.104 0.388 0.158 0.076 0.120 
 94 z0044019   (14)    2 :  0.082 0.206 0.264 0.100 0.160 0.189 
 95 z0044023   (35)    2 :  0.062 0.088 0.558 0.072 0.149 0.070 
 96 z0044033    (0)    2 :  0.043 0.076 0.673 0.062 0.070 0.077 
 97 z0044042    (3)    2 :  0.097 0.072 0.525 0.047 0.164 0.095 
 98 z0044047   (24)    2 :  0.102 0.162 0.385 0.117 0.071 0.163 
 99 z0044064   (13)    2 :  0.125 0.157 0.313 0.128 0.049 0.229 
100 z0044432   (14)    2 :  0.221 0.173 0.158 0.124 0.130 0.195 
101 z0045326    (0)    3 :  0.064 0.164 0.114 0.377 0.133 0.148 
102 z0045331    (5)    1 :  0.096 0.215 0.115 0.368 0.072 0.134 
103 z0045332    (1)    1 :  0.135 0.262 0.072 0.316 0.068 0.148 
104 z0045333    (6)    1 :  0.118 0.165 0.059 0.110 0.449 0.099 
105 z0045337    (4)    1 :  0.113 0.085 0.070 0.085 0.576 0.071 
106 z0045342   (12)    1 :  0.054 0.264 0.080 0.264 0.106 0.232 
107 z0045347    (1)    3 :  0.220 0.196 0.086 0.097 0.169 0.234 
108 z0045350    (0)    1 :  0.186 0.234 0.070 0.215 0.119 0.176 
109 z0045370    (0)    1 :  0.079 0.099 0.032 0.536 0.154 0.099 
110 z0045371    (1)    3 :  0.149 0.190 0.131 0.219 0.142 0.169 
111 z0045398    (1)    3 :  0.203 0.147 0.024 0.139 0.147 0.340 
112 z0045399    (1)    3 :  0.277 0.214 0.054 0.179 0.136 0.141 
113 z0045401   (23)    1 :  0.083 0.197 0.089 0.319 0.135 0.176 
114 z0045404    (0)    3 :  0.089 0.105 0.057 0.530 0.077 0.142 
115 z0045405    (4)    3 :  0.132 0.239 0.073 0.229 0.067 0.260 
116 z0045407    (1)    3 :  0.265 0.229 0.103 0.163 0.086 0.154 
117 z0045719    (0)    2 :  0.134 0.172 0.291 0.161 0.039 0.204 
118 z0045720    (1)    2 :  0.165 0.228 0.117 0.151 0.102 0.237 
119 z0045728    (0)    2 :  0.086 0.138 0.381 0.081 0.187 0.127 
120 z0045731    (0)    2 :  0.093 0.328 0.170 0.121 0.041 0.246 
121 z0045733    (0)    2 :  0.094 0.257 0.135 0.159 0.125 0.230 
122 z0045736    (1)    2 :  0.099 0.202 0.193 0.182 0.112 0.211 
123 z0045739    (1)    2 :  0.113 0.265 0.118 0.246 0.078 0.179 
124 z0045740    (1)    2 :  0.111 0.130 0.457 0.079 0.104 0.119 
125 z0045741    (0)    2 :  0.127 0.278 0.243 0.134 0.043 0.176 
126 z0045742    (0)    2 :  0.071 0.114 0.381 0.240 0.110 0.084 
127 z0045776    (0)    3 :  0.134 0.190 0.203 0.118 0.143 0.211 
128 z0045779    (0)    2 :  0.051 0.053 0.601 0.057 0.191 0.047 
129 z0045781    (0)    2 :  0.121 0.174 0.379 0.105 0.060 0.160 
130 z0045788    (5)    2 :  0.142 0.064 0.616 0.048 0.072 0.057 
131 z0045789    (2)    2 :  0.167 0.098 0.465 0.119 0.070 0.080 
132 z0045791    (4)    2 :  0.152 0.151 0.395 0.112 0.080 0.109 
133 z0045792   (22)    1 :  0.115 0.232 0.143 0.088 0.219 0.203 
134 z0045793    (0)    3 :  0.052 0.124 0.174 0.410 0.139 0.100 
135 z0047562   (14)    2 :  0.083 0.172 0.333 0.138 0.075 0.200 
136 z0047854    (1)    2 :  0.092 0.133 0.332 0.121 0.103 0.219 
137 z0051185    (0)    1 :  0.104 0.214 0.043 0.268 0.111 0.260 
138 z0051324    (0)    1 :  0.132 0.171 0.071 0.159 0.268 0.198 
139 z0051327    (3)    3 :  0.064 0.310 0.150 0.165 0.078 0.233 
140 z0051328    (1)    1 :  0.130 0.108 0.130 0.083 0.393 0.156 
141 z0051380    (0)    1 :  0.080 0.055 0.025 0.055 0.712 0.074 
142 z0051400    (0)    3 :  0.092 0.175 0.167 0.203 0.232 0.131 
143 z0051431   (21)    3 :  0.086 0.201 0.205 0.226 0.064 0.217 
144 z0051840   (33)    2 :  0.162 0.155 0.320 0.181 0.074 0.108 
145 z0051844   (27)    2 :  0.174 0.143 0.276 0.145 0.073 0.189 
146 z0051875   (28)    3 :  0.080 0.238 0.069 0.335 0.099 0.179 
147 z0051885    (7)    3 :  0.133 0.115 0.381 0.218 0.070 0.083 
148 z0051888    (0)    2 :  0.071 0.179 0.372 0.149 0.112 0.117 
149 z0051891    (0)    1 :  0.146 0.253 0.096 0.188 0.100 0.217 
150 z0051893    (2)    1 :  0.139 0.171 0.091 0.146 0.310 0.143 
151 z0051895    (0)    3 :  0.106 0.234 0.065 0.210 0.195 0.189 
152 z0051918    (0)    3 :  0.357 0.132 0.249 0.076 0.063 0.123 
153 z0051929    (1)    1 :  0.081 0.156 0.064 0.146 0.347 0.207 
154 z0051939   (11)    3 :  0.120 0.223 0.186 0.259 0.063 0.149 
155 z0051947    (3)    1 :  0.093 0.128 0.095 0.090 0.509 0.085 
156 z0051959    (1)    3 :  0.292 0.151 0.156 0.092 0.148 0.160 
157 z0052846    (0)    4 :  0.135 0.179 0.137 0.237 0.127 0.185 
158 z0052882    (1)    2 :  0.106 0.217 0.227 0.188 0.101 0.161 
159 z0053020   (20)    2 :  0.179 0.142 0.242 0.107 0.080 0.249 
160 z0053024   (12)    2 :  0.120 0.210 0.188 0.105 0.129 0.248 
161 z0053025    (3)    2 :  0.081 0.083 0.565 0.114 0.050 0.108 
162 z0053031    (0)    2 :  0.178 0.222 0.144 0.160 0.145 0.151 
163 z0053032    (0)    2 :  0.146 0.167 0.246 0.071 0.148 0.223 
164 z0053040    (5)    2 :  0.127 0.169 0.210 0.126 0.112 0.257 
165 z0053051    (0)    3 :  0.181 0.254 0.053 0.260 0.062 0.190 
166 z0053054    (5)    3 :  0.087 0.253 0.046 0.231 0.107 0.276 
167 z0053071    (2)    2 :  0.077 0.118 0.498 0.122 0.076 0.110 
168 z0053073    (1)    2 :  0.181 0.211 0.106 0.088 0.154 0.260 
169 z0053078    (0)    3 :  0.350 0.103 0.326 0.089 0.042 0.090 
170 z0053082    (1)    3 :  0.066 0.186 0.306 0.237 0.073 0.133 
171 z0053083   (12)    2 :  0.118 0.176 0.254 0.112 0.119 0.220 
172 z0053090   (10)    3 :  0.144 0.153 0.332 0.070 0.073 0.227 
173 z0053096    (0)    2 :  0.220 0.089 0.528 0.068 0.036 0.060 
174 z0053100    (6)    2 :  0.072 0.190 0.326 0.066 0.064 0.282 
175 z0053101    (0)    2 :  0.214 0.158 0.339 0.084 0.102 0.103 
176 z0053102    (8)    2 :  0.091 0.150 0.372 0.141 0.052 0.194 
177 z0053103    (0)    2 :  0.059 0.100 0.557 0.109 0.070 0.105 
178 z0053111    (2)    3 :  0.150 0.228 0.099 0.148 0.107 0.267 
179 z0053131    (0)    2 :  0.103 0.143 0.310 0.152 0.145 0.147 
180 z0053132    (0)    2 :  0.299 0.217 0.237 0.098 0.042 0.106 
181 z0053133    (0)    2 :  0.157 0.267 0.100 0.232 0.065 0.179 
182 z0053138    (0)    2 :  0.078 0.211 0.222 0.148 0.172 0.169 
183 z0053142    (2)    2 :  0.175 0.127 0.238 0.119 0.223 0.118 
184 z0053149    (0)    2 :  0.189 0.112 0.352 0.078 0.175 0.093 
185 z0053754    (1)    1 :  0.310 0.115 0.138 0.109 0.241 0.088 
186 z0053756    (1)    1 :  0.384 0.128 0.072 0.114 0.205 0.097 
187 z0053758   (17)    1 :  0.064 0.109 0.093 0.487 0.182 0.065 
188 z0053759    (0)    1 :  0.143 0.157 0.057 0.131 0.341 0.171 
189 z0053842    (1)    1 :  0.071 0.162 0.066 0.130 0.099 0.472 
190 z0053843    (6)    1 :  0.117 0.148 0.045 0.464 0.137 0.089 
191 z0053844    (7)    1 :  0.111 0.214 0.095 0.229 0.202 0.149 
192 z0053846    (2)    1 :  0.080 0.100 0.055 0.531 0.157 0.077 
193 z0053847    (0)    1 :  0.134 0.107 0.159 0.055 0.452 0.093 
194 z0053849    (1)    1 :  0.211 0.225 0.069 0.202 0.106 0.188 
195 z0055903    (1)    4 :  0.142 0.201 0.087 0.117 0.166 0.287 
196 z0055910   (34)    4 :  0.186 0.192 0.153 0.100 0.133 0.236 
197 z0055912    (7)    4 :  0.202 0.220 0.151 0.134 0.076 0.217 
198 z0055916   (15)    4 :  0.164 0.203 0.141 0.118 0.126 0.249 
199 z0055931    (2)    4 :  0.114 0.148 0.412 0.105 0.090 0.131 
200 z0055944    (3)    4 :  0.083 0.265 0.118 0.132 0.179 0.224 
201 z0055947    (9)    4 :  0.117 0.157 0.137 0.314 0.067 0.208 
202 z0055962    (6)    4 :  0.091 0.225 0.301 0.112 0.073 0.198 
203 z0055963   (21)    4 :  0.144 0.169 0.294 0.137 0.082 0.174 
204 z0055965   (25)    4 :  0.322 0.229 0.056 0.117 0.127 0.149 
205 z0055970   (15)    4 :  0.102 0.172 0.217 0.092 0.179 0.237 
206 z0055971    (7)    4 :  0.162 0.201 0.184 0.128 0.152 0.173 
207 z0055977    (6)    4 :  0.150 0.125 0.271 0.165 0.070 0.219 
208 z0055986   (19)    4 :  0.088 0.221 0.089 0.214 0.216 0.173 
209 z0055990    (6)    4 :  0.104 0.128 0.403 0.175 0.079 0.111 
210 z0055996    (2)    4 :  0.063 0.198 0.228 0.198 0.086 0.227 
211 z0055997    (3)    4 :  0.091 0.204 0.217 0.129 0.186 0.172 
212 z0055998    (4)    4 :  0.211 0.306 0.115 0.089 0.120 0.160 
213 z0055999    (2)    4 :  0.143 0.209 0.098 0.233 0.176 0.142 
214 z0056011    (7)    4 :  0.121 0.196 0.089 0.115 0.078 0.402 
215 z0056029    (4)    4 :  0.082 0.233 0.178 0.100 0.121 0.286 
216 z0056034    (0)    4 :  0.098 0.227 0.272 0.095 0.089 0.219 
217 z0056056   (25)    3 :  0.098 0.239 0.102 0.140 0.208 0.213 
218 z0056058    (5)    3 :  0.033 0.056 0.034 0.051 0.746 0.080 
219 z0056059    (8)    3 :  0.109 0.231 0.103 0.136 0.092 0.329 
220 z0056062    (1)    3 :  0.217 0.160 0.120 0.095 0.225 0.183 
221 z0056063    (4)    3 :  0.126 0.282 0.057 0.168 0.101 0.266 
222 z0056064    (0)    3 :  0.302 0.207 0.076 0.141 0.108 0.167 
223 z0056065    (0)    3 :  0.182 0.180 0.062 0.201 0.244 0.131 
224 z0056073    (0)    3 :  0.090 0.199 0.056 0.205 0.136 0.313 
225 z0056076    (4)    3 :  0.278 0.157 0.156 0.091 0.228 0.091 
226 z0056079    (9)    3 :  0.160 0.179 0.046 0.100 0.182 0.332 
227 z0056085    (0)    3 :  0.172 0.202 0.084 0.331 0.074 0.136 
228 z0056092    (1)    3 :  0.249 0.169 0.065 0.266 0.125 0.125 
229 z0056095    (1)    3 :  0.263 0.184 0.054 0.222 0.143 0.135 
230 z0056103    (7)    3 :  0.162 0.149 0.043 0.097 0.390 0.160 
231 z0056374    (7)    1 :  0.056 0.104 0.036 0.103 0.577 0.123 
232 z0056375    (0)    1 :  0.110 0.126 0.058 0.380 0.207 0.119 
233 z0056377    (0)    1 :  0.115 0.295 0.093 0.112 0.187 0.198 
234 z0056378    (0)    1 :  0.084 0.128 0.098 0.094 0.474 0.122 
235 z0056382    (0)    1 :  0.122 0.109 0.046 0.557 0.072 0.094 
236 z0056384    (3)    1 :  0.266 0.191 0.094 0.089 0.266 0.094 
237 z0056386    (7)    1 :  0.118 0.122 0.059 0.400 0.197 0.104 
238 z0056389    (0)    1 :  0.045 0.089 0.042 0.674 0.084 0.066 
239 z0056391    (1)    1 :  0.031 0.078 0.031 0.404 0.392 0.066 
240 z0056392   (11)    1 :  0.075 0.100 0.058 0.195 0.494 0.078 
241 z0056393    (8)    1 :  0.071 0.139 0.078 0.273 0.218 0.221 
242 z0056394    (0)    1 :  0.063 0.179 0.061 0.228 0.205 0.263 
243 z0056395    (1)    1 :  0.182 0.123 0.136 0.070 0.361 0.129 
244 z0056397    (0)    1 :  0.238 0.174 0.194 0.089 0.170 0.136 
245 z0061527    (2)    3 :  0.097 0.147 0.425 0.110 0.082 0.141 
246 z0061967    (1)    3 :  0.128 0.272 0.108 0.145 0.120 0.227 
247 z0061969    (0)    3 :  0.055 0.153 0.285 0.222 0.113 0.172 
248 z0061980    (1)    1 :  0.181 0.203 0.112 0.170 0.233 0.101 
249 z0066166    (3)    3 :  0.085 0.113 0.209 0.241 0.223 0.129 
250 z0066792    (2)    1 :  0.555 0.101 0.106 0.089 0.070 0.079 
251 z0066805    (1)    1 :  0.544 0.149 0.064 0.073 0.078 0.093 
252 z0068471    (2)    3 :  0.169 0.158 0.099 0.073 0.407 0.095 
253 z0075696    (6)    5 :  0.635 0.098 0.049 0.099 0.032 0.088 
254 z0101084    (7)    1 :  0.068 0.099 0.071 0.118 0.508 0.137 
255 z0107099    (2)    3 :  0.098 0.147 0.032 0.248 0.343 0.133 
256 z0107101    (0)    1 :  0.040 0.059 0.058 0.177 0.625 0.042 
257 z0108489    (0)    1 :  0.208 0.195 0.125 0.096 0.234 0.142 
258 z0108513    (0)    1 :  0.066 0.118 0.109 0.308 0.329 0.070 
259 z0108528    (0)    3 :  0.070 0.195 0.178 0.193 0.191 0.173 
260 z0113628    (1)    3 :  0.202 0.201 0.111 0.134 0.062 0.290 
261 z0133302   (16)    1 :  0.127 0.305 0.097 0.141 0.199 0.131 
262 z0173485    (1)    1 :  0.077 0.279 0.182 0.124 0.061 0.277 
263 z0175371    (1)    3 :  0.301 0.125 0.193 0.144 0.091 0.146 
264 z0175378    (0)    2 :  0.041 0.176 0.426 0.159 0.053 0.144 
265 z0175912    (0)    1 :  0.091 0.119 0.090 0.064 0.499 0.137 
266 z0175916    (1)    1 :  0.164 0.200 0.230 0.093 0.167 0.145 
267 z0175937    (1)    1 :  0.139 0.157 0.066 0.335 0.171 0.132 
268 z0178348   (12)    1 :  0.104 0.124 0.080 0.071 0.459 0.162 
269 z0187819    (7)    3 :  0.087 0.151 0.089 0.165 0.350 0.158 
270 z0187857    (1)    1 :  0.054 0.100 0.108 0.176 0.459 0.103 
271 z0187860    (0)    1 :  0.076 0.265 0.108 0.139 0.176 0.236 
272 z0187885    (0)    2 :  0.279 0.171 0.278 0.120 0.061 0.090 
273 z0187906    (9)    1 :  0.232 0.198 0.104 0.111 0.104 0.251 
274 z0195655    (0)    2 :  0.081 0.078 0.574 0.077 0.084 0.107 
275 z0195663    (0)    3 :  0.189 0.151 0.303 0.126 0.049 0.182 
276 z0195683    (1)    3 :  0.069 0.247 0.069 0.290 0.148 0.176 
277 z0195688    (0)    2 :  0.181 0.204 0.188 0.154 0.099 0.173 
278 z0195691    (0)    3 :  0.132 0.295 0.095 0.150 0.060 0.268 
279 z0195699    (0)    3 :  0.088 0.194 0.097 0.275 0.088 0.259 
280 z0195701    (7)    3 :  0.162 0.183 0.074 0.249 0.215 0.118 
281 z0195702    (0)    3 :  0.208 0.171 0.181 0.122 0.123 0.194 
282 z0195704    (0)    3 :  0.112 0.100 0.188 0.062 0.443 0.094 
283 z0195705    (0)    3 :  0.098 0.135 0.378 0.086 0.060 0.243 
284 z0195711    (0)    3 :  0.258 0.168 0.079 0.129 0.111 0.256 
285 z0195716    (0)    3 :  0.302 0.221 0.088 0.139 0.149 0.100 
286 z0195718   (12)    3 :  0.181 0.181 0.045 0.218 0.257 0.117 
287 z0195725    (5)    3 :  0.078 0.123 0.234 0.068 0.333 0.164 
288 z0195726   (16)    1 :  0.096 0.189 0.044 0.103 0.089 0.479 
289 z0195728   (14)    3 :  0.081 0.124 0.030 0.584 0.092 0.088 
290 z0195732   (16)    3 :  0.114 0.174 0.030 0.230 0.140 0.311 
291 z0195737    (0)    3 :  0.129 0.175 0.256 0.148 0.110 0.181 
292 z0195740   (26)    3 :  0.189 0.178 0.111 0.130 0.097 0.295 
293 z0195751    (1)    3 :  0.082 0.186 0.041 0.413 0.131 0.147 
294 z0195762    (1)    3 :  0.429 0.118 0.054 0.179 0.112 0.108 
295 z0195784    (0)    3 :  0.133 0.255 0.047 0.178 0.150 0.236 
296 z0196686    (0)    5 :  0.747 0.055 0.037 0.039 0.072 0.051 
297 z0196687    (0)    5 :  0.607 0.080 0.114 0.070 0.062 0.067 
298 z0196689    (0)    5 :  0.631 0.080 0.100 0.068 0.040 0.081 
299 z0196690    (2)    5 :  0.563 0.073 0.047 0.096 0.154 0.066 
300 z0196691    (7)    5 :  0.604 0.118 0.029 0.071 0.080 0.097 
301 z0196692    (1)    5 :  0.501 0.139 0.079 0.086 0.111 0.084 
302 z0196693    (1)    5 :  0.572 0.090 0.064 0.118 0.078 0.079 
303 z0196694    (1)    5 :  0.524 0.135 0.053 0.074 0.100 0.113 
304 z0196710    (0)    3 :  0.294 0.200 0.109 0.093 0.156 0.148 
305 z0196715   (22)    3 :  0.069 0.179 0.046 0.242 0.243 0.220 
306 z0196719    (0)    3 :  0.079 0.197 0.099 0.281 0.113 0.231 
307 z0196724   (20)    3 :  0.081 0.206 0.089 0.257 0.103 0.263 
308 z0196725    (0)    3 :  0.116 0.158 0.081 0.097 0.433 0.115 
309 z0196729    (1)    3 :  0.137 0.222 0.076 0.209 0.204 0.153 
310 z0196730    (3)    1 :  0.066 0.062 0.108 0.043 0.676 0.045 
311 z0196731    (0)    3 :  0.106 0.171 0.054 0.205 0.193 0.271 
312 z0196733   (13)    1 :  0.109 0.262 0.067 0.176 0.161 0.226 
313 z0196734    (1)    3 :  0.090 0.268 0.087 0.191 0.059 0.305 
314 z0196739   (17)    3 :  0.074 0.197 0.190 0.136 0.183 0.220 
315 z0196740   (11)    3 :  0.355 0.140 0.070 0.219 0.122 0.094 
316 z0196746    (1)    1 :  0.124 0.158 0.046 0.147 0.425 0.099 
317 z0196751    (0)    3 :  0.166 0.256 0.086 0.209 0.146 0.137 
318 z0196752    (0)    3 :  0.520 0.118 0.039 0.109 0.128 0.086 
319 z0196754    (0)    3 :  0.070 0.154 0.093 0.406 0.104 0.173 
320 z0196758    (1)    1 :  0.221 0.113 0.113 0.177 0.281 0.094 
321 z0196763    (1)    3 :  0.122 0.226 0.081 0.222 0.080 0.269 
322 z0196764    (0)    3 :  0.153 0.228 0.055 0.284 0.101 0.179 
323 z0196766    (0)    3 :  0.171 0.183 0.056 0.192 0.255 0.143 
324 z0196769    (1)    3 :  0.153 0.196 0.043 0.258 0.174 0.176 
325 z0196774    (0)    3 :  0.331 0.125 0.050 0.157 0.258 0.079 
326 z0196783    (0)    1 :  0.064 0.094 0.040 0.246 0.487 0.069 
327 z0196794    (2)    1 :  0.147 0.111 0.041 0.317 0.302 0.084 
328 z0196804   (14)    1 :  0.117 0.174 0.056 0.235 0.195 0.224 
329 z0196809    (0)    3 :  0.165 0.249 0.048 0.275 0.114 0.149 
330 z0196810    (1)    1 :  0.260 0.179 0.070 0.100 0.237 0.153 
331 z0196811    (0)    1 :  0.171 0.196 0.046 0.235 0.159 0.193 
332 z0196824    (0)    3 :  0.183 0.198 0.204 0.133 0.139 0.143 
333 z0196825    (0)    3 :  0.076 0.269 0.105 0.138 0.184 0.229 
334 z0196828    (1)    2 :  0.104 0.232 0.122 0.145 0.144 0.253 
335 z0196829    (0)    3 :  0.085 0.154 0.097 0.125 0.204 0.334 
336 z0196834   (26)    3 :  0.117 0.158 0.178 0.244 0.145 0.157 
337 z0196835    (0)    3 :  0.044 0.159 0.052 0.223 0.337 0.185 
338 z0196841   (20)    3 :  0.262 0.220 0.071 0.174 0.144 0.128 
339 z0196843   (25)    3 :  0.082 0.113 0.093 0.088 0.448 0.177 
340 z0196849    (0)    3 :  0.097 0.163 0.053 0.418 0.082 0.188 
341 z0196852    (0)    2 :  0.149 0.193 0.150 0.117 0.079 0.311 
342 z0196855    (0)    2 :  0.176 0.145 0.234 0.114 0.151 0.180 
343 z0196856    (0)    3 :  0.211 0.170 0.215 0.093 0.067 0.245 
344 z0196864    (1)    3 :  0.130 0.199 0.243 0.082 0.070 0.276 
345 z0196894    (0)    3 :  0.262 0.204 0.050 0.191 0.155 0.138 
346 z0197662    (2)    1 :  0.092 0.159 0.210 0.077 0.164 0.298 
347 z0197665    (2)    1 :  0.106 0.065 0.045 0.109 0.619 0.057 
348 z0197668   (20)    3 :  0.400 0.134 0.090 0.174 0.062 0.140 
349 z0197669    (0)    3 :  0.136 0.156 0.295 0.154 0.054 0.205 
350 z0197672    (1)    3 :  0.140 0.262 0.074 0.254 0.066 0.203 


Estimated Allele Frequencies in each cluster
First column gives estimated ancestral frequencies


Locus 1 : Mnov_gtseq_1 
2 alleles
0.0% missing data
   0   (0.442) 0.476 0.444 0.209 0.381 0.364 0.549 
   1   (0.558) 0.524 0.556 0.791 0.619 0.636 0.451 

Locus 2 : Mnov_gtseq_10 
2 alleles
0.3% missing data
   0   (0.826) 0.932 0.828 0.972 0.698 0.702 0.805 
   1   (0.174) 0.068 0.172 0.028 0.302 0.298 0.195 

Locus 3 : Mnov_gtseq_102 
2 alleles
0.9% missing data
   0   (0.536) 0.553 0.534 0.838 0.583 0.379 0.527 
   1   (0.464) 0.447 0.466 0.162 0.417 0.621 0.473 

Locus 4 : Mnov_gtseq_104 
2 alleles
0.3% missing data
   0   (0.879) 0.966 0.880 0.966 0.775 0.671 0.918 
   1   (0.121) 0.034 0.120 0.034 0.225 0.329 0.082 

Locus 5 : Mnov_gtseq_106 
2 alleles
14.9% missing data
   1   (0.776) 0.663 0.777 0.797 0.834 0.746 0.836 
   0   (0.224) 0.337 0.223 0.203 0.166 0.254 0.164 

Locus 6 : Mnov_gtseq_107 
2 alleles
37.4% missing data
   1   (0.227) 0.091 0.228 0.545 0.125 0.193 0.228 
   0   (0.773) 0.909 0.772 0.455 0.875 0.807 0.772 

Locus 7 : Mnov_gtseq_112 
2 alleles
0.9% missing data
   0   (0.606) 0.337 0.606 0.748 0.715 0.589 0.689 
   1   (0.394) 0.663 0.394 0.252 0.285 0.411 0.311 

Locus 8 : Mnov_gtseq_113 
2 alleles
2.0% missing data
   1   (0.743) 0.652 0.745 0.568 0.800 0.791 0.784 
   0   (0.257) 0.348 0.255 0.432 0.200 0.209 0.216 

Locus 9 : Mnov_gtseq_114 
3 alleles
4.3% missing data
   0   (0.556) 0.393 0.559 0.182 0.622 0.582 0.649 
   1   (0.414) 0.601 0.411 0.786 0.368 0.411 0.335 
   2   (0.030) 0.006 0.030 0.032 0.011 0.007 0.016 

Locus 10 : Mnov_gtseq_117 
2 alleles
26.9% missing data
   0   (0.631) 0.684 0.631 0.901 0.552 0.505 0.624 
   1   (0.369) 0.316 0.369 0.099 0.448 0.495 0.376 

Locus 11 : Mnov_gtseq_12 
2 alleles
0.3% missing data
   0   (0.427) 0.721 0.423 0.227 0.686 0.247 0.361 
   1   (0.573) 0.279 0.577 0.773 0.314 0.753 0.639 

Locus 12 : Mnov_gtseq_124 
4 alleles
5.1% missing data
   3   (0.703) 0.844 0.701 0.920 0.777 0.585 0.745 
   2   (0.243) 0.141 0.244 0.066 0.186 0.407 0.227 
   1   (0.029) 0.008 0.028 0.013 0.029 0.003 0.016 
   0   (0.025) 0.008 0.026 0.002 0.008 0.004 0.011 

Locus 13 : Mnov_gtseq_125 
3 alleles
1.7% missing data
   1   (0.212) 0.225 0.210 0.440 0.266 0.074 0.155 
   2   (0.696) 0.734 0.699 0.128 0.703 0.908 0.734 
   0   (0.092) 0.041 0.091 0.432 0.031 0.018 0.111 

Locus 14 : Mnov_gtseq_126 
2 alleles
0.0% missing data
   0   (0.356) 0.633 0.357 0.254 0.186 0.216 0.415 
   1   (0.644) 0.367 0.643 0.746 0.814 0.784 0.585 

Locus 15 : Mnov_gtseq_127 
2 alleles
6.9% missing data
   0   (0.655) 0.659 0.658 0.355 0.740 0.622 0.616 
   1   (0.345) 0.341 0.342 0.645 0.260 0.378 0.384 

Locus 16 : Mnov_gtseq_128 
2 alleles
30.9% missing data
   0   (0.675) 0.644 0.673 0.656 0.733 0.855 0.664 
   1   (0.325) 0.356 0.327 0.344 0.267 0.145 0.336 

Locus 17 : Mnov_gtseq_129 
3 alleles
2.0% missing data
   0   (0.549) 0.260 0.554 0.601 0.478 0.518 0.644 
   1   (0.309) 0.208 0.308 0.339 0.400 0.344 0.248 
   2   (0.142) 0.532 0.138 0.060 0.122 0.138 0.108 

Locus 18 : Mnov_gtseq_13 
3 alleles
0.0% missing data
   1   (0.446) 0.173 0.448 0.332 0.534 0.493 0.533 
   2   (0.164) 0.375 0.163 0.110 0.079 0.085 0.166 
   0   (0.390) 0.453 0.389 0.558 0.387 0.423 0.301 

Locus 19 : Mnov_gtseq_130 
2 alleles
28.6% missing data
   1   (0.484) 0.641 0.481 0.492 0.473 0.468 0.492 
   0   (0.516) 0.359 0.519 0.508 0.527 0.532 0.508 

Locus 20 : Mnov_gtseq_135 
2 alleles
0.6% missing data
   0   (0.503) 0.372 0.507 0.545 0.492 0.341 0.475 
   1   (0.497) 0.628 0.493 0.455 0.508 0.659 0.525 

Locus 21 : Mnov_gtseq_138 
3 alleles
0.6% missing data
   0   (0.259) 0.133 0.259 0.274 0.246 0.376 0.238 
   1   (0.494) 0.666 0.492 0.671 0.545 0.445 0.451 
   2   (0.247) 0.201 0.249 0.055 0.210 0.179 0.311 

Locus 22 : Mnov_gtseq_140 
2 alleles
1.1% missing data
   0   (0.508) 0.250 0.512 0.609 0.599 0.192 0.539 
   1   (0.492) 0.750 0.488 0.391 0.401 0.808 0.461 

Locus 23 : Mnov_gtseq_141 
2 alleles
0.3% missing data
   0   (0.547) 0.466 0.546 0.542 0.491 0.833 0.483 
   1   (0.453) 0.534 0.454 0.458 0.509 0.167 0.517 

Locus 24 : Mnov_gtseq_143 
2 alleles
2.6% missing data
   1   (0.564) 0.326 0.566 0.498 0.616 0.751 0.530 
   0   (0.436) 0.674 0.434 0.502 0.384 0.249 0.470 

Locus 25 : Mnov_gtseq_145 
2 alleles
2.0% missing data
   0   (0.445) 0.330 0.444 0.509 0.465 0.638 0.405 
   1   (0.555) 0.670 0.556 0.491 0.535 0.362 0.595 

Locus 26 : Mnov_gtseq_147 
3 alleles
25.4% missing data
   0   (0.791) 0.806 0.794 0.395 0.834 0.875 0.836 
   2   (0.136) 0.132 0.135 0.060 0.139 0.111 0.111 
   1   (0.073) 0.062 0.072 0.545 0.027 0.015 0.053 

Locus 27 : Mnov_gtseq_148 
3 alleles
9.1% missing data
   0   (0.327) 0.497 0.330 0.081 0.264 0.170 0.336 
   1   (0.420) 0.368 0.418 0.664 0.314 0.523 0.467 
   2   (0.254) 0.135 0.251 0.255 0.423 0.306 0.196 

Locus 28 : Mnov_gtseq_149 
2 alleles
0.3% missing data
   0   (0.628) 0.561 0.631 0.515 0.554 0.676 0.673 
   1   (0.372) 0.439 0.369 0.485 0.446 0.324 0.327 

Locus 29 : Mnov_gtseq_15 
2 alleles
0.0% missing data
   0   (0.482) 0.507 0.482 0.387 0.701 0.298 0.425 
   1   (0.518) 0.493 0.518 0.613 0.299 0.702 0.575 

Locus 30 : Mnov_gtseq_152 
2 alleles
0.9% missing data
   0   (0.351) 0.265 0.351 0.430 0.349 0.246 0.314 
   1   (0.649) 0.735 0.649 0.570 0.651 0.754 0.686 

Locus 31 : Mnov_gtseq_154 
3 alleles
3.4% missing data
   0   (0.335) 0.353 0.335 0.097 0.371 0.531 0.367 
   2   (0.215) 0.271 0.215 0.300 0.167 0.131 0.176 
   1   (0.450) 0.376 0.451 0.603 0.462 0.338 0.457 

Locus 32 : Mnov_gtseq_157 
2 alleles
0.6% missing data
   1   (0.564) 0.490 0.566 0.687 0.567 0.491 0.566 
   0   (0.436) 0.510 0.434 0.313 0.433 0.509 0.434 

Locus 33 : Mnov_gtseq_158 
2 alleles
0.6% missing data
   0   (0.388) 0.374 0.386 0.045 0.560 0.731 0.351 
   1   (0.612) 0.626 0.614 0.955 0.440 0.269 0.649 

Locus 34 : Mnov_gtseq_159 
3 alleles
24.0% missing data
   0   (0.627) 0.559 0.630 0.306 0.712 0.687 0.640 
   1   (0.171) 0.184 0.168 0.503 0.094 0.236 0.131 
   2   (0.203) 0.257 0.201 0.191 0.195 0.077 0.228 

Locus 35 : Mnov_gtseq_16 
2 alleles
0.0% missing data
   0   (0.635) 0.713 0.635 0.547 0.766 0.517 0.650 
   1   (0.365) 0.287 0.365 0.453 0.234 0.483 0.350 

Locus 36 : Mnov_gtseq_160 
2 alleles
2.3% missing data
   0   (0.494) 0.433 0.494 0.355 0.507 0.590 0.524 
   1   (0.506) 0.567 0.506 0.645 0.493 0.410 0.476 

Locus 37 : Mnov_gtseq_161 
2 alleles
1.7% missing data
   1   (0.748) 0.720 0.748 0.860 0.804 0.750 0.781 
   0   (0.252) 0.280 0.252 0.140 0.196 0.250 0.219 

Locus 38 : Mnov_gtseq_167 
3 alleles
1.1% missing data
   2   (0.733) 0.881 0.734 0.826 0.837 0.509 0.750 
   0   (0.185) 0.099 0.184 0.115 0.108 0.475 0.162 
   1   (0.082) 0.020 0.082 0.059 0.056 0.016 0.088 

Locus 39 : Mnov_gtseq_17 
2 alleles
0.3% missing data
   0   (0.536) 0.603 0.537 0.430 0.540 0.534 0.485 
   1   (0.464) 0.397 0.463 0.570 0.460 0.466 0.515 

Locus 40 : Mnov_gtseq_170 
2 alleles
0.0% missing data
   0   (0.343) 0.283 0.346 0.167 0.321 0.197 0.406 
   1   (0.657) 0.717 0.654 0.833 0.679 0.803 0.594 

Locus 41 : Mnov_gtseq_171 
3 alleles
41.4% missing data
   2   (0.592) 0.706 0.593 0.639 0.556 0.621 0.585 
   0   (0.317) 0.220 0.317 0.232 0.408 0.300 0.344 
   1   (0.090) 0.074 0.090 0.129 0.036 0.079 0.072 

Locus 42 : Mnov_gtseq_173 
4 alleles
21.4% missing data
   3   (0.414) 0.710 0.414 0.621 0.267 0.171 0.459 
   1   (0.525) 0.258 0.527 0.182 0.713 0.820 0.508 
   2   (0.051) 0.031 0.049 0.197 0.018 0.008 0.030 
   0   (0.010) 0.001 0.009 0.000 0.002 0.001 0.004 

Locus 43 : Mnov_gtseq_174 
2 alleles
2.6% missing data
   0   (0.222) 0.280 0.217 0.580 0.133 0.408 0.158 
   1   (0.778) 0.720 0.783 0.420 0.867 0.592 0.842 

Locus 44 : Mnov_gtseq_180 
3 alleles
14.3% missing data
   1   (0.632) 0.275 0.633 0.950 0.707 0.607 0.702 
   2   (0.280) 0.663 0.279 0.042 0.197 0.303 0.239 
   0   (0.088) 0.062 0.088 0.008 0.096 0.089 0.059 

Locus 45 : Mnov_gtseq_182 
2 alleles
8.6% missing data
   0   (0.842) 0.944 0.845 0.842 0.694 0.726 0.906 
   1   (0.158) 0.056 0.155 0.158 0.306 0.274 0.094 

Locus 46 : Mnov_gtseq_186 
3 alleles
28.0% missing data
   1   (0.476) 0.451 0.476 0.495 0.535 0.494 0.441 
   2   (0.094) 0.101 0.094 0.013 0.059 0.065 0.076 
   0   (0.431) 0.449 0.430 0.492 0.406 0.440 0.483 

Locus 47 : Mnov_gtseq_187 
2 alleles
7.1% missing data
   1   (0.565) 0.583 0.563 0.816 0.690 0.421 0.501 
   0   (0.435) 0.417 0.437 0.184 0.310 0.579 0.499 

Locus 48 : Mnov_gtseq_188 
2 alleles
13.4% missing data
   0   (0.525) 0.822 0.522 0.710 0.491 0.421 0.454 
   1   (0.475) 0.178 0.478 0.290 0.509 0.579 0.546 

Locus 49 : Mnov_gtseq_189 
2 alleles
3.7% missing data
   0   (0.442) 0.187 0.441 0.473 0.483 0.637 0.490 
   1   (0.558) 0.813 0.559 0.527 0.517 0.363 0.510 

Locus 50 : Mnov_gtseq_19 
3 alleles
0.0% missing data
   1   (0.864) 0.802 0.867 0.706 0.935 0.881 0.920 
   2   (0.097) 0.029 0.098 0.025 0.057 0.112 0.065 
   0   (0.039) 0.169 0.035 0.269 0.008 0.007 0.016 

Locus 51 : Mnov_gtseq_190 
2 alleles
0.0% missing data
   1   (0.459) 0.363 0.461 0.277 0.403 0.353 0.562 
   0   (0.541) 0.637 0.539 0.723 0.597 0.647 0.438 

Locus 52 : Mnov_gtseq_192 
2 alleles
20.9% missing data
   0   (0.825) 0.898 0.827 0.820 0.720 0.889 0.842 
   1   (0.175) 0.102 0.173 0.180 0.280 0.111 0.158 

Locus 53 : Mnov_gtseq_193 
2 alleles
0.0% missing data
   0   (0.736) 0.542 0.738 0.801 0.816 0.672 0.766 
   1   (0.264) 0.458 0.262 0.199 0.184 0.328 0.234 

Locus 54 : Mnov_gtseq_195 
3 alleles
0.0% missing data
   1   (0.550) 0.755 0.552 0.539 0.529 0.377 0.548 
   2   (0.425) 0.235 0.423 0.460 0.463 0.619 0.435 
   0   (0.025) 0.010 0.025 0.001 0.007 0.004 0.017 

Locus 55 : Mnov_gtseq_196 
2 alleles
0.3% missing data
   0   (0.287) 0.531 0.283 0.075 0.343 0.415 0.249 
   1   (0.713) 0.469 0.717 0.925 0.657 0.585 0.751 

Locus 56 : Mnov_gtseq_197 
3 alleles
0.3% missing data
   1   (0.360) 0.393 0.357 0.276 0.335 0.567 0.312 
   0   (0.446) 0.195 0.447 0.668 0.560 0.349 0.520 
   2   (0.194) 0.412 0.196 0.056 0.105 0.084 0.168 

Locus 57 : Mnov_gtseq_2 
3 alleles
0.3% missing data
   0   (0.209) 0.111 0.211 0.248 0.120 0.063 0.321 
   2   (0.754) 0.753 0.753 0.750 0.867 0.932 0.659 
   1   (0.037) 0.136 0.036 0.003 0.013 0.005 0.020 

Locus 58 : Mnov_gtseq_200 
2 alleles
2.3% missing data
   0   (0.428) 0.259 0.427 0.741 0.343 0.380 0.417 
   1   (0.572) 0.741 0.573 0.259 0.657 0.620 0.583 

Locus 59 : Mnov_gtseq_201 
4 alleles
0.0% missing data
   0   (0.602) 0.803 0.606 0.588 0.471 0.402 0.669 
   2   (0.144) 0.052 0.142 0.255 0.191 0.091 0.121 
   3   (0.162) 0.075 0.162 0.144 0.270 0.038 0.153 
   1   (0.092) 0.070 0.090 0.013 0.069 0.469 0.057 

Locus 60 : Mnov_gtseq_202 
2 alleles
0.0% missing data
   0   (0.425) 0.245 0.424 0.603 0.441 0.454 0.428 
   1   (0.575) 0.755 0.576 0.397 0.559 0.546 0.572 

Locus 61 : Mnov_gtseq_204 
2 alleles
3.4% missing data
   0   (0.385) 0.482 0.380 0.646 0.410 0.564 0.285 
   1   (0.615) 0.518 0.620 0.354 0.590 0.436 0.715 

Locus 62 : Mnov_gtseq_205 
5 alleles
0.0% missing data
   0   (0.201) 0.197 0.200 0.228 0.446 0.066 0.150 
   4   (0.034) 0.008 0.033 0.179 0.009 0.005 0.026 
   3   (0.694) 0.741 0.699 0.521 0.519 0.904 0.777 
   1   (0.056) 0.052 0.055 0.072 0.023 0.020 0.040 
   2   (0.015) 0.002 0.014 0.001 0.004 0.005 0.007 

Locus 63 : Mnov_gtseq_208 
2 alleles
0.0% missing data
   0   (0.659) 0.569 0.661 0.278 0.651 0.847 0.722 
   1   (0.341) 0.431 0.339 0.722 0.349 0.153 0.278 

Locus 64 : Mnov_gtseq_209 
3 alleles
0.0% missing data
   0   (0.495) 0.257 0.499 0.582 0.606 0.264 0.543 
   2   (0.465) 0.726 0.463 0.240 0.385 0.730 0.436 
   1   (0.039) 0.017 0.038 0.178 0.009 0.007 0.021 

Locus 65 : Mnov_gtseq_21 
2 alleles
0.0% missing data
   1   (0.493) 0.609 0.490 0.282 0.476 0.793 0.485 
   0   (0.507) 0.391 0.510 0.718 0.524 0.207 0.515 

Locus 66 : Mnov_gtseq_210 
2 alleles
4.6% missing data
   0   (0.354) 0.298 0.351 0.193 0.617 0.502 0.273 
   1   (0.646) 0.702 0.649 0.807 0.383 0.498 0.727 

Locus 67 : Mnov_gtseq_211 
2 alleles
1.1% missing data
   0   (0.409) 0.360 0.407 0.217 0.424 0.491 0.495 
   1   (0.591) 0.640 0.593 0.783 0.576 0.509 0.505 

Locus 68 : Mnov_gtseq_213 
2 alleles
5.4% missing data
   0   (0.510) 0.455 0.510 0.320 0.559 0.633 0.507 
   1   (0.490) 0.545 0.490 0.680 0.441 0.367 0.493 

Locus 69 : Mnov_gtseq_214 
2 alleles
5.1% missing data
   0   (0.538) 0.317 0.537 0.824 0.465 0.543 0.654 
   1   (0.462) 0.683 0.463 0.176 0.535 0.457 0.346 

Locus 70 : Mnov_gtseq_215 
2 alleles
0.0% missing data
   0   (0.464) 0.326 0.464 0.595 0.412 0.403 0.523 
   1   (0.536) 0.674 0.536 0.405 0.588 0.597 0.477 

Locus 71 : Mnov_gtseq_216 
3 alleles
0.0% missing data
   2   (0.528) 0.619 0.530 0.749 0.445 0.420 0.499 
   1   (0.451) 0.348 0.451 0.247 0.551 0.578 0.493 
   0   (0.021) 0.033 0.019 0.004 0.004 0.002 0.008 

Locus 72 : Mnov_gtseq_217 
2 alleles
23.7% missing data
   0   (0.344) 0.215 0.347 0.144 0.498 0.170 0.339 
   1   (0.656) 0.785 0.653 0.856 0.502 0.830 0.661 

Locus 73 : Mnov_gtseq_218 
2 alleles
0.6% missing data
   0   (0.590) 0.775 0.588 0.867 0.385 0.490 0.628 
   1   (0.410) 0.225 0.412 0.133 0.615 0.510 0.372 

Locus 74 : Mnov_gtseq_22 
4 alleles
3.4% missing data
   2   (0.504) 0.417 0.504 0.824 0.438 0.586 0.538 
   0   (0.238) 0.208 0.239 0.109 0.340 0.130 0.214 
   1   (0.203) 0.249 0.203 0.062 0.152 0.266 0.216 
   3   (0.055) 0.125 0.053 0.005 0.070 0.018 0.032 

Locus 75 : Mnov_gtseq_220 
3 alleles
0.0% missing data
   0   (0.489) 0.596 0.487 0.721 0.420 0.573 0.462 
   1   (0.469) 0.288 0.472 0.264 0.567 0.417 0.514 
   2   (0.042) 0.116 0.041 0.015 0.013 0.009 0.024 

Locus 76 : Mnov_gtseq_223 
2 alleles
2.6% missing data
   0   (0.623) 0.621 0.620 0.632 0.762 0.769 0.547 
   1   (0.377) 0.379 0.380 0.368 0.238 0.231 0.453 

Locus 77 : Mnov_gtseq_224 
3 alleles
0.6% missing data
   0   (0.229) 0.273 0.228 0.284 0.125 0.258 0.227 
   1   (0.717) 0.702 0.718 0.710 0.848 0.702 0.737 
   2   (0.053) 0.025 0.054 0.005 0.028 0.040 0.036 

Locus 78 : Mnov_gtseq_225 
2 alleles
0.0% missing data
   0   (0.528) 0.260 0.529 0.495 0.600 0.680 0.532 
   1   (0.472) 0.740 0.471 0.505 0.400 0.320 0.468 

Locus 79 : Mnov_gtseq_227 
2 alleles
0.3% missing data
   0   (0.506) 0.667 0.505 0.713 0.364 0.523 0.473 
   1   (0.494) 0.333 0.495 0.287 0.636 0.477 0.527 

Locus 80 : Mnov_gtseq_229 
2 alleles
0.9% missing data
   1   (0.502) 0.595 0.499 0.676 0.392 0.755 0.430 
   0   (0.498) 0.405 0.501 0.324 0.608 0.245 0.570 

Locus 81 : Mnov_gtseq_232 
2 alleles
0.0% missing data
   0   (0.485) 0.333 0.485 0.789 0.413 0.516 0.438 
