

----------------------------------------------------
STRUCTURE by Pritchard, Stephens and Donnelly (2000)
     and Falush, Stephens and Pritchard (2003)
       Code by Pritchard, Falush and Hubisz
             Version 2.3.4 (Jul 2012)
----------------------------------------------------



Command line arguments:   structure -m wint.area.structureRun/wint.area.structureRun.k7.r1_mainparams -e wint.area.structureRun/wint.area.structureRun.k7.r1_extraparams -i wint.area.structureRun/wint.area.structureRun.k7.r1_data -o wint.area.structureRun/wint.area.structureRun.k7.r1_out 
Input File:    wint.area.structureRun/wint.area.structureRun.k7.r1_data

Run parameters:
   357 individuals
   328 loci
   7 populations assumed
   1000 Burn-in period
   10000 Reps


--------------------------------------------
Proportion of membership of each pre-defined
 population in each of the 7 clusters

Given    Inferred Clusters                                   Number of
 Pop       1      2      3      4      5      6      7      Individuals

  1:     0.073  0.144  0.221  0.117  0.153  0.137  0.155       80
  2:     0.268  0.117  0.091  0.128  0.134  0.136  0.124      126
  3:     0.108  0.155  0.155  0.119  0.157  0.160  0.146      115
  4:     0.168  0.147  0.105  0.125  0.143  0.154  0.157       27
  5:     0.052  0.076  0.082  0.584  0.070  0.070  0.064        9
--------------------------------------------

Allele-freq. divergence among pops (Net nucleotide distance),
computed using point estimates of P.

      1       2       3       4       5       6       7      
 1      -    0.0608  0.0787  0.0728  0.0511  0.0606  0.0577  
 2   0.0608     -    0.0292  0.0403  0.0176  0.0190  0.0271  
 3   0.0787  0.0292     -    0.0542  0.0244  0.0382  0.0320  
 4   0.0728  0.0403  0.0542     -    0.0340  0.0412  0.0424  
 5   0.0511  0.0176  0.0244  0.0340     -    0.0174  0.0196  
 6   0.0606  0.0190  0.0382  0.0412  0.0174     -    0.0255  
 7   0.0577  0.0271  0.0320  0.0424  0.0196  0.0255     -    

Average distances (expected heterozygosity) between individuals in same cluster:
cluster  1  : 0.3578 
cluster  2  : 0.4077 
cluster  3  : 0.3987 
cluster  4  : 0.3700 
cluster  5  : 0.4137 
cluster  6  : 0.3960 
cluster  7  : 0.3987 

--------------------------------------------
Estimated Ln Prob of Data   = -171969.1
Mean value of ln likelihood = -132524.8
Variance of ln likelihood   = 78888.6
Mean value of alpha         = 1.0000

Mean value of Fst_1         = 0.2617
Mean value of Fst_2         = 0.1513
Mean value of Fst_3         = 0.1904
Mean value of Fst_4         = 0.1974
Mean value of Fst_5         = 0.1072
Mean value of Fst_6         = 0.1462
Mean value of Fst_7         = 0.1807


Inferred ancestry of individuals:
        Label (%Miss) Pop:  Inferred clusters
  1   207778    (2)    2 :  0.233 0.089 0.094 0.086 0.102 0.240 0.156 
  2 z0005757    (7)    3 :  0.108 0.125 0.105 0.177 0.104 0.136 0.245 
  3 z0005758    (0)    3 :  0.045 0.134 0.204 0.119 0.262 0.158 0.077 
  4 z0011944    (0)    1 :  0.067 0.045 0.057 0.658 0.050 0.052 0.071 
  5 z0012702   (10)    4 :  0.413 0.050 0.056 0.166 0.058 0.060 0.197 
  6 z0016577    (2)    3 :  0.140 0.164 0.086 0.086 0.172 0.234 0.117 
  7 z0016578   (21)    1 :  0.035 0.261 0.148 0.108 0.170 0.155 0.123 
  8 z0016579    (1)    3 :  0.074 0.139 0.074 0.155 0.270 0.155 0.133 
  9 z0018264    (0)    1 :  0.071 0.052 0.069 0.586 0.087 0.055 0.081 
 10 z0029828    (2)    3 :  0.118 0.208 0.292 0.048 0.112 0.122 0.100 
 11 z0029829   (14)    1 :  0.080 0.227 0.315 0.049 0.106 0.080 0.143 
 12 z0029846   (14)    1 :  0.051 0.558 0.068 0.079 0.079 0.091 0.074 
 13 z0029860    (1)    3 :  0.070 0.254 0.242 0.040 0.127 0.115 0.152 
 14 z0029863    (2)    1 :  0.066 0.188 0.056 0.233 0.125 0.216 0.116 
 15 z0029864    (8)    1 :  0.057 0.115 0.278 0.225 0.097 0.168 0.060 
 16 z0029865   (13)    3 :  0.045 0.087 0.111 0.068 0.176 0.371 0.142 
 17 z0037607    (2)    3 :  0.100 0.119 0.095 0.176 0.190 0.265 0.055 
 18 z0037609   (25)    3 :  0.084 0.237 0.089 0.131 0.153 0.202 0.104 
 19 z0037624   (21)    1 :  0.086 0.096 0.093 0.053 0.272 0.093 0.307 
 20 z0038417    (8)    2 :  0.396 0.078 0.054 0.158 0.088 0.091 0.135 
 21 z0040275    (9)    2 :  0.272 0.074 0.069 0.249 0.099 0.126 0.112 
 22 z0040287    (3)    2 :  0.178 0.122 0.104 0.185 0.116 0.200 0.096 
 23 z0040308    (1)    2 :  0.250 0.089 0.053 0.047 0.184 0.243 0.134 
 24 z0040333    (1)    2 :  0.231 0.072 0.130 0.112 0.221 0.100 0.134 
 25 z0040334    (1)    2 :  0.468 0.040 0.054 0.113 0.135 0.090 0.100 
 26 z0040337    (6)    2 :  0.164 0.102 0.106 0.121 0.215 0.145 0.147 
 27 z0040345    (1)    2 :  0.338 0.068 0.040 0.182 0.103 0.121 0.148 
 28 z0040357    (5)    2 :  0.330 0.076 0.057 0.101 0.183 0.102 0.151 
 29 z0040363   (20)    2 :  0.269 0.077 0.127 0.092 0.181 0.091 0.162 
 30 z0040364    (0)    2 :  0.392 0.100 0.075 0.081 0.078 0.150 0.124 
 31 z0040387    (1)    2 :  0.387 0.074 0.112 0.094 0.103 0.107 0.122 
 32 z0040403   (15)    2 :  0.249 0.207 0.076 0.074 0.068 0.117 0.208 
 33 z0040413   (43)    2 :  0.142 0.118 0.070 0.124 0.121 0.310 0.115 
 34 z0040439    (0)    2 :  0.483 0.101 0.045 0.109 0.079 0.128 0.056 
 35 z0040465   (20)    2 :  0.166 0.286 0.091 0.073 0.116 0.163 0.106 
 36 z0040513   (17)    3 :  0.163 0.133 0.195 0.079 0.062 0.110 0.258 
 37 z0040961   (12)    2 :  0.231 0.120 0.073 0.260 0.091 0.082 0.143 
 38 z0040985   (16)    2 :  0.172 0.133 0.052 0.123 0.178 0.206 0.135 
 39 z0041026    (0)    2 :  0.418 0.114 0.099 0.090 0.140 0.059 0.081 
 40 z0041051   (28)    2 :  0.236 0.143 0.047 0.244 0.113 0.110 0.107 
 41 z0041115    (7)    2 :  0.354 0.070 0.138 0.136 0.092 0.109 0.100 
 42 z0041153   (23)    2 :  0.186 0.173 0.076 0.189 0.139 0.094 0.143 
 43 z0041233    (4)    2 :  0.173 0.140 0.090 0.097 0.152 0.161 0.186 
 44 z0041243    (1)    2 :  0.213 0.112 0.066 0.167 0.139 0.177 0.127 
 45 z0041248    (6)    2 :  0.367 0.058 0.130 0.112 0.158 0.079 0.096 
 46 z0041250    (1)    2 :  0.322 0.120 0.047 0.115 0.094 0.157 0.145 
 47 z0041274    (2)    2 :  0.216 0.249 0.062 0.166 0.084 0.112 0.111 
 48 z0041465   (15)    2 :  0.376 0.111 0.125 0.036 0.077 0.157 0.118 
 49 z0041472    (2)    2 :  0.334 0.057 0.169 0.074 0.082 0.165 0.118 
 50 z0041480   (10)    2 :  0.162 0.148 0.111 0.083 0.249 0.121 0.126 
 51 z0041483    (0)    2 :  0.429 0.130 0.067 0.125 0.080 0.083 0.086 
 52 z0041494   (12)    2 :  0.248 0.092 0.064 0.143 0.192 0.110 0.151 
 53 z0041498    (1)    2 :  0.293 0.144 0.106 0.121 0.144 0.064 0.129 
 54 z0041501    (1)    2 :  0.394 0.088 0.045 0.072 0.066 0.173 0.161 
 55 z0041507    (7)    2 :  0.339 0.113 0.103 0.125 0.109 0.114 0.097 
 56 z0041512    (0)    2 :  0.424 0.077 0.120 0.081 0.093 0.140 0.066 
 57 z0041522   (17)    2 :  0.317 0.115 0.128 0.106 0.141 0.093 0.098 
 58 z0041526    (1)    3 :  0.345 0.170 0.073 0.058 0.107 0.128 0.119 
 59 z0041527   (16)    2 :  0.279 0.114 0.111 0.082 0.074 0.218 0.122 
 60 z0043243    (2)    2 :  0.069 0.062 0.144 0.203 0.170 0.087 0.264 
 61 z0043278    (2)    2 :  0.450 0.048 0.055 0.175 0.100 0.048 0.124 
 62 z0043475   (17)    3 :  0.193 0.140 0.102 0.088 0.207 0.105 0.163 
 63 z0043477    (0)    2 :  0.230 0.080 0.077 0.146 0.235 0.127 0.105 
 64 z0043478    (2)    2 :  0.535 0.061 0.091 0.063 0.115 0.068 0.067 
 65 z0043481    (0)    2 :  0.312 0.075 0.063 0.095 0.194 0.065 0.196 
 66 z0043489    (7)    2 :  0.395 0.056 0.041 0.157 0.112 0.106 0.132 
 67 z0043491   (13)    2 :  0.260 0.081 0.085 0.175 0.112 0.193 0.095 
 68 z0043493    (3)    2 :  0.138 0.090 0.042 0.153 0.093 0.351 0.132 
 69 z0043494    (2)    2 :  0.175 0.203 0.088 0.175 0.075 0.198 0.085 
 70 z0043498    (2)    2 :  0.442 0.062 0.120 0.066 0.141 0.056 0.112 
 71 z0043504    (7)    2 :  0.159 0.093 0.057 0.142 0.157 0.310 0.081 
 72 z0043526    (3)    4 :  0.167 0.128 0.081 0.124 0.116 0.165 0.219 
 73 z0043566    (3)    2 :  0.245 0.107 0.069 0.075 0.190 0.143 0.172 
 74 z0043572    (0)    2 :  0.354 0.111 0.091 0.059 0.228 0.080 0.076 
 75 z0043599    (5)    2 :  0.197 0.270 0.077 0.087 0.119 0.116 0.134 
 76 z0043642    (1)    2 :  0.157 0.301 0.098 0.086 0.180 0.088 0.090 
 77 z0043649    (1)    2 :  0.367 0.100 0.050 0.132 0.061 0.134 0.156 
 78 z0043652    (1)    2 :  0.128 0.153 0.081 0.135 0.082 0.263 0.157 
 79 z0043668    (1)    2 :  0.132 0.071 0.119 0.141 0.191 0.061 0.285 
 80 z0043674    (1)    4 :  0.039 0.279 0.198 0.108 0.104 0.137 0.136 
 81 z0043686    (1)    2 :  0.207 0.128 0.130 0.184 0.141 0.100 0.109 
 82 z0043693    (1)    2 :  0.196 0.173 0.105 0.102 0.094 0.117 0.213 
 83 z0043704   (15)    2 :  0.411 0.188 0.043 0.065 0.063 0.167 0.063 
 84 z0043807    (1)    2 :  0.239 0.255 0.116 0.083 0.130 0.093 0.084 
 85 z0043819    (1)    2 :  0.057 0.126 0.065 0.129 0.231 0.161 0.233 
 86 z0043876    (7)    2 :  0.123 0.072 0.171 0.059 0.184 0.303 0.087 
 87 z0043877   (33)    2 :  0.210 0.139 0.107 0.068 0.151 0.116 0.209 
 88 z0043891   (21)    4 :  0.122 0.176 0.186 0.154 0.151 0.094 0.117 
 89 z0043915   (33)    2 :  0.125 0.148 0.119 0.267 0.129 0.109 0.101 
 90 z0043940   (10)    2 :  0.040 0.236 0.054 0.129 0.185 0.222 0.134 
 91 z0043954    (2)    2 :  0.168 0.108 0.099 0.191 0.117 0.149 0.168 
 92 z0043966    (5)    2 :  0.427 0.094 0.107 0.090 0.144 0.069 0.068 
 93 z0043980    (0)    2 :  0.183 0.118 0.140 0.121 0.214 0.059 0.165 
 94 z0043994    (1)    3 :  0.464 0.055 0.048 0.163 0.104 0.045 0.120 
 95 z0044017   (12)    2 :  0.187 0.132 0.084 0.271 0.072 0.121 0.133 
 96 z0044019   (14)    2 :  0.253 0.115 0.126 0.120 0.145 0.110 0.131 
 97 z0044023   (36)    2 :  0.509 0.049 0.115 0.053 0.078 0.070 0.125 
 98 z0044033    (0)    2 :  0.619 0.090 0.061 0.041 0.079 0.050 0.061 
 99 z0044042    (3)    2 :  0.433 0.054 0.125 0.134 0.075 0.102 0.076 
100 z0044047   (25)    2 :  0.243 0.110 0.066 0.133 0.104 0.163 0.181 
101 z0044064   (13)    2 :  0.180 0.103 0.053 0.197 0.172 0.188 0.107 
102 z0044432   (14)    2 :  0.173 0.105 0.133 0.116 0.149 0.145 0.179 
103 z0045326    (0)    3 :  0.096 0.292 0.206 0.041 0.106 0.170 0.089 
104 z0045331    (5)    1 :  0.106 0.222 0.225 0.102 0.192 0.093 0.060 
105 z0045332    (2)    1 :  0.078 0.243 0.100 0.188 0.136 0.109 0.146 
106 z0045333    (6)    1 :  0.069 0.131 0.190 0.070 0.118 0.133 0.290 
107 z0045337    (5)    1 :  0.097 0.065 0.368 0.099 0.098 0.073 0.200 
108 z0045342   (13)    1 :  0.086 0.216 0.201 0.070 0.171 0.088 0.169 
109 z0045347    (1)    3 :  0.075 0.121 0.074 0.170 0.151 0.248 0.161 
110 z0045350    (0)    1 :  0.073 0.184 0.086 0.171 0.234 0.127 0.123 
111 z0045370    (1)    1 :  0.028 0.237 0.343 0.048 0.078 0.145 0.120 
112 z0045371    (1)    3 :  0.115 0.154 0.088 0.123 0.159 0.258 0.102 
113 z0045398    (1)    3 :  0.034 0.090 0.182 0.076 0.241 0.289 0.088 
114 z0045399    (1)    3 :  0.043 0.163 0.161 0.263 0.125 0.106 0.139 
115 z0045401   (26)    1 :  0.065 0.214 0.102 0.104 0.154 0.203 0.157 
116 z0045404    (0)    3 :  0.039 0.228 0.281 0.055 0.144 0.158 0.095 
117 z0045405    (5)    3 :  0.038 0.274 0.088 0.092 0.146 0.291 0.071 
118 z0045407    (2)    3 :  0.060 0.141 0.085 0.182 0.269 0.154 0.108 
119 z0045719    (0)    2 :  0.353 0.129 0.058 0.088 0.187 0.091 0.093 
120 z0045720    (1)    2 :  0.179 0.168 0.073 0.134 0.147 0.163 0.137 
121 z0045728    (1)    2 :  0.357 0.063 0.071 0.077 0.285 0.062 0.086 
122 z0045731    (1)    2 :  0.180 0.160 0.068 0.103 0.088 0.280 0.121 
123 z0045733    (0)    2 :  0.169 0.161 0.127 0.150 0.115 0.128 0.150 
124 z0045736    (1)    2 :  0.106 0.147 0.076 0.177 0.123 0.256 0.115 
125 z0045739    (1)    2 :  0.083 0.200 0.109 0.093 0.310 0.131 0.074 
126 z0045740    (1)    2 :  0.375 0.089 0.055 0.092 0.084 0.165 0.140 
127 z0045741    (0)    2 :  0.281 0.156 0.046 0.066 0.073 0.225 0.152 
128 z0045742    (0)    2 :  0.291 0.205 0.087 0.060 0.078 0.130 0.149 
129 z0045776    (1)    3 :  0.151 0.056 0.064 0.081 0.058 0.110 0.479 
130 z0045779    (0)    2 :  0.492 0.058 0.089 0.093 0.076 0.066 0.126 
131 z0045781    (0)    2 :  0.325 0.073 0.065 0.096 0.199 0.171 0.071 
132 z0045788    (5)    2 :  0.467 0.076 0.062 0.145 0.073 0.094 0.084 
133 z0045789    (2)    2 :  0.424 0.132 0.072 0.109 0.088 0.099 0.077 
134 z0045791    (5)    2 :  0.356 0.167 0.080 0.134 0.087 0.077 0.099 
135 z0045792   (23)    1 :  0.176 0.063 0.165 0.080 0.166 0.175 0.174 
136 z0045793    (0)    3 :  0.191 0.143 0.355 0.042 0.141 0.049 0.080 
137 z0047562   (15)    2 :  0.276 0.133 0.078 0.150 0.145 0.114 0.104 
138 z0047854    (1)    2 :  0.232 0.164 0.056 0.122 0.160 0.136 0.131 
139 z0051185    (1)    1 :  0.041 0.247 0.153 0.059 0.281 0.149 0.071 
140 z0051324    (6)    1 :  0.055 0.121 0.292 0.099 0.291 0.080 0.063 
141 z0051326    (0)    1 :  0.047 0.131 0.282 0.094 0.315 0.079 0.052 
142 z0051327    (4)    3 :  0.187 0.121 0.089 0.082 0.214 0.197 0.110 
143 z0051328    (3)    1 :  0.103 0.073 0.306 0.073 0.235 0.106 0.104 
144 z0051380    (0)    1 :  0.024 0.062 0.162 0.045 0.198 0.061 0.449 
145 z0051400    (0)    3 :  0.128 0.104 0.185 0.085 0.114 0.212 0.171 
146 z0051431   (23)    3 :  0.204 0.137 0.107 0.070 0.166 0.232 0.083 
147 z0051840   (34)    2 :  0.330 0.092 0.158 0.199 0.096 0.059 0.066 
148 z0051844   (27)    2 :  0.199 0.086 0.067 0.248 0.113 0.152 0.135 
149 z0051875   (29)    3 :  0.073 0.190 0.214 0.075 0.221 0.146 0.080 
150 z0051885    (8)    3 :  0.326 0.132 0.085 0.086 0.115 0.156 0.099 
151 z0051888    (1)    2 :  0.284 0.180 0.244 0.068 0.094 0.074 0.057 
152 z0051891    (1)    1 :  0.087 0.173 0.092 0.089 0.124 0.210 0.225 
153 z0051893    (4)    1 :  0.085 0.103 0.372 0.081 0.137 0.125 0.097 
154 z0051895    (0)    3 :  0.080 0.121 0.412 0.067 0.128 0.135 0.057 
155 z0051918    (1)    3 :  0.232 0.084 0.062 0.285 0.158 0.094 0.085 
156 z0051929    (1)    1 :  0.075 0.145 0.294 0.052 0.194 0.138 0.102 
157 z0051939   (12)    3 :  0.212 0.161 0.143 0.102 0.107 0.161 0.112 
158 z0051947    (3)    1 :  0.059 0.054 0.295 0.045 0.210 0.039 0.297 
159 z0051959    (2)    3 :  0.137 0.073 0.089 0.162 0.235 0.165 0.139 
160 z0052846    (0)    4 :  0.182 0.248 0.087 0.069 0.113 0.134 0.166 
161 z0052882    (1)    2 :  0.207 0.088 0.157 0.114 0.132 0.108 0.195 
162 z0053020   (22)    2 :  0.138 0.085 0.049 0.201 0.086 0.240 0.202 
163 z0053024   (13)    2 :  0.132 0.104 0.112 0.113 0.232 0.229 0.077 
164 z0053025    (5)    2 :  0.444 0.082 0.048 0.066 0.065 0.249 0.045 
165 z0053031    (0)    2 :  0.159 0.073 0.101 0.209 0.158 0.183 0.116 
166 z0053032    (1)    2 :  0.196 0.067 0.089 0.142 0.078 0.104 0.324 
167 z0053040    (5)    2 :  0.178 0.154 0.087 0.132 0.180 0.110 0.160 
168 z0053051    (1)    3 :  0.045 0.345 0.084 0.095 0.124 0.209 0.098 
169 z0053054    (6)    3 :  0.055 0.203 0.118 0.075 0.286 0.122 0.142 
170 z0053071    (3)    2 :  0.367 0.088 0.106 0.069 0.114 0.132 0.124 
171 z0053073    (2)    2 :  0.071 0.127 0.090 0.120 0.178 0.175 0.239 
172 z0053078    (1)    3 :  0.211 0.082 0.037 0.444 0.072 0.076 0.077 
173 z0053082    (2)    3 :  0.289 0.111 0.099 0.080 0.136 0.086 0.200 
174 z0053083   (12)    2 :  0.223 0.105 0.100 0.120 0.150 0.139 0.163 
175 z0053090   (11)    3 :  0.271 0.093 0.057 0.145 0.105 0.199 0.130 
176 z0053096    (0)    2 :  0.381 0.164 0.048 0.228 0.056 0.045 0.078 
177 z0053100    (8)    2 :  0.218 0.137 0.049 0.086 0.312 0.096 0.102 
178 z0053101    (0)    2 :  0.263 0.120 0.059 0.301 0.137 0.058 0.063 
179 z0053102    (9)    2 :  0.247 0.075 0.090 0.110 0.246 0.106 0.126 
180 z0053103    (1)    2 :  0.500 0.068 0.075 0.052 0.059 0.149 0.096 
181 z0053111    (2)    3 :  0.089 0.185 0.112 0.116 0.206 0.125 0.166 
182 z0053131    (0)    2 :  0.247 0.100 0.145 0.123 0.176 0.109 0.100 
183 z0053132    (0)    2 :  0.183 0.088 0.046 0.428 0.087 0.082 0.087 
184 z0053133    (1)    2 :  0.088 0.111 0.161 0.192 0.149 0.178 0.121 
185 z0053138    (0)    2 :  0.162 0.113 0.128 0.064 0.226 0.210 0.097 
186 z0053142    (3)    2 :  0.351 0.098 0.118 0.094 0.068 0.072 0.200 
187 z0053149    (1)    2 :  0.276 0.120 0.061 0.130 0.104 0.085 0.223 
188 z0053754    (1)    1 :  0.074 0.079 0.127 0.144 0.325 0.087 0.165 
189 z0053756    (2)    1 :  0.055 0.134 0.106 0.144 0.405 0.077 0.080 
190 z0053758   (17)    1 :  0.037 0.524 0.205 0.076 0.050 0.042 0.065 
191 z0053759    (1)    1 :  0.051 0.112 0.273 0.097 0.143 0.162 0.161 
192 z0053760    (0)    1 :  0.058 0.570 0.070 0.063 0.077 0.094 0.068 
193 z0053842    (2)    1 :  0.064 0.081 0.059 0.040 0.099 0.544 0.113 
194 z0053843    (6)    1 :  0.084 0.153 0.509 0.075 0.067 0.066 0.048 
195 z0053844    (9)    1 :  0.078 0.156 0.169 0.070 0.210 0.217 0.100 
196 z0053846    (3)    1 :  0.041 0.139 0.555 0.068 0.069 0.045 0.084 
197 z0053847    (1)    1 :  0.092 0.040 0.301 0.068 0.285 0.039 0.174 
198 z0053849    (1)    1 :  0.062 0.069 0.098 0.106 0.112 0.477 0.077 
199 z0055903    (1)    4 :  0.090 0.167 0.065 0.113 0.089 0.202 0.274 
200 z0055910   (35)    4 :  0.200 0.197 0.083 0.132 0.097 0.127 0.164 
201 z0055912    (7)    4 :  0.161 0.103 0.059 0.268 0.153 0.167 0.089 
202 z0055916   (17)    4 :  0.090 0.258 0.089 0.077 0.087 0.267 0.133 
203 z0055931    (4)    4 :  0.389 0.067 0.063 0.101 0.175 0.076 0.130 
204 z0055944    (4)    4 :  0.120 0.106 0.147 0.139 0.097 0.252 0.139 
205 z0055947   (10)    4 :  0.114 0.237 0.076 0.107 0.093 0.235 0.138 
206 z0055962    (6)    4 :  0.194 0.227 0.065 0.065 0.168 0.182 0.099 
207 z0055963   (21)    4 :  0.199 0.157 0.157 0.128 0.139 0.122 0.098 
208 z0055965   (26)    4 :  0.047 0.101 0.122 0.238 0.145 0.112 0.235 
209 z0055970   (16)    4 :  0.164 0.103 0.098 0.082 0.161 0.158 0.234 
210 z0055971    (8)    4 :  0.129 0.087 0.174 0.152 0.141 0.154 0.162 
211 z0055977    (6)    4 :  0.258 0.119 0.106 0.132 0.121 0.198 0.065 
212 z0055986   (21)    4 :  0.097 0.171 0.128 0.067 0.175 0.181 0.181 
213 z0055990    (7)    4 :  0.323 0.107 0.082 0.146 0.127 0.144 0.070 
214 z0055996    (3)    4 :  0.151 0.149 0.108 0.052 0.318 0.145 0.077 
215 z0055997    (4)    4 :  0.241 0.088 0.120 0.056 0.215 0.086 0.193 
216 z0055998    (5)    4 :  0.097 0.110 0.083 0.238 0.154 0.142 0.177 
217 z0055999    (3)    4 :  0.092 0.152 0.212 0.165 0.123 0.068 0.188 
218 z0056011    (9)    4 :  0.075 0.138 0.076 0.114 0.180 0.263 0.155 
219 z0056029    (5)    4 :  0.106 0.112 0.083 0.081 0.211 0.166 0.241 
220 z0056034    (2)    4 :  0.283 0.143 0.042 0.090 0.155 0.132 0.155 
221 z0056056   (26)    3 :  0.116 0.137 0.111 0.102 0.195 0.150 0.189 
222 z0056058    (5)    3 :  0.028 0.071 0.197 0.039 0.047 0.051 0.567 
223 z0056059    (8)    3 :  0.061 0.101 0.090 0.191 0.212 0.142 0.202 
224 z0056062    (1)    3 :  0.122 0.075 0.093 0.126 0.073 0.071 0.442 
225 z0056063    (4)    3 :  0.077 0.192 0.111 0.096 0.198 0.139 0.186 
226 z0056064    (0)    3 :  0.076 0.157 0.147 0.214 0.156 0.097 0.153 
227 z0056065    (0)    3 :  0.070 0.200 0.213 0.113 0.131 0.097 0.175 
228 z0056069    (1)    3 :  0.151 0.056 0.065 0.091 0.050 0.111 0.475 
229 z0056073    (0)    3 :  0.039 0.163 0.154 0.053 0.201 0.254 0.136 
230 z0056076    (5)    3 :  0.127 0.062 0.204 0.143 0.338 0.036 0.088 
231 z0056079   (10)    3 :  0.034 0.183 0.126 0.106 0.107 0.303 0.141 
232 z0056085    (1)    3 :  0.062 0.182 0.240 0.116 0.232 0.078 0.092 
233 z0056092    (1)    3 :  0.063 0.145 0.182 0.191 0.182 0.145 0.092 
234 z0056095    (1)    3 :  0.054 0.158 0.163 0.211 0.152 0.089 0.174 
235 z0056103    (8)    3 :  0.045 0.086 0.148 0.129 0.105 0.198 0.288 
236 z0056374    (8)    1 :  0.037 0.103 0.126 0.053 0.076 0.148 0.457 
237 z0056375    (0)    1 :  0.063 0.150 0.239 0.069 0.085 0.107 0.287 
238 z0056377    (0)    1 :  0.050 0.098 0.109 0.090 0.224 0.337 0.092 
239 z0056378    (2)    1 :  0.108 0.075 0.295 0.051 0.134 0.069 0.268 
240 z0056382    (1)    1 :  0.045 0.170 0.496 0.086 0.096 0.055 0.052 
241 z0056384    (3)    1 :  0.090 0.103 0.196 0.187 0.110 0.123 0.191 
242 z0056386    (8)    1 :  0.046 0.150 0.476 0.084 0.080 0.098 0.065 
243 z0056389    (1)    1 :  0.033 0.397 0.335 0.052 0.072 0.054 0.057 
244 z0056391    (2)    1 :  0.021 0.168 0.537 0.028 0.068 0.053 0.124 
245 z0056392   (12)    1 :  0.065 0.095 0.225 0.044 0.268 0.068 0.236 
246 z0056393    (9)    1 :  0.095 0.189 0.126 0.112 0.106 0.245 0.127 
247 z0056394    (1)    1 :  0.054 0.135 0.225 0.071 0.132 0.273 0.109 
248 z0056395    (2)    1 :  0.073 0.056 0.111 0.104 0.249 0.178 0.230 
249 z0056397    (1)    1 :  0.169 0.102 0.070 0.140 0.232 0.121 0.166 
250 z0061527    (3)    3 :  0.267 0.192 0.084 0.083 0.125 0.100 0.149 
251 z0061967    (1)    3 :  0.125 0.111 0.134 0.071 0.239 0.233 0.088 
252 z0061969    (1)    3 :  0.221 0.152 0.124 0.048 0.202 0.161 0.093 
253 z0061980    (1)    1 :  0.177 0.089 0.269 0.099 0.150 0.082 0.134 
254 z0066166    (3)    3 :  0.077 0.449 0.138 0.065 0.055 0.114 0.103 
255 z0066792    (2)    1 :  0.067 0.085 0.161 0.537 0.056 0.046 0.047 
256 z0066805    (2)    1 :  0.057 0.127 0.063 0.528 0.057 0.052 0.115 
257 z0068471    (3)    3 :  0.078 0.077 0.181 0.127 0.117 0.095 0.324 
258 z0075696    (7)    5 :  0.058 0.060 0.054 0.652 0.047 0.076 0.052 
259 z0101084    (8)    1 :  0.086 0.096 0.367 0.054 0.091 0.080 0.226 
260 z0107099    (3)    3 :  0.023 0.162 0.366 0.074 0.106 0.126 0.142 
261 z0107101    (0)    1 :  0.041 0.060 0.548 0.039 0.038 0.038 0.237 
262 z0108489    (1)    1 :  0.134 0.063 0.113 0.145 0.126 0.210 0.209 
263 z0108513    (0)    1 :  0.116 0.139 0.451 0.044 0.098 0.068 0.084 
264 z0108528    (1)    3 :  0.147 0.184 0.129 0.076 0.177 0.152 0.135 
265 z0113628    (2)    3 :  0.080 0.188 0.076 0.175 0.167 0.175 0.139 
266 z0133302   (18)    1 :  0.112 0.069 0.204 0.106 0.308 0.069 0.132 
267 z0173485    (0)    1 :  0.112 0.115 0.074 0.080 0.331 0.198 0.089 
268 z0175371    (1)    3 :  0.155 0.095 0.069 0.269 0.239 0.114 0.059 
269 z0175378    (0)    2 :  0.421 0.149 0.066 0.043 0.172 0.079 0.069 
270 z0175912    (6)    1 :  0.068 0.054 0.133 0.086 0.102 0.168 0.390 
271 z0175916    (3)    1 :  0.220 0.192 0.095 0.151 0.196 0.062 0.085 
272 z0175937    (1)    1 :  0.056 0.117 0.288 0.096 0.100 0.177 0.164 
273 z0178348   (13)    1 :  0.059 0.095 0.159 0.064 0.171 0.129 0.323 
274 z0187857    (3)    1 :  0.090 0.088 0.364 0.054 0.061 0.121 0.223 
275 z0187860    (0)    1 :  0.092 0.131 0.108 0.083 0.164 0.232 0.189 
276 z0187885    (0)    2 :  0.197 0.106 0.105 0.307 0.119 0.097 0.070 
277 z0187906   (10)    1 :  0.072 0.115 0.109 0.282 0.170 0.125 0.127 
278 z0195655    (0)    2 :  0.484 0.071 0.076 0.071 0.098 0.142 0.056 
279 z0195663    (1)    3 :  0.282 0.161 0.053 0.092 0.129 0.162 0.119 
280 z0195683    (1)    3 :  0.052 0.243 0.232 0.046 0.153 0.129 0.145 
281 z0195687   (22)    3 :  0.032 0.206 0.209 0.070 0.290 0.127 0.066 
282 z0195688    (0)    2 :  0.146 0.184 0.079 0.215 0.151 0.101 0.123 
283 z0195691    (1)    3 :  0.049 0.269 0.049 0.176 0.122 0.172 0.163 
284 z0195699    (0)    3 :  0.061 0.453 0.098 0.047 0.069 0.218 0.055 
285 z0195701    (8)    3 :  0.102 0.114 0.363 0.098 0.104 0.121 0.098 
286 z0195702    (0)    3 :  0.116 0.107 0.122 0.179 0.202 0.187 0.087 
287 z0195704    (1)    3 :  0.106 0.106 0.162 0.108 0.126 0.082 0.310 
288 z0195705    (1)    3 :  0.247 0.079 0.044 0.079 0.067 0.311 0.174 
289 z0195711    (0)    3 :  0.041 0.172 0.093 0.234 0.105 0.282 0.072 
290 z0195716    (0)    3 :  0.074 0.199 0.173 0.172 0.163 0.145 0.075 
291 z0195718   (13)    3 :  0.040 0.242 0.185 0.133 0.159 0.071 0.171 
292 z0195725    (5)    3 :  0.174 0.149 0.098 0.070 0.127 0.166 0.217 
293 z0195726   (17)    1 :  0.050 0.097 0.058 0.086 0.103 0.505 0.100 
294 z0195728   (14)    3 :  0.033 0.187 0.426 0.051 0.085 0.077 0.141 
295 z0195732   (16)    3 :  0.039 0.117 0.184 0.081 0.115 0.330 0.133 
296 z0195737    (1)    3 :  0.233 0.124 0.149 0.157 0.117 0.083 0.138 
297 z0195740   (30)    3 :  0.079 0.129 0.101 0.094 0.159 0.322 0.117 
298 z0195751    (1)    3 :  0.057 0.177 0.376 0.069 0.067 0.189 0.065 
299 z0195762    (2)    3 :  0.051 0.073 0.246 0.286 0.092 0.175 0.076 
300 z0195784    (0)    3 :  0.046 0.137 0.243 0.102 0.191 0.131 0.150 
301 z0196686    (0)    5 :  0.025 0.056 0.052 0.726 0.051 0.031 0.059 
302 z0196687    (0)    5 :  0.076 0.071 0.080 0.575 0.082 0.048 0.067 
303 z0196689    (1)    5 :  0.062 0.070 0.056 0.606 0.085 0.081 0.039 
304 z0196690    (3)    5 :  0.038 0.044 0.197 0.569 0.050 0.039 0.063 
305 z0196691    (9)    5 :  0.040 0.068 0.064 0.550 0.105 0.094 0.080 
306 z0196692    (1)    5 :  0.070 0.089 0.093 0.494 0.073 0.105 0.076 
307 z0196693    (2)    5 :  0.044 0.129 0.090 0.542 0.056 0.078 0.061 
308 z0196694    (3)    5 :  0.060 0.101 0.055 0.543 0.078 0.081 0.083 
309 z0196710    (0)    3 :  0.144 0.114 0.099 0.147 0.226 0.134 0.137 
310 z0196715   (23)    3 :  0.044 0.245 0.171 0.052 0.157 0.236 0.096 
311 z0196719    (0)    3 :  0.097 0.211 0.153 0.087 0.092 0.274 0.086 
312 z0196724   (20)    3 :  0.079 0.097 0.179 0.060 0.263 0.222 0.100 
313 z0196725    (1)    3 :  0.065 0.104 0.163 0.093 0.072 0.068 0.434 
314 z0196729    (3)    3 :  0.109 0.170 0.135 0.088 0.246 0.123 0.129 
315 z0196730    (3)    1 :  0.070 0.050 0.217 0.117 0.073 0.041 0.432 
316 z0196731    (1)    3 :  0.035 0.122 0.168 0.087 0.305 0.182 0.102 
317 z0196733   (17)    1 :  0.045 0.124 0.179 0.080 0.227 0.241 0.106 
318 z0196734    (2)    3 :  0.104 0.151 0.102 0.082 0.249 0.179 0.134 
319 z0196739   (18)    3 :  0.155 0.080 0.228 0.071 0.179 0.156 0.129 
320 z0196740   (10)    3 :  0.072 0.143 0.288 0.160 0.128 0.140 0.068 
321 z0196746    (3)    1 :  0.081 0.075 0.327 0.096 0.075 0.068 0.277 
322 z0196751    (0)    3 :  0.118 0.183 0.170 0.102 0.196 0.102 0.130 
323 z0196752    (0)    3 :  0.053 0.081 0.168 0.338 0.208 0.065 0.086 
324 z0196754    (0)    3 :  0.079 0.166 0.245 0.078 0.138 0.119 0.175 
325 z0196758    (2)    1 :  0.060 0.109 0.202 0.127 0.233 0.093 0.175 
326 z0196763    (2)    3 :  0.055 0.143 0.091 0.092 0.196 0.277 0.146 
327 z0196764    (1)    3 :  0.101 0.186 0.140 0.108 0.140 0.189 0.135 
328 z0196766    (0)    3 :  0.073 0.128 0.195 0.117 0.197 0.109 0.182 
329 z0196769    (1)    3 :  0.059 0.125 0.234 0.121 0.218 0.091 0.152 
330 z0196774    (1)    3 :  0.062 0.103 0.274 0.227 0.183 0.079 0.071 
331 z0196783    (0)    1 :  0.033 0.095 0.557 0.072 0.091 0.047 0.105 
332 z0196794    (2)    1 :  0.034 0.120 0.538 0.094 0.083 0.060 0.070 
333 z0196804   (15)    1 :  0.067 0.189 0.197 0.065 0.213 0.143 0.126 
334 z0196809   (15)    3 :  0.041 0.361 0.087 0.108 0.085 0.256 0.062 
335 z0196810    (2)    1 :  0.051 0.119 0.093 0.113 0.324 0.126 0.174 
336 z0196811    (1)    1 :  0.027 0.110 0.148 0.060 0.092 0.461 0.103 
337 z0196824    (0)    3 :  0.147 0.112 0.101 0.147 0.214 0.112 0.167 
338 z0196825    (1)    3 :  0.130 0.156 0.123 0.047 0.201 0.175 0.169 
339 z0196828    (1)    2 :  0.083 0.120 0.161 0.070 0.196 0.280 0.090 
340 z0196829    (0)    3 :  0.063 0.220 0.075 0.069 0.207 0.248 0.118 
341 z0196834   (28)    3 :  0.136 0.102 0.207 0.110 0.160 0.121 0.164 
342 z0196835    (0)    3 :  0.087 0.116 0.295 0.027 0.176 0.120 0.178 
343 z0196838    (2)    1 :  0.033 0.331 0.095 0.108 0.096 0.271 0.066 
344 z0196841   (22)    3 :  0.050 0.156 0.225 0.149 0.263 0.079 0.078 
345 z0196843   (27)    3 :  0.054 0.149 0.183 0.069 0.083 0.172 0.289 
346 z0196849    (1)    3 :  0.066 0.235 0.240 0.099 0.157 0.154 0.049 
347 z0196852    (1)    2 :  0.132 0.137 0.098 0.204 0.152 0.186 0.092 
348 z0196855    (0)    2 :  0.117 0.104 0.116 0.158 0.221 0.195 0.089 
349 z0196856    (1)    3 :  0.102 0.151 0.088 0.126 0.179 0.267 0.087 
350 z0196857    (0)    2 :  0.281 0.160 0.266 0.053 0.101 0.083 0.055 
351 z0196864    (2)    3 :  0.166 0.139 0.051 0.124 0.134 0.275 0.110 
352 z0196894    (0)    3 :  0.044 0.109 0.120 0.132 0.073 0.230 0.292 
353 z0197662    (3)    1 :  0.111 0.117 0.099 0.114 0.215 0.215 0.130 
354 z0197665    (2)    1 :  0.076 0.061 0.349 0.114 0.065 0.048 0.288 
355 z0197668   (20)    3 :  0.072 0.130 0.107 0.349 0.099 0.165 0.079 
356 z0197669    (1)    3 :  0.169 0.135 0.085 0.153 0.113 0.153 0.192 
357 z0197672    (1)    3 :  0.093 0.188 0.275 0.125 0.128 0.132 0.058 


Estimated Allele Frequencies in each cluster
First column gives estimated ancestral frequencies


Locus 1 : HI.v.HI.SEAK 
5 alleles
66.2% missing data
   0   (0.218) 0.126 0.212 0.101 0.374 0.217 0.167 0.161 
   4   (0.394) 0.033 0.549 0.705 0.240 0.454 0.556 0.267 
   1   (0.213) 0.812 0.133 0.069 0.229 0.178 0.176 0.185 
   2   (0.051) 0.015 0.019 0.015 0.034 0.044 0.040 0.034 
   3   (0.124) 0.014 0.086 0.110 0.123 0.107 0.061 0.353 

Locus 2 : Mnov_gtseq_1 
2 alleles
0.0% missing data
   0   (0.401) 0.303 0.272 0.397 0.515 0.288 0.554 0.447 
   1   (0.599) 0.697 0.728 0.603 0.485 0.712 0.446 0.553 

Locus 3 : Mnov_gtseq_10 
2 alleles
0.3% missing data
   0   (0.803) 0.963 0.770 0.680 0.948 0.740 0.832 0.820 
   1   (0.197) 0.037 0.230 0.320 0.052 0.260 0.168 0.180 

Locus 4 : Mnov_gtseq_102 
2 alleles
0.8% missing data
   0   (0.560) 0.823 0.721 0.432 0.527 0.421 0.693 0.432 
   1   (0.440) 0.177 0.279 0.568 0.473 0.579 0.307 0.568 

Locus 5 : Mnov_gtseq_104 
2 alleles
0.3% missing data
   0   (0.850) 0.971 0.780 0.687 0.972 0.876 0.916 0.846 
   1   (0.150) 0.029 0.220 0.313 0.028 0.124 0.084 0.154 

Locus 6 : Mnov_gtseq_106 
2 alleles
15.4% missing data
   1   (0.754) 0.802 0.781 0.848 0.703 0.729 0.862 0.726 
   0   (0.246) 0.198 0.219 0.152 0.297 0.271 0.138 0.274 

Locus 7 : Mnov_gtseq_107 
2 alleles
37.8% missing data
   1   (0.221) 0.585 0.097 0.132 0.081 0.219 0.241 0.336 
   0   (0.779) 0.415 0.903 0.868 0.919 0.781 0.759 0.664 

Locus 8 : Mnov_gtseq_111 
2 alleles
39.2% missing data
   1   (0.701) 0.336 0.709 0.558 0.875 0.673 0.838 0.756 
   0   (0.299) 0.664 0.291 0.442 0.125 0.327 0.162 0.244 

Locus 9 : Mnov_gtseq_112 
2 alleles
1.1% missing data
   0   (0.607) 0.822 0.479 0.845 0.343 0.579 0.693 0.546 
   1   (0.393) 0.178 0.521 0.155 0.657 0.421 0.307 0.454 

Locus 10 : Mnov_gtseq_113 
2 alleles
1.7% missing data
   1   (0.708) 0.618 0.674 0.847 0.654 0.653 0.799 0.788 
   0   (0.292) 0.382 0.326 0.153 0.346 0.347 0.201 0.212 

Locus 11 : Mnov_gtseq_114 
2 alleles
4.5% missing data
   0   (0.554) 0.171 0.756 0.536 0.352 0.566 0.619 0.643 
   1   (0.446) 0.829 0.244 0.464 0.648 0.434 0.381 0.357 

Locus 12 : Mnov_gtseq_117 
2 alleles
27.2% missing data
   0   (0.636) 0.921 0.625 0.486 0.674 0.666 0.638 0.541 
   1   (0.364) 0.079 0.375 0.514 0.326 0.334 0.362 0.459 

Locus 13 : Mnov_gtseq_118 
2 alleles
8.1% missing data
   0   (0.724) 0.920 0.850 0.382 0.766 0.694 0.805 0.680 
   1   (0.276) 0.080 0.150 0.618 0.234 0.306 0.195 0.320 

Locus 14 : Mnov_gtseq_12 
2 alleles
0.3% missing data
   0   (0.438) 0.212 0.651 0.599 0.766 0.245 0.436 0.222 
   1   (0.562) 0.788 0.349 0.401 0.234 0.755 0.564 0.778 

Locus 15 : Mnov_gtseq_124 
2 alleles
4.8% missing data
   1   (0.763) 0.924 0.781 0.729 0.933 0.576 0.850 0.733 
   0   (0.237) 0.076 0.219 0.271 0.067 0.424 0.150 0.267 

Locus 16 : Mnov_gtseq_125 
2 alleles
1.1% missing data
   1   (0.892) 0.518 0.942 0.985 0.963 0.926 0.882 0.911 
   0   (0.108) 0.482 0.058 0.015 0.037 0.074 0.118 0.089 

Locus 17 : Mnov_gtseq_126 
2 alleles
0.0% missing data
   0   (0.340) 0.258 0.260 0.100 0.653 0.350 0.407 0.372 
   1   (0.660) 0.742 0.740 0.900 0.347 0.650 0.593 0.628 

Locus 18 : Mnov_gtseq_127 
2 alleles
7.0% missing data
   0   (0.619) 0.377 0.727 0.716 0.628 0.701 0.522 0.604 
   1   (0.381) 0.623 0.273 0.284 0.372 0.299 0.478 0.396 

Locus 19 : Mnov_gtseq_128 
2 alleles
31.4% missing data
   0   (0.679) 0.692 0.684 0.879 0.640 0.635 0.692 0.712 
   1   (0.321) 0.308 0.316 0.121 0.360 0.365 0.308 0.288 

Locus 20 : Mnov_gtseq_129 
2 alleles
2.0% missing data
   0   (0.511) 0.652 0.419 0.446 0.197 0.463 0.644 0.739 
   1   (0.489) 0.348 0.581 0.554 0.803 0.537 0.356 0.261 

Locus 21 : Mnov_gtseq_13 
2 alleles
0.0% missing data
   0   (0.563) 0.619 0.438 0.474 0.882 0.519 0.519 0.618 
   1   (0.437) 0.381 0.562 0.526 0.118 0.481 0.481 0.382 

Locus 22 : Mnov_gtseq_130 
2 alleles
28.9% missing data
   1   (0.508) 0.446 0.581 0.482 0.725 0.478 0.486 0.352 
   0   (0.492) 0.554 0.419 0.518 0.275 0.522 0.514 0.648 

Locus 23 : Mnov_gtseq_135 
2 alleles
0.6% missing data
   1   (0.458) 0.637 0.452 0.472 0.317 0.400 0.505 0.438 
   0   (0.542) 0.363 0.548 0.528 0.683 0.600 0.495 0.562 

Locus 24 : Mnov_gtseq_138 
2 alleles
0.6% missing data
   0   (0.472) 0.305 0.489 0.303 0.384 0.488 0.569 0.664 
   1   (0.528) 0.695 0.511 0.697 0.616 0.512 0.431 0.336 

Locus 25 : Mnov_gtseq_140 
2 alleles
1.1% missing data
   0   (0.449) 0.702 0.544 0.398 0.145 0.494 0.521 0.339 
   1   (0.551) 0.298 0.456 0.602 0.855 0.506 0.479 0.661 

Locus 26 : Mnov_gtseq_141 
2 alleles
0.3% missing data
   0   (0.563) 0.543 0.463 0.721 0.346 0.617 0.512 0.721 
   1   (0.437) 0.457 0.537 0.279 0.654 0.383 0.488 0.279 

Locus 27 : Mnov_gtseq_143 
2 alleles
2.8% missing data
   1   (0.561) 0.455 0.666 0.601 0.253 0.573 0.601 0.733 
   0   (0.439) 0.545 0.334 0.399 0.747 0.427 0.399 0.267 

Locus 28 : Mnov_gtseq_145 
2 alleles
2.0% missing data
   0   (0.467) 0.506 0.473 0.565 0.320 0.550 0.324 0.493 
   1   (0.533) 0.494 0.527 0.435 0.680 0.450 0.676 0.507 

Locus 29 : Mnov_gtseq_147 
2 alleles
26.3% missing data
   0   (0.789) 0.288 0.901 0.834 0.693 0.810 0.911 0.840 
   1   (0.211) 0.712 0.099 0.166 0.307 0.190 0.089 0.160 

Locus 30 : Mnov_gtseq_148 
2 alleles
9.2% missing data
   0   (0.302) 0.064 0.291 0.197 0.501 0.264 0.492 0.178 
   1   (0.698) 0.936 0.709 0.803 0.499 0.736 0.508 0.822 

Locus 31 : Mnov_gtseq_149 
2 alleles
0.6% missing data
   0   (0.597) 0.533 0.598 0.523 0.498 0.540 0.774 0.725 
   1   (0.403) 0.467 0.402 0.477 0.502 0.460 0.226 0.275 

Locus 32 : Mnov_gtseq_15 
2 alleles
0.0% missing data
   0   (0.477) 0.414 0.642 0.613 0.455 0.494 0.329 0.325 
   1   (0.523) 0.586 0.358 0.387 0.545 0.506 0.671 0.675 

Locus 33 : Mnov_gtseq_152 
2 alleles
0.8% missing data
   0   (0.353) 0.407 0.304 0.323 0.235 0.397 0.268 0.362 
   1   (0.647) 0.593 0.696 0.677 0.765 0.603 0.732 0.638 

Locus 34 : Mnov_gtseq_154 
2 alleles
3.4% missing data
   0   (0.552) 0.340 0.603 0.649 0.531 0.542 0.572 0.584 
   1   (0.448) 0.660 0.397 0.351 0.469 0.458 0.428 0.416 

Locus 35 : Mnov_gtseq_155 
2 alleles
41.7% missing data
   0   (0.653) 0.699 0.660 0.671 0.639 0.681 0.672 0.704 
   1   (0.347) 0.301 0.340 0.329 0.361 0.319 0.328 0.296 

Locus 36 : Mnov_gtseq_157 
2 alleles
0.6% missing data
   1   (0.555) 0.680 0.656 0.603 0.456 0.443 0.637 0.476 
   0   (0.445) 0.320 0.344 0.397 0.544 0.557 0.363 0.524 

Locus 37 : Mnov_gtseq_158 
2 alleles
0.6% missing data
   0   (0.398) 0.038 0.390 0.753 0.312 0.558 0.209 0.510 
   1   (0.602) 0.962 0.610 0.247 0.688 0.442 0.791 0.490 

Locus 38 : Mnov_gtseq_159 
2 alleles
24.6% missing data
   0   (0.613) 0.290 0.519 0.760 0.464 0.700 0.774 0.616 
   1   (0.387) 0.710 0.481 0.240 0.536 0.300 0.226 0.384 

Locus 39 : Mnov_gtseq_16 
2 alleles
0.0% missing data
   0   (0.630) 0.486 0.811 0.666 0.811 0.508 0.536 0.653 
   1   (0.370) 0.514 0.189 0.334 0.189 0.492 0.464 0.347 

Locus 40 : Mnov_gtseq_160 
2 alleles
2.5% missing data
   0   (0.500) 0.316 0.471 0.505 0.399 0.464 0.716 0.496 
   1   (0.500) 0.684 0.529 0.495 0.601 0.536 0.284 0.504 

Locus 41 : Mnov_gtseq_161 
2 alleles
2.0% missing data
   1   (0.748) 0.829 0.791 0.629 0.842 0.705 0.787 0.874 
   0   (0.252) 0.171 0.209 0.371 0.158 0.295 0.213 0.126 

Locus 42 : Mnov_gtseq_162 
2 alleles
2.2% missing data
   1   (0.410) 0.572 0.329 0.746 0.204 0.278 0.469 0.418 
   0   (0.590) 0.428 0.671 0.254 0.796 0.722 0.531 0.582 

Locus 43 : Mnov_gtseq_167 
2 alleles
1.1% missing data
   1   (0.786) 0.902 0.840 0.758 0.869 0.774 0.867 0.666 
   0   (0.214) 0.098 0.160 0.242 0.131 0.226 0.133 0.334 

Locus 44 : Mnov_gtseq_17 
2 alleles
0.0% missing data
   0   (0.513) 0.483 0.374 0.753 0.603 0.654 0.321 0.409 
   1   (0.487) 0.517 0.626 0.247 0.397 0.346 0.679 0.591 

Locus 45 : Mnov_gtseq_170 
2 alleles
0.0% missing data
   0   (0.331) 0.120 0.339 0.182 0.347 0.367 0.392 0.262 
   1   (0.669) 0.880 0.661 0.818 0.653 0.633 0.608 0.738 

Locus 46 : Mnov_gtseq_171 
2 alleles
42.0% missing data
   1   (0.680) 0.746 0.641 0.484 0.781 0.686 0.747 0.816 
   0   (0.320) 0.254 0.359 0.516 0.219 0.314 0.253 0.184 

Locus 47 : Mnov_gtseq_173 
2 alleles
21.8% missing data
   1   (0.485) 0.861 0.348 0.245 0.793 0.498 0.425 0.332 
   0   (0.515) 0.139 0.652 0.755 0.207 0.502 0.575 0.668 

Locus 48 : Mnov_gtseq_174 
2 alleles
2.8% missing data
   0   (0.285) 0.571 0.299 0.216 0.258 0.242 0.161 0.342 
   1   (0.715) 0.429 0.701 0.784 0.742 0.758 0.839 0.658 

Locus 49 : Mnov_gtseq_180 
2 alleles
14.0% missing data
   0   (0.648) 0.951 0.639 0.631 0.240 0.646 0.776 0.640 
   1   (0.352) 0.049 0.361 0.369 0.760 0.354 0.224 0.360 

Locus 50 : Mnov_gtseq_182 
2 alleles
9.0% missing data
   0   (0.819) 0.808 0.798 0.656 0.960 0.870 0.908 0.780 
   1   (0.181) 0.192 0.202 0.344 0.040 0.130 0.092 0.220 

Locus 51 : Mnov_gtseq_186 
2 alleles
27.7% missing data
   0   (0.524) 0.471 0.535 0.600 0.585 0.535 0.548 0.369 
   1   (0.476) 0.529 0.465 0.400 0.415 0.465 0.452 0.631 

Locus 52 : Mnov_gtseq_187 
2 alleles
7.6% missing data
   1   (0.583) 0.833 0.512 0.684 0.532 0.669 0.614 0.295 
   0   (0.417) 0.167 0.488 0.316 0.468 0.331 0.386 0.705 

Locus 53 : Mnov_gtseq_188 
2 alleles
13.4% missing data
   0   (0.543) 0.763 0.533 0.451 0.899 0.348 0.332 0.692 
   1   (0.457) 0.237 0.467 0.549 0.101 0.652 0.668 0.308 

Locus 54 : Mnov_gtseq_189 
2 alleles
3.6% missing data
   0   (0.441) 0.493 0.269 0.618 0.147 0.514 0.466 0.653 
   1   (0.559) 0.507 0.731 0.382 0.853 0.486 0.534 0.347 

Locus 55 : Mnov_gtseq_19 
2 alleles
0.0% missing data
   1   (0.941) 0.687 0.985 0.994 0.787 0.981 0.987 0.983 
   0   (0.059) 0.313 0.015 0.006 0.213 0.019 0.013 0.017 

Locus 56 : Mnov_gtseq_190 
2 alleles
0.0% missing data
   1   (0.439) 0.253 0.381 0.314 0.395 0.513 0.553 0.375 
   0   (0.561) 0.747 0.619 0.686 0.605 0.487 0.447 0.625 

Locus 57 : Mnov_gtseq_191 
2 alleles
26.3% missing data
   0   (0.895) 0.992 0.941 0.906 0.813 0.951 0.894 0.808 
   1   (0.105) 0.008 0.059 0.094 0.187 0.049 0.106 0.192 

Locus 58 : Mnov_gtseq_192 
2 alleles
21.0% missing data
   0   (0.820) 0.793 0.896 0.683 0.911 0.894 0.741 0.914 
   1   (0.180) 0.207 0.104 0.317 0.089 0.106 0.259 0.086 

Locus 59 : Mnov_gtseq_193 
2 alleles
0.0% missing data
   0   (0.701) 0.798 0.814 0.732 0.544 0.642 0.779 0.783 
   1   (0.299) 0.202 0.186 0.268 0.456 0.358 0.221 0.217 

Locus 60 : Mnov_gtseq_195 
2 alleles
0.0% missing data
   0   (0.541) 0.497 0.605 0.378 0.787 0.496 0.479 0.598 
   1   (0.459) 0.503 0.395 0.622 0.213 0.504 0.521 0.402 

Locus 61 : Mnov_gtseq_196 
2 alleles
0.3% missing data
   0   (0.292) 0.083 0.195 0.577 0.523 0.189 0.216 0.394 
   1   (0.708) 0.917 0.805 0.423 0.477 0.811 0.784 0.606 

Locus 62 : Mnov_gtseq_197 
3 alleles
0.3% missing data
   1   (0.388) 0.239 0.420 0.532 0.383 0.274 0.325 0.440 
   0   (0.443) 0.726 0.341 0.401 0.155 0.500 0.591 0.482 
   2   (0.169) 0.036 0.239 0.067 0.462 0.226 0.084 0.078 

Locus 63 : Mnov_gtseq_2 
2 alleles
0.3% missing data
   0   (0.205) 0.194 0.268 0.042 0.139 0.149 0.413 0.118 
   1   (0.795) 0.806 0.732 0.958 0.861 0.851 0.587 0.882 

Locus 64 : Mnov_gtseq_200 
2 alleles
2.8% missing data
   0   (0.421) 0.784 0.445 0.218 0.206 0.470 0.389 0.477 
   1   (0.579) 0.216 0.555 0.782 0.794 0.530 0.611 0.523 

Locus 65 : Mnov_gtseq_201 
2 alleles
0.0% missing data
   0   (0.869) 0.988 0.869 0.776 0.953 0.808 0.953 0.771 
   1   (0.131) 0.012 0.131 0.224 0.047 0.192 0.047 0.229 

Locus 66 : Mnov_gtseq_202 
2 alleles
0.0% missing data
   0   (0.438) 0.688 0.380 0.397 0.238 0.425 0.534 0.379 
   1   (0.562) 0.312 0.620 0.603 0.762 0.575 0.466 0.621 

Locus 67 : Mnov_gtseq_204 
2 alleles
3.9% missing data
   0   (0.431) 0.678 0.449 0.504 0.475 0.373 0.255 0.464 
   1   (0.569) 0.322 0.551 0.496 0.525 0.627 0.745 0.536 

