

----------------------------------------------------
STRUCTURE by Pritchard, Stephens and Donnelly (2000)
     and Falush, Stephens and Pritchard (2003)
       Code by Pritchard, Falush and Hubisz
             Version 2.3.4 (Jul 2012)
----------------------------------------------------



Command line arguments:   structure -m wint.area.structureRun/wint.area.structureRun.k6.r1_mainparams -e wint.area.structureRun/wint.area.structureRun.k6.r1_extraparams -i wint.area.structureRun/wint.area.structureRun.k6.r1_data -o wint.area.structureRun/wint.area.structureRun.k6.r1_out 
Input File:    wint.area.structureRun/wint.area.structureRun.k6.r1_data

Run parameters:
   357 individuals
   328 loci
   6 populations assumed
   1000 Burn-in period
   10000 Reps


--------------------------------------------
Proportion of membership of each pre-defined
 population in each of the 6 clusters

Given    Inferred Clusters                            Number of
 Pop       1      2      3      4      5      6      Individuals

  1:     0.138  0.259  0.187  0.090  0.112  0.214       80
  2:     0.145  0.105  0.128  0.287  0.208  0.128      126
  3:     0.139  0.178  0.206  0.124  0.161  0.191      115
  4:     0.143  0.129  0.167  0.180  0.216  0.164       27
  5:     0.623  0.088  0.090  0.057  0.063  0.080        9
--------------------------------------------

Allele-freq. divergence among pops (Net nucleotide distance),
computed using point estimates of P.

      1       2       3       4       5       6      
 1      -    0.0424  0.0316  0.0538  0.0373  0.0342  
 2   0.0424     -    0.0213  0.0602  0.0447  0.0267  
 3   0.0316  0.0213     -    0.0469  0.0284  0.0166  
 4   0.0538  0.0602  0.0469     -    0.0458  0.0513  
 5   0.0373  0.0447  0.0284  0.0458     -    0.0355  
 6   0.0342  0.0267  0.0166  0.0513  0.0355     -    

Average distances (expected heterozygosity) between individuals in same cluster:
cluster  1  : 0.3843 
cluster  2  : 0.4032 
cluster  3  : 0.4139 
cluster  4  : 0.3760 
cluster  5  : 0.3862 
cluster  6  : 0.4017 

--------------------------------------------
Estimated Ln Prob of Data   = -158559.5
Mean value of ln likelihood = -132706.3
Variance of ln likelihood   = 51706.4
Mean value of alpha         = 1.0000

Mean value of Fst_1         = 0.1553
Mean value of Fst_2         = 0.1563
Mean value of Fst_3         = 0.1185
Mean value of Fst_4         = 0.2020
Mean value of Fst_5         = 0.1606
Mean value of Fst_6         = 0.1252


Inferred ancestry of individuals:
        Label (%Miss) Pop:  Inferred clusters
  1   207778    (2)    2 :  0.092 0.120 0.116 0.218 0.353 0.101 
  2 z0005757    (7)    3 :  0.204 0.192 0.140 0.108 0.271 0.086 
  3 z0005758    (0)    3 :  0.118 0.168 0.105 0.068 0.056 0.485 
  4 z0011944    (0)    1 :  0.678 0.054 0.062 0.076 0.073 0.057 
  5 z0012702   (10)    4 :  0.160 0.038 0.040 0.230 0.492 0.040 
  6 z0016577    (2)    3 :  0.102 0.097 0.228 0.163 0.188 0.222 
  7 z0016578   (21)    1 :  0.127 0.158 0.433 0.049 0.126 0.106 
  8 z0016579    (1)    3 :  0.184 0.133 0.128 0.095 0.210 0.250 
  9 z0018264    (0)    1 :  0.626 0.081 0.058 0.077 0.102 0.056 
 10 z0029828    (2)    3 :  0.051 0.197 0.410 0.105 0.157 0.079 
 11 z0029829   (14)    1 :  0.056 0.241 0.423 0.068 0.135 0.077 
 12 z0029846   (14)    1 :  0.168 0.119 0.220 0.090 0.115 0.289 
 13 z0029860    (1)    3 :  0.060 0.211 0.377 0.084 0.112 0.156 
 14 z0029863    (2)    1 :  0.274 0.066 0.171 0.099 0.101 0.289 
 15 z0029864    (8)    1 :  0.182 0.179 0.168 0.072 0.093 0.305 
 16 z0029865   (13)    3 :  0.074 0.173 0.271 0.072 0.074 0.337 
 17 z0037607    (2)    3 :  0.202 0.074 0.210 0.139 0.121 0.254 
 18 z0037609   (25)    3 :  0.163 0.109 0.221 0.104 0.111 0.293 
 19 z0037624   (21)    1 :  0.078 0.224 0.080 0.112 0.153 0.354 
 20 z0038417    (8)    2 :  0.169 0.057 0.081 0.423 0.192 0.077 
 21 z0040275    (9)    2 :  0.217 0.059 0.115 0.293 0.194 0.123 
 22 z0040287    (3)    2 :  0.222 0.101 0.205 0.167 0.186 0.119 
 23 z0040308    (1)    2 :  0.050 0.085 0.104 0.261 0.363 0.137 
 24 z0040333    (1)    2 :  0.129 0.128 0.083 0.221 0.299 0.140 
 25 z0040334    (1)    2 :  0.133 0.059 0.058 0.481 0.220 0.048 
 26 z0040337    (6)    2 :  0.146 0.112 0.140 0.178 0.213 0.210 
 27 z0040345    (1)    2 :  0.146 0.049 0.061 0.287 0.346 0.113 
 28 z0040357    (5)    2 :  0.116 0.079 0.083 0.376 0.144 0.202 
 29 z0040363   (20)    2 :  0.110 0.171 0.092 0.287 0.192 0.148 
 30 z0040364    (0)    2 :  0.078 0.086 0.119 0.438 0.207 0.072 
 31 z0040387    (1)    2 :  0.124 0.098 0.100 0.342 0.220 0.116 
 32 z0040403   (15)    2 :  0.101 0.102 0.153 0.228 0.286 0.130 
 33 z0040413   (43)    2 :  0.117 0.092 0.193 0.163 0.348 0.088 
 34 z0040439    (0)    2 :  0.129 0.038 0.097 0.557 0.102 0.077 
 35 z0040465   (20)    2 :  0.103 0.086 0.255 0.209 0.193 0.153 
 36 z0040513   (17)    3 :  0.090 0.234 0.156 0.122 0.317 0.081 
 37 z0040961   (12)    2 :  0.279 0.097 0.119 0.217 0.231 0.058 
 38 z0040985   (16)    2 :  0.148 0.066 0.183 0.198 0.254 0.150 
 39 z0041026    (0)    2 :  0.128 0.102 0.114 0.437 0.148 0.071 
 40 z0041051   (28)    2 :  0.252 0.072 0.111 0.253 0.198 0.115 
 41 z0041115    (7)    2 :  0.149 0.131 0.094 0.400 0.123 0.102 
 42 z0041153   (23)    2 :  0.211 0.095 0.114 0.191 0.211 0.178 
 43 z0041233    (4)    2 :  0.099 0.126 0.140 0.199 0.257 0.178 
 44 z0041243    (1)    2 :  0.174 0.090 0.134 0.238 0.139 0.225 
 45 z0041248    (6)    2 :  0.114 0.139 0.060 0.411 0.110 0.167 
 46 z0041250    (1)    2 :  0.119 0.051 0.108 0.318 0.302 0.101 
 47 z0041274    (2)    2 :  0.187 0.055 0.209 0.204 0.283 0.062 
 48 z0041465   (15)    2 :  0.047 0.150 0.189 0.438 0.082 0.094 
 49 z0041472    (2)    2 :  0.107 0.179 0.105 0.350 0.173 0.087 
 50 z0041480   (10)    2 :  0.101 0.164 0.126 0.187 0.213 0.209 
 51 z0041483    (0)    2 :  0.132 0.079 0.115 0.471 0.127 0.076 
 52 z0041494   (12)    2 :  0.163 0.059 0.112 0.215 0.359 0.092 
 53 z0041498    (1)    2 :  0.142 0.137 0.136 0.367 0.087 0.130 
 54 z0041501    (1)    2 :  0.080 0.036 0.078 0.295 0.454 0.057 
 55 z0041507    (7)    2 :  0.138 0.094 0.124 0.330 0.210 0.104 
 56 z0041512    (0)    2 :  0.105 0.100 0.122 0.468 0.117 0.088 
 57 z0041522   (17)    2 :  0.126 0.119 0.147 0.400 0.071 0.137 
 58 z0041526    (1)    3 :  0.058 0.096 0.121 0.450 0.073 0.201 
 59 z0041527   (16)    2 :  0.085 0.110 0.145 0.269 0.299 0.092 
 60 z0043243    (2)    2 :  0.233 0.211 0.097 0.072 0.161 0.226 
 61 z0043278    (2)    2 :  0.221 0.057 0.065 0.454 0.136 0.068 
 62 z0043475   (17)    3 :  0.123 0.161 0.160 0.227 0.211 0.118 
 63 z0043477    (0)    2 :  0.146 0.054 0.104 0.250 0.141 0.305 
 64 z0043478    (2)    2 :  0.083 0.082 0.062 0.620 0.067 0.086 
 65 z0043481    (0)    2 :  0.128 0.080 0.083 0.322 0.236 0.151 
 66 z0043489    (7)    2 :  0.162 0.049 0.067 0.391 0.259 0.073 
 67 z0043491   (13)    2 :  0.222 0.090 0.135 0.294 0.119 0.140 
 68 z0043493    (3)    2 :  0.133 0.050 0.136 0.116 0.378 0.187 
 69 z0043494    (2)    2 :  0.208 0.094 0.218 0.186 0.180 0.114 
 70 z0043498    (2)    2 :  0.081 0.144 0.090 0.485 0.132 0.068 
 71 z0043504    (7)    2 :  0.178 0.080 0.119 0.194 0.139 0.291 
 72 z0043526    (3)    4 :  0.136 0.103 0.101 0.100 0.455 0.105 
 73 z0043566    (3)    2 :  0.092 0.132 0.119 0.305 0.191 0.160 
 74 z0043572    (0)    2 :  0.076 0.084 0.117 0.401 0.133 0.189 
 75 z0043599    (5)    2 :  0.102 0.074 0.191 0.212 0.234 0.188 
 76 z0043642    (1)    2 :  0.112 0.096 0.212 0.172 0.198 0.211 
 77 z0043649    (1)    2 :  0.135 0.064 0.082 0.321 0.326 0.072 
 78 z0043652    (1)    2 :  0.138 0.076 0.251 0.123 0.312 0.101 
 79 z0043668    (1)    2 :  0.167 0.253 0.078 0.106 0.300 0.096 
 80 z0043674    (1)    4 :  0.126 0.185 0.361 0.048 0.116 0.164 
 81 z0043686    (1)    2 :  0.207 0.160 0.129 0.243 0.103 0.157 
 82 z0043693    (1)    2 :  0.127 0.145 0.163 0.152 0.346 0.067 
 83 z0043704   (15)    2 :  0.082 0.051 0.159 0.517 0.104 0.087 
 84 z0043807    (1)    2 :  0.094 0.121 0.162 0.290 0.174 0.160 
 85 z0043819    (1)    2 :  0.113 0.096 0.165 0.058 0.415 0.153 
 86 z0043876    (7)    2 :  0.077 0.186 0.186 0.149 0.155 0.247 
 87 z0043877   (33)    2 :  0.083 0.216 0.118 0.246 0.229 0.108 
 88 z0043891   (21)    4 :  0.194 0.152 0.135 0.174 0.084 0.261 
 89 z0043915   (33)    2 :  0.319 0.149 0.118 0.131 0.176 0.107 
 90 z0043940   (10)    2 :  0.147 0.079 0.234 0.052 0.257 0.232 
 91 z0043954    (2)    2 :  0.211 0.147 0.141 0.157 0.218 0.125 
 92 z0043966    (5)    2 :  0.113 0.094 0.108 0.494 0.078 0.113 
 93 z0043980    (0)    2 :  0.127 0.193 0.115 0.200 0.274 0.090 
 94 z0043994    (1)    3 :  0.196 0.062 0.059 0.452 0.156 0.076 
 95 z0044017   (12)    2 :  0.289 0.083 0.109 0.131 0.313 0.076 
 96 z0044019   (14)    2 :  0.133 0.207 0.084 0.253 0.233 0.090 
 97 z0044023   (36)    2 :  0.063 0.149 0.057 0.573 0.063 0.095 
 98 z0044033    (0)    2 :  0.072 0.056 0.067 0.678 0.084 0.042 
 99 z0044042    (3)    2 :  0.144 0.138 0.065 0.471 0.102 0.080 
100 z0044047   (25)    2 :  0.123 0.072 0.076 0.151 0.511 0.066 
101 z0044064   (13)    2 :  0.238 0.054 0.167 0.225 0.218 0.098 
102 z0044432   (14)    2 :  0.140 0.172 0.118 0.115 0.382 0.071 
103 z0045326    (0)    3 :  0.055 0.119 0.324 0.134 0.061 0.306 
104 z0045331    (5)    1 :  0.156 0.171 0.307 0.153 0.057 0.156 
105 z0045332    (2)    1 :  0.183 0.125 0.269 0.088 0.244 0.091 
106 z0045333    (6)    1 :  0.073 0.351 0.161 0.086 0.122 0.208 
107 z0045337    (5)    1 :  0.115 0.462 0.082 0.110 0.059 0.172 
108 z0045342   (13)    1 :  0.084 0.273 0.265 0.085 0.230 0.063 
109 z0045347    (1)    3 :  0.202 0.095 0.182 0.098 0.199 0.224 
110 z0045350    (0)    1 :  0.244 0.144 0.253 0.105 0.135 0.118 
111 z0045370    (1)    1 :  0.066 0.276 0.401 0.036 0.058 0.163 
112 z0045371    (1)    3 :  0.132 0.134 0.246 0.155 0.120 0.212 
113 z0045398    (1)    3 :  0.096 0.134 0.249 0.045 0.097 0.378 
114 z0045399    (1)    3 :  0.324 0.243 0.134 0.048 0.099 0.152 
115 z0045401   (26)    1 :  0.096 0.132 0.291 0.075 0.308 0.099 
116 z0045404    (0)    3 :  0.066 0.193 0.373 0.047 0.084 0.237 
117 z0045405    (5)    3 :  0.136 0.079 0.412 0.052 0.120 0.201 
118 z0045407    (2)    3 :  0.206 0.095 0.163 0.093 0.083 0.360 
119 z0045719    (0)    2 :  0.101 0.064 0.143 0.405 0.186 0.101 
120 z0045720    (1)    2 :  0.167 0.067 0.195 0.180 0.246 0.146 
121 z0045728    (1)    2 :  0.094 0.127 0.057 0.459 0.078 0.185 
122 z0045731    (1)    2 :  0.119 0.053 0.163 0.151 0.346 0.168 
123 z0045733    (0)    2 :  0.193 0.144 0.186 0.150 0.259 0.068 
124 z0045736    (1)    2 :  0.204 0.100 0.194 0.120 0.266 0.116 
125 z0045739    (1)    2 :  0.122 0.089 0.132 0.150 0.116 0.391 
126 z0045740    (1)    2 :  0.092 0.070 0.100 0.340 0.322 0.076 
127 z0045741    (0)    2 :  0.072 0.044 0.112 0.185 0.505 0.082 
128 z0045742    (0)    2 :  0.065 0.107 0.172 0.279 0.302 0.074 
129 z0045776    (1)    3 :  0.055 0.075 0.054 0.042 0.736 0.038 
130 z0045779    (0)    2 :  0.102 0.112 0.070 0.577 0.058 0.081 
131 z0045781    (0)    2 :  0.101 0.048 0.094 0.375 0.088 0.294 
132 z0045788    (5)    2 :  0.163 0.066 0.085 0.510 0.109 0.067 
133 z0045789    (2)    2 :  0.104 0.082 0.127 0.521 0.086 0.081 
134 z0045791    (5)    2 :  0.182 0.091 0.134 0.393 0.144 0.056 
135 z0045792   (23)    1 :  0.105 0.233 0.132 0.203 0.115 0.211 
136 z0045793    (0)    3 :  0.061 0.323 0.257 0.242 0.048 0.069 
137 z0047562   (15)    2 :  0.178 0.089 0.132 0.247 0.276 0.078 
138 z0047854    (1)    2 :  0.152 0.087 0.123 0.287 0.142 0.209 
139 z0051185    (1)    1 :  0.084 0.123 0.302 0.063 0.063 0.364 
140 z0051324    (6)    1 :  0.125 0.319 0.147 0.094 0.045 0.271 
141 z0051326    (0)    1 :  0.109 0.300 0.152 0.087 0.042 0.311 
142 z0051327    (4)    3 :  0.096 0.096 0.180 0.245 0.137 0.246 
143 z0051328    (3)    1 :  0.082 0.304 0.146 0.114 0.091 0.263 
144 z0051380    (0)    1 :  0.054 0.310 0.056 0.035 0.054 0.492 
145 z0051400    (0)    3 :  0.096 0.232 0.231 0.121 0.231 0.089 
146 z0051431   (23)    3 :  0.089 0.081 0.257 0.244 0.154 0.175 
147 z0051840   (34)    2 :  0.245 0.132 0.110 0.348 0.099 0.066 
148 z0051844   (27)    2 :  0.237 0.066 0.096 0.172 0.286 0.143 
149 z0051875   (29)    3 :  0.106 0.234 0.288 0.108 0.094 0.169 
150 z0051885    (8)    3 :  0.109 0.097 0.161 0.415 0.085 0.132 
151 z0051888    (1)    2 :  0.074 0.204 0.232 0.352 0.085 0.053 
152 z0051891    (1)    1 :  0.108 0.143 0.173 0.087 0.290 0.198 
153 z0051893    (4)    1 :  0.115 0.303 0.218 0.091 0.129 0.144 
154 z0051895    (0)    3 :  0.098 0.294 0.257 0.093 0.089 0.169 
155 z0051918    (1)    3 :  0.320 0.053 0.085 0.243 0.140 0.160 
156 z0051929    (1)    1 :  0.055 0.233 0.107 0.091 0.078 0.436 
157 z0051939   (12)    3 :  0.130 0.118 0.260 0.240 0.126 0.127 
158 z0051947    (3)    1 :  0.048 0.626 0.058 0.084 0.076 0.109 
159 z0051959    (2)    3 :  0.158 0.093 0.095 0.166 0.118 0.369 
160 z0052846    (0)    4 :  0.096 0.091 0.254 0.181 0.222 0.156 
161 z0052882    (1)    2 :  0.127 0.198 0.116 0.229 0.228 0.102 
162 z0053020   (22)    2 :  0.142 0.050 0.092 0.086 0.542 0.089 
163 z0053024   (13)    2 :  0.127 0.147 0.198 0.185 0.129 0.214 
164 z0053025    (5)    2 :  0.063 0.034 0.147 0.568 0.057 0.131 
165 z0053031    (0)    2 :  0.211 0.133 0.127 0.181 0.196 0.152 
166 z0053032    (1)    2 :  0.135 0.131 0.076 0.150 0.407 0.101 
167 z0053040    (5)    2 :  0.161 0.111 0.128 0.191 0.274 0.135 
168 z0053051    (1)    3 :  0.106 0.117 0.332 0.047 0.250 0.148 
169 z0053054    (6)    3 :  0.091 0.169 0.246 0.063 0.207 0.224 
170 z0053071    (3)    2 :  0.072 0.126 0.107 0.356 0.272 0.066 
171 z0053073    (2)    2 :  0.115 0.146 0.157 0.065 0.306 0.211 
172 z0053078    (1)    3 :  0.475 0.038 0.075 0.184 0.156 0.071 
173 z0053082    (2)    3 :  0.085 0.107 0.159 0.260 0.299 0.090 
174 z0053083   (12)    2 :  0.144 0.104 0.107 0.205 0.257 0.184 
175 z0053090   (11)    3 :  0.174 0.077 0.101 0.267 0.233 0.148 
176 z0053096    (0)    2 :  0.262 0.043 0.100 0.414 0.128 0.052 
177 z0053100    (8)    2 :  0.117 0.095 0.111 0.248 0.321 0.108 
178 z0053101    (0)    2 :  0.336 0.075 0.079 0.314 0.074 0.122 
179 z0053102    (9)    2 :  0.139 0.094 0.134 0.247 0.300 0.087 
180 z0053103    (1)    2 :  0.055 0.063 0.113 0.541 0.164 0.064 
181 z0053111    (2)    3 :  0.146 0.149 0.195 0.112 0.142 0.255 
182 z0053131    (0)    2 :  0.146 0.158 0.152 0.336 0.070 0.137 
183 z0053132    (0)    2 :  0.446 0.041 0.104 0.175 0.175 0.059 
184 z0053133    (1)    2 :  0.234 0.148 0.197 0.086 0.183 0.153 
185 z0053138    (0)    2 :  0.086 0.160 0.193 0.246 0.070 0.245 
186 z0053142    (3)    2 :  0.111 0.152 0.096 0.396 0.091 0.154 
187 z0053149    (1)    2 :  0.137 0.102 0.076 0.331 0.153 0.200 
188 z0053754    (1)    1 :  0.172 0.134 0.082 0.100 0.048 0.464 
189 z0053756    (2)    1 :  0.196 0.101 0.085 0.085 0.054 0.478 
190 z0053758   (17)    1 :  0.141 0.281 0.377 0.059 0.059 0.082 
191 z0053759    (1)    1 :  0.119 0.369 0.191 0.081 0.087 0.153 
192 z0053760    (0)    1 :  0.132 0.123 0.259 0.085 0.119 0.282 
193 z0053842    (2)    1 :  0.043 0.083 0.315 0.086 0.166 0.306 
194 z0053843    (6)    1 :  0.092 0.359 0.310 0.089 0.063 0.087 
195 z0053844    (9)    1 :  0.085 0.196 0.289 0.113 0.115 0.202 
196 z0053846    (3)    1 :  0.072 0.494 0.268 0.050 0.051 0.065 
197 z0053847    (1)    1 :  0.079 0.638 0.039 0.139 0.047 0.058 
198 z0053849    (1)    1 :  0.142 0.112 0.245 0.072 0.132 0.297 
199 z0055903    (1)    4 :  0.146 0.105 0.141 0.061 0.432 0.115 
200 z0055910   (35)    4 :  0.149 0.120 0.166 0.223 0.206 0.135 
201 z0055912    (7)    4 :  0.312 0.073 0.140 0.184 0.138 0.154 
202 z0055916   (17)    4 :  0.104 0.110 0.242 0.103 0.184 0.255 
203 z0055931    (4)    4 :  0.124 0.084 0.068 0.426 0.196 0.101 
204 z0055944    (4)    4 :  0.139 0.149 0.158 0.113 0.286 0.155 
205 z0055947   (10)    4 :  0.115 0.068 0.286 0.134 0.185 0.213 
206 z0055962    (6)    4 :  0.083 0.069 0.161 0.252 0.091 0.344 
207 z0055963   (21)    4 :  0.171 0.172 0.184 0.242 0.142 0.088 
208 z0055965   (26)    4 :  0.273 0.237 0.122 0.058 0.180 0.130 
209 z0055970   (16)    4 :  0.094 0.185 0.113 0.148 0.310 0.149 
210 z0055971    (8)    4 :  0.168 0.246 0.121 0.133 0.207 0.126 
211 z0055977    (6)    4 :  0.153 0.087 0.172 0.304 0.127 0.157 
212 z0055986   (21)    4 :  0.078 0.201 0.246 0.125 0.229 0.121 
213 z0055990    (7)    4 :  0.147 0.079 0.180 0.389 0.130 0.075 
214 z0055996    (3)    4 :  0.071 0.133 0.248 0.249 0.103 0.195 
215 z0055997    (4)    4 :  0.074 0.185 0.139 0.287 0.164 0.152 
216 z0055998    (5)    4 :  0.240 0.095 0.152 0.139 0.143 0.231 
217 z0055999    (3)    4 :  0.194 0.249 0.192 0.088 0.127 0.149 
218 z0056011    (9)    4 :  0.105 0.075 0.181 0.072 0.308 0.259 
219 z0056029    (5)    4 :  0.099 0.120 0.112 0.092 0.367 0.210 
220 z0056034    (2)    4 :  0.119 0.059 0.095 0.313 0.217 0.196 
221 z0056056   (26)    3 :  0.118 0.169 0.167 0.155 0.186 0.204 
222 z0056058    (5)    3 :  0.064 0.446 0.117 0.041 0.108 0.225 
223 z0056059    (8)    3 :  0.213 0.154 0.111 0.057 0.333 0.133 
224 z0056062    (1)    3 :  0.127 0.178 0.079 0.073 0.450 0.094 
225 z0056063    (4)    3 :  0.137 0.150 0.207 0.092 0.205 0.209 
226 z0056064    (0)    3 :  0.263 0.229 0.176 0.084 0.146 0.101 
227 z0056065    (0)    3 :  0.129 0.267 0.277 0.065 0.156 0.105 
228 z0056069    (1)    3 :  0.057 0.071 0.051 0.046 0.734 0.041 
229 z0056073    (0)    3 :  0.052 0.132 0.249 0.047 0.147 0.374 
230 z0056076    (5)    3 :  0.168 0.438 0.082 0.196 0.064 0.052 
231 z0056079   (10)    3 :  0.127 0.147 0.332 0.047 0.123 0.224 
232 z0056085    (1)    3 :  0.149 0.248 0.214 0.099 0.067 0.223 
233 z0056092    (1)    3 :  0.202 0.170 0.221 0.084 0.133 0.189 
234 z0056095    (1)    3 :  0.230 0.251 0.173 0.060 0.180 0.107 
235 z0056103    (8)    3 :  0.134 0.260 0.130 0.054 0.163 0.259 
236 z0056374    (8)    1 :  0.074 0.291 0.148 0.057 0.145 0.286 
237 z0056375    (0)    1 :  0.089 0.327 0.240 0.073 0.135 0.136 
238 z0056377    (0)    1 :  0.101 0.164 0.135 0.070 0.117 0.413 
239 z0056378    (2)    1 :  0.061 0.461 0.096 0.089 0.223 0.071 
240 z0056382    (1)    1 :  0.114 0.380 0.329 0.050 0.067 0.061 
241 z0056384    (3)    1 :  0.213 0.305 0.152 0.105 0.118 0.107 
242 z0056386    (8)    1 :  0.094 0.365 0.347 0.061 0.051 0.082 
243 z0056389    (1)    1 :  0.075 0.281 0.496 0.048 0.041 0.059 
244 z0056391    (2)    1 :  0.037 0.537 0.244 0.026 0.031 0.124 
245 z0056392   (12)    1 :  0.050 0.249 0.124 0.085 0.053 0.439 
246 z0056393    (9)    1 :  0.127 0.084 0.157 0.104 0.147 0.380 
247 z0056394    (1)    1 :  0.077 0.144 0.196 0.062 0.091 0.429 
248 z0056395    (2)    1 :  0.108 0.222 0.100 0.111 0.126 0.334 
249 z0056397    (1)    1 :  0.155 0.081 0.099 0.224 0.095 0.346 
250 z0061527    (3)    3 :  0.086 0.122 0.122 0.312 0.175 0.185 
251 z0061967    (1)    3 :  0.091 0.167 0.199 0.169 0.119 0.254 
252 z0061969    (1)    3 :  0.048 0.132 0.170 0.234 0.160 0.256 
253 z0061980    (1)    1 :  0.120 0.210 0.164 0.200 0.065 0.241 
254 z0066166    (3)    3 :  0.112 0.199 0.261 0.119 0.079 0.230 
255 z0066792    (2)    1 :  0.601 0.148 0.087 0.075 0.043 0.046 
256 z0066805    (2)    1 :  0.597 0.076 0.088 0.055 0.110 0.074 
257 z0068471    (3)    3 :  0.131 0.377 0.075 0.101 0.113 0.202 
258 z0075696    (7)    5 :  0.673 0.050 0.098 0.052 0.091 0.035 
259 z0101084    (8)    1 :  0.069 0.446 0.170 0.086 0.139 0.091 
260 z0107099    (3)    3 :  0.072 0.390 0.221 0.028 0.085 0.205 
261 z0107101    (0)    1 :  0.045 0.701 0.116 0.041 0.039 0.058 
262 z0108489    (1)    1 :  0.139 0.188 0.094 0.112 0.321 0.146 
263 z0108513    (0)    1 :  0.047 0.431 0.209 0.176 0.035 0.103 
264 z0108528    (1)    3 :  0.091 0.151 0.203 0.182 0.151 0.221 
265 z0113628    (2)    3 :  0.195 0.081 0.196 0.089 0.286 0.153 
266 z0133302   (18)    1 :  0.121 0.424 0.095 0.172 0.107 0.082 
267 z0173485    (0)    1 :  0.097 0.117 0.211 0.162 0.265 0.148 
268 z0175371    (1)    3 :  0.301 0.077 0.158 0.196 0.084 0.183 
269 z0175378    (0)    2 :  0.065 0.083 0.155 0.462 0.171 0.063 
270 z0175912    (6)    1 :  0.112 0.254 0.105 0.099 0.126 0.304 
271 z0175916    (3)    1 :  0.205 0.145 0.136 0.275 0.084 0.155 
272 z0175937    (1)    1 :  0.097 0.223 0.303 0.068 0.131 0.178 
273 z0178348   (13)    1 :  0.069 0.263 0.065 0.071 0.076 0.456 
274 z0187857    (3)    1 :  0.067 0.462 0.134 0.091 0.135 0.111 
275 z0187860    (0)    1 :  0.119 0.173 0.240 0.127 0.246 0.096 
276 z0187885    (0)    2 :  0.324 0.110 0.100 0.206 0.178 0.082 
277 z0187906   (10)    1 :  0.294 0.116 0.155 0.071 0.240 0.124 
278 z0195655    (0)    2 :  0.075 0.093 0.085 0.582 0.073 0.092 
279 z0195663    (1)    3 :  0.108 0.047 0.158 0.277 0.245 0.166 
280 z0195683    (1)    3 :  0.062 0.294 0.240 0.067 0.176 0.161 
281 z0195687   (22)    3 :  0.112 0.199 0.312 0.049 0.060 0.269 
282 z0195688    (0)    2 :  0.252 0.080 0.124 0.179 0.195 0.170 
283 z0195691    (1)    3 :  0.197 0.062 0.206 0.047 0.304 0.185 
284 z0195699    (0)    3 :  0.066 0.074 0.418 0.072 0.130 0.241 
285 z0195701    (8)    3 :  0.107 0.378 0.225 0.117 0.076 0.096 
286 z0195702    (0)    3 :  0.231 0.201 0.138 0.145 0.133 0.151 
287 z0195704    (1)    3 :  0.120 0.312 0.079 0.122 0.155 0.211 
288 z0195705    (1)    3 :  0.068 0.043 0.163 0.199 0.432 0.094 
289 z0195711    (0)    3 :  0.285 0.086 0.264 0.054 0.147 0.163 
290 z0195716    (0)    3 :  0.252 0.205 0.155 0.092 0.082 0.215 
291 z0195718   (13)    3 :  0.169 0.265 0.241 0.047 0.116 0.162 
292 z0195725    (5)    3 :  0.084 0.149 0.098 0.247 0.093 0.330 
293 z0195726   (17)    1 :  0.094 0.070 0.320 0.062 0.210 0.243 
294 z0195728   (14)    3 :  0.053 0.377 0.372 0.036 0.085 0.078 
295 z0195732   (16)    3 :  0.078 0.158 0.361 0.042 0.137 0.224 
296 z0195737    (1)    3 :  0.183 0.124 0.156 0.204 0.254 0.079 
297 z0195740   (30)    3 :  0.108 0.086 0.238 0.094 0.201 0.274 
298 z0195751    (1)    3 :  0.067 0.282 0.409 0.062 0.104 0.077 
299 z0195762    (2)    3 :  0.297 0.190 0.124 0.068 0.058 0.262 
300 z0195784    (0)    3 :  0.122 0.254 0.294 0.053 0.173 0.105 
301 z0196686    (0)    5 :  0.767 0.067 0.044 0.031 0.046 0.044 
302 z0196687    (0)    5 :  0.621 0.088 0.062 0.077 0.045 0.107 
303 z0196689    (1)    5 :  0.641 0.045 0.080 0.069 0.045 0.120 
304 z0196690    (3)    5 :  0.601 0.178 0.072 0.039 0.059 0.051 
305 z0196691    (9)    5 :  0.600 0.074 0.099 0.047 0.090 0.090 
306 z0196692    (1)    5 :  0.523 0.110 0.121 0.077 0.065 0.104 
307 z0196693    (2)    5 :  0.590 0.106 0.117 0.050 0.037 0.100 
308 z0196694    (3)    5 :  0.588 0.072 0.113 0.069 0.089 0.069 
309 z0196710    (0)    3 :  0.169 0.124 0.193 0.204 0.113 0.198 
310 z0196715   (23)    3 :  0.068 0.191 0.314 0.068 0.096 0.264 
311 z0196719    (0)    3 :  0.097 0.113 0.375 0.114 0.076 0.225 
312 z0196724   (20)    3 :  0.075 0.209 0.208 0.105 0.168 0.236 
313 z0196725    (1)    3 :  0.112 0.334 0.105 0.062 0.222 0.164 
314 z0196729    (3)    3 :  0.092 0.170 0.212 0.164 0.072 0.290 
315 z0196730    (3)    1 :  0.162 0.476 0.067 0.084 0.068 0.143 
316 z0196731    (1)    3 :  0.108 0.197 0.193 0.048 0.079 0.376 
317 z0196733   (17)    1 :  0.091 0.141 0.172 0.061 0.083 0.452 
318 z0196734    (2)    3 :  0.098 0.124 0.216 0.109 0.280 0.173 
319 z0196739   (18)    3 :  0.084 0.299 0.152 0.191 0.134 0.140 
320 z0196740   (10)    3 :  0.174 0.158 0.117 0.089 0.053 0.410 
321 z0196746    (3)    1 :  0.110 0.454 0.103 0.059 0.195 0.080 
322 z0196751    (0)    3 :  0.118 0.289 0.209 0.169 0.104 0.111 
323 z0196752    (0)    3 :  0.401 0.170 0.139 0.065 0.079 0.146 
324 z0196754    (0)    3 :  0.094 0.238 0.285 0.085 0.158 0.141 
325 z0196758    (2)    1 :  0.151 0.252 0.127 0.082 0.095 0.292 
326 z0196763    (2)    3 :  0.102 0.103 0.246 0.059 0.237 0.254 
327 z0196764    (1)    3 :  0.138 0.106 0.288 0.156 0.098 0.214 
328 z0196766    (0)    3 :  0.137 0.263 0.238 0.124 0.119 0.119 
329 z0196769    (1)    3 :  0.154 0.268 0.277 0.078 0.076 0.147 
330 z0196774    (1)    3 :  0.272 0.262 0.182 0.073 0.061 0.149 
331 z0196783    (0)    1 :  0.066 0.579 0.188 0.039 0.050 0.078 
332 z0196794    (2)    1 :  0.108 0.463 0.239 0.047 0.046 0.097 
333 z0196804   (15)    1 :  0.079 0.155 0.210 0.080 0.072 0.404 
334 z0196809   (15)    3 :  0.144 0.086 0.202 0.047 0.067 0.454 
335 z0196810    (2)    1 :  0.145 0.152 0.100 0.079 0.086 0.439 
336 z0196811    (1)    1 :  0.070 0.153 0.211 0.037 0.088 0.441 
337 z0196824    (0)    3 :  0.196 0.147 0.130 0.170 0.225 0.131 
338 z0196825    (1)    3 :  0.058 0.163 0.217 0.158 0.201 0.202 
339 z0196828    (1)    2 :  0.094 0.162 0.214 0.106 0.147 0.277 
340 z0196829    (0)    3 :  0.073 0.095 0.191 0.090 0.174 0.378 
341 z0196834   (28)    3 :  0.129 0.259 0.186 0.182 0.095 0.148 
342 z0196835    (0)    3 :  0.037 0.361 0.215 0.117 0.112 0.158 
343 z0196838    (2)    1 :  0.127 0.094 0.192 0.037 0.051 0.498 
344 z0196841   (22)    3 :  0.206 0.304 0.166 0.068 0.089 0.167 
345 z0196843   (27)    3 :  0.081 0.317 0.147 0.056 0.198 0.201 
346 z0196849    (1)    3 :  0.118 0.208 0.355 0.093 0.074 0.151 
347 z0196852    (1)    2 :  0.238 0.087 0.168 0.128 0.227 0.153 
348 z0196855    (0)    2 :  0.194 0.117 0.149 0.139 0.149 0.252 
349 z0196856    (1)    3 :  0.169 0.097 0.221 0.114 0.196 0.203 
350 z0196857    (0)    2 :  0.068 0.211 0.243 0.345 0.076 0.058 
351 z0196864    (2)    3 :  0.146 0.058 0.165 0.174 0.295 0.162 
352 z0196894    (0)    3 :  0.160 0.196 0.218 0.049 0.200 0.178 
353 z0197662    (3)    1 :  0.120 0.132 0.109 0.136 0.254 0.249 
354 z0197665    (2)    1 :  0.140 0.467 0.097 0.092 0.043 0.160 
355 z0197668   (20)    3 :  0.384 0.085 0.202 0.083 0.107 0.139 
356 z0197669    (1)    3 :  0.155 0.096 0.132 0.127 0.390 0.100 
357 z0197672    (1)    3 :  0.144 0.207 0.308 0.125 0.105 0.110 


Estimated Allele Frequencies in each cluster
First column gives estimated ancestral frequencies


Locus 1 : HI.v.HI.SEAK 
5 alleles
66.2% missing data
   0   (0.216) 0.334 0.118 0.120 0.171 0.267 0.122 
   4   (0.376) 0.277 0.589 0.675 0.047 0.134 0.644 
   1   (0.211) 0.222 0.075 0.097 0.740 0.360 0.107 
   2   (0.051) 0.029 0.016 0.020 0.018 0.063 0.020 
   3   (0.147) 0.137 0.202 0.088 0.023 0.176 0.107 

Locus 2 : Mnov_gtseq_1 
2 alleles
0.0% missing data
   0   (0.415) 0.471 0.363 0.413 0.276 0.481 0.381 
   1   (0.585) 0.529 0.637 0.587 0.724 0.519 0.619 

Locus 3 : Mnov_gtseq_10 
2 alleles
0.3% missing data
   0   (0.809) 0.935 0.756 0.687 0.938 0.940 0.695 
   1   (0.191) 0.065 0.244 0.313 0.062 0.060 0.305 

Locus 4 : Mnov_gtseq_102 
2 alleles
0.8% missing data
   0   (0.572) 0.542 0.349 0.615 0.767 0.591 0.609 
   1   (0.428) 0.458 0.651 0.385 0.233 0.409 0.391 

Locus 5 : Mnov_gtseq_104 
2 alleles
0.3% missing data
   0   (0.848) 0.966 0.671 0.816 0.956 0.945 0.845 
   1   (0.152) 0.034 0.329 0.184 0.044 0.055 0.155 

Locus 6 : Mnov_gtseq_106 
2 alleles
15.4% missing data
   1   (0.754) 0.708 0.760 0.825 0.750 0.886 0.745 
   0   (0.246) 0.292 0.240 0.175 0.250 0.114 0.255 

Locus 7 : Mnov_gtseq_107 
2 alleles
37.8% missing data
   1   (0.216) 0.098 0.194 0.115 0.418 0.549 0.105 
   0   (0.784) 0.902 0.806 0.885 0.582 0.451 0.895 

Locus 8 : Mnov_gtseq_111 
2 alleles
39.2% missing data
   1   (0.690) 0.823 0.632 0.623 0.376 0.824 0.770 
   0   (0.310) 0.177 0.368 0.377 0.624 0.176 0.230 

Locus 9 : Mnov_gtseq_112 
2 alleles
1.1% missing data
   0   (0.610) 0.387 0.747 0.741 0.777 0.618 0.444 
   1   (0.390) 0.613 0.253 0.259 0.223 0.382 0.556 

Locus 10 : Mnov_gtseq_113 
2 alleles
1.7% missing data
   1   (0.703) 0.649 0.780 0.814 0.617 0.763 0.683 
   0   (0.297) 0.351 0.220 0.186 0.383 0.237 0.317 

Locus 11 : Mnov_gtseq_114 
2 alleles
4.5% missing data
   0   (0.529) 0.393 0.521 0.656 0.202 0.662 0.654 
   1   (0.471) 0.607 0.479 0.344 0.798 0.338 0.346 

Locus 12 : Mnov_gtseq_117 
2 alleles
27.2% missing data
   0   (0.638) 0.681 0.546 0.621 0.912 0.559 0.590 
   1   (0.362) 0.319 0.454 0.379 0.088 0.441 0.410 

Locus 13 : Mnov_gtseq_118 
2 alleles
8.1% missing data
   0   (0.721) 0.779 0.363 0.816 0.906 0.765 0.745 
   1   (0.279) 0.221 0.637 0.184 0.094 0.235 0.255 

Locus 14 : Mnov_gtseq_12 
2 alleles
0.3% missing data
   0   (0.455) 0.732 0.421 0.700 0.269 0.241 0.303 
   1   (0.545) 0.268 0.579 0.300 0.731 0.759 0.697 

Locus 15 : Mnov_gtseq_124 
2 alleles
4.8% missing data
   1   (0.777) 0.910 0.734 0.809 0.886 0.877 0.537 
   0   (0.223) 0.090 0.266 0.191 0.114 0.123 0.463 

Locus 16 : Mnov_gtseq_125 
2 alleles
1.1% missing data
   1   (0.890) 0.961 0.984 0.964 0.603 0.811 0.907 
   0   (0.110) 0.039 0.016 0.036 0.397 0.189 0.093 

Locus 17 : Mnov_gtseq_126 
2 alleles
0.0% missing data
   0   (0.339) 0.573 0.117 0.201 0.236 0.463 0.465 
   1   (0.661) 0.427 0.883 0.799 0.764 0.537 0.535 

Locus 18 : Mnov_gtseq_127 
2 alleles
7.0% missing data
   0   (0.602) 0.642 0.678 0.710 0.430 0.564 0.621 
   1   (0.398) 0.358 0.322 0.290 0.570 0.436 0.379 

Locus 19 : Mnov_gtseq_128 
2 alleles
31.4% missing data
   0   (0.687) 0.657 0.844 0.714 0.680 0.609 0.723 
   1   (0.313) 0.343 0.156 0.286 0.320 0.391 0.277 

Locus 20 : Mnov_gtseq_129 
2 alleles
2.0% missing data
   0   (0.507) 0.246 0.513 0.442 0.523 0.833 0.498 
   1   (0.493) 0.754 0.487 0.558 0.477 0.167 0.502 

Locus 21 : Mnov_gtseq_13 
2 alleles
0.0% missing data
   0   (0.572) 0.842 0.577 0.428 0.578 0.686 0.402 
   1   (0.428) 0.158 0.423 0.572 0.422 0.314 0.598 

Locus 22 : Mnov_gtseq_130 
2 alleles
28.9% missing data
   1   (0.513) 0.695 0.461 0.480 0.518 0.292 0.596 
   0   (0.487) 0.305 0.539 0.520 0.482 0.708 0.404 

Locus 23 : Mnov_gtseq_135 
2 alleles
0.6% missing data
   1   (0.454) 0.343 0.386 0.544 0.604 0.563 0.329 
   0   (0.546) 0.657 0.614 0.456 0.396 0.437 0.671 

Locus 24 : Mnov_gtseq_138 
2 alleles
0.6% missing data
   0   (0.473) 0.388 0.429 0.493 0.311 0.601 0.512 
   1   (0.527) 0.612 0.571 0.507 0.689 0.399 0.488 

Locus 25 : Mnov_gtseq_140 
2 alleles
1.1% missing data
   0   (0.437) 0.183 0.296 0.551 0.633 0.634 0.397 
   1   (0.563) 0.817 0.704 0.449 0.367 0.366 0.603 

Locus 26 : Mnov_gtseq_141 
2 alleles
0.3% missing data
   0   (0.555) 0.361 0.812 0.478 0.535 0.600 0.575 
   1   (0.445) 0.639 0.188 0.522 0.465 0.400 0.425 

Locus 27 : Mnov_gtseq_143 
2 alleles
2.8% missing data
   1   (0.552) 0.301 0.724 0.604 0.513 0.531 0.631 
   0   (0.448) 0.699 0.276 0.396 0.487 0.469 0.369 

Locus 28 : Mnov_gtseq_145 
2 alleles
2.0% missing data
   0   (0.459) 0.362 0.653 0.500 0.596 0.263 0.392 
   1   (0.541) 0.638 0.347 0.500 0.404 0.737 0.608 

Locus 29 : Mnov_gtseq_147 
2 alleles
26.3% missing data
   0   (0.778) 0.705 0.841 0.877 0.364 0.769 0.924 
   1   (0.222) 0.295 0.159 0.123 0.636 0.231 0.076 

Locus 30 : Mnov_gtseq_148 
2 alleles
9.2% missing data
   0   (0.302) 0.455 0.207 0.288 0.096 0.258 0.388 
   1   (0.698) 0.545 0.793 0.712 0.904 0.742 0.612 

Locus 31 : Mnov_gtseq_149 
2 alleles
0.6% missing data
   0   (0.592) 0.517 0.608 0.645 0.550 0.631 0.635 
   1   (0.408) 0.483 0.392 0.355 0.450 0.369 0.365 

Locus 32 : Mnov_gtseq_15 
2 alleles
0.0% missing data
   0   (0.470) 0.501 0.520 0.652 0.463 0.327 0.332 
   1   (0.530) 0.499 0.480 0.348 0.537 0.673 0.668 

Locus 33 : Mnov_gtseq_152 
2 alleles
0.8% missing data
   0   (0.331) 0.236 0.388 0.313 0.326 0.542 0.178 
   1   (0.669) 0.764 0.612 0.687 0.674 0.458 0.822 

Locus 34 : Mnov_gtseq_154 
2 alleles
3.4% missing data
   0   (0.547) 0.555 0.672 0.607 0.408 0.467 0.553 
   1   (0.453) 0.445 0.328 0.393 0.592 0.533 0.447 

Locus 35 : Mnov_gtseq_155 
2 alleles
41.7% missing data
   0   (0.657) 0.629 0.668 0.680 0.648 0.785 0.648 
   1   (0.343) 0.371 0.332 0.320 0.352 0.215 0.352 

Locus 36 : Mnov_gtseq_157 
2 alleles
0.6% missing data
   1   (0.559) 0.489 0.577 0.585 0.632 0.641 0.472 
   0   (0.441) 0.511 0.423 0.415 0.368 0.359 0.528 

Locus 37 : Mnov_gtseq_158 
2 alleles
0.6% missing data
   0   (0.385) 0.364 0.771 0.458 0.065 0.143 0.545 
   1   (0.615) 0.636 0.229 0.542 0.935 0.857 0.455 

Locus 38 : Mnov_gtseq_159 
2 alleles
24.6% missing data
   0   (0.600) 0.456 0.671 0.656 0.332 0.610 0.790 
   1   (0.400) 0.544 0.329 0.344 0.668 0.390 0.210 

Locus 39 : Mnov_gtseq_16 
2 alleles
0.0% missing data
   0   (0.634) 0.801 0.607 0.737 0.455 0.709 0.513 
   1   (0.366) 0.199 0.393 0.263 0.545 0.291 0.487 

Locus 40 : Mnov_gtseq_160 
2 alleles
2.5% missing data
   0   (0.492) 0.426 0.484 0.552 0.350 0.475 0.587 
   1   (0.508) 0.574 0.516 0.448 0.650 0.525 0.413 

Locus 41 : Mnov_gtseq_161 
2 alleles
2.0% missing data
   1   (0.752) 0.823 0.731 0.769 0.788 0.877 0.691 
   0   (0.248) 0.177 0.269 0.231 0.212 0.123 0.309 

Locus 42 : Mnov_gtseq_162 
2 alleles
2.2% missing data
   1   (0.421) 0.226 0.677 0.481 0.474 0.533 0.217 
   0   (0.579) 0.774 0.323 0.519 0.526 0.467 0.783 

Locus 43 : Mnov_gtseq_167 
2 alleles
1.1% missing data
   1   (0.793) 0.861 0.636 0.869 0.831 0.931 0.743 
   0   (0.207) 0.139 0.364 0.131 0.169 0.069 0.257 

Locus 44 : Mnov_gtseq_17 
2 alleles
0.0% missing data
   0   (0.513) 0.590 0.683 0.460 0.497 0.386 0.487 
   1   (0.487) 0.410 0.317 0.540 0.503 0.614 0.513 

Locus 45 : Mnov_gtseq_170 
2 alleles
0.0% missing data
   0   (0.321) 0.329 0.226 0.347 0.170 0.342 0.308 
   1   (0.679) 0.671 0.774 0.653 0.830 0.658 0.692 

Locus 46 : Mnov_gtseq_171 
2 alleles
42.0% missing data
   1   (0.678) 0.762 0.581 0.595 0.721 0.781 0.753 
   0   (0.322) 0.238 0.419 0.405 0.279 0.219 0.247 

Locus 47 : Mnov_gtseq_173 
2 alleles
21.8% missing data
   1   (0.489) 0.764 0.197 0.370 0.799 0.522 0.395 
   0   (0.511) 0.236 0.803 0.630 0.201 0.478 0.605 

Locus 48 : Mnov_gtseq_174 
2 alleles
2.8% missing data
   0   (0.301) 0.261 0.298 0.179 0.551 0.262 0.247 
   1   (0.699) 0.739 0.702 0.821 0.449 0.738 0.753 

Locus 49 : Mnov_gtseq_180 
2 alleles
14.0% missing data
   0   (0.653) 0.263 0.496 0.690 0.933 0.780 0.722 
   1   (0.347) 0.737 0.504 0.310 0.067 0.220 0.278 

Locus 50 : Mnov_gtseq_182 
2 alleles
9.0% missing data
   0   (0.817) 0.946 0.657 0.789 0.800 0.908 0.864 
   1   (0.183) 0.054 0.343 0.211 0.200 0.092 0.136 

Locus 51 : Mnov_gtseq_186 
2 alleles
27.7% missing data
   0   (0.519) 0.597 0.572 0.494 0.513 0.385 0.563 
   1   (0.481) 0.403 0.428 0.506 0.487 0.615 0.437 

Locus 52 : Mnov_gtseq_187 
2 alleles
7.6% missing data
   1   (0.586) 0.552 0.564 0.700 0.858 0.350 0.539 
   0   (0.414) 0.448 0.436 0.300 0.142 0.650 0.461 

Locus 53 : Mnov_gtseq_188 
2 alleles
13.4% missing data
   0   (0.561) 0.875 0.463 0.516 0.681 0.651 0.285 
   1   (0.439) 0.125 0.537 0.484 0.319 0.349 0.715 

Locus 54 : Mnov_gtseq_189 
2 alleles
3.6% missing data
   0   (0.447) 0.180 0.681 0.409 0.471 0.573 0.404 
   1   (0.553) 0.820 0.319 0.591 0.529 0.427 0.596 

Locus 55 : Mnov_gtseq_19 
2 alleles
0.0% missing data
   1   (0.929) 0.822 0.992 0.983 0.724 0.978 0.974 
   0   (0.071) 0.178 0.008 0.017 0.276 0.022 0.026 

Locus 56 : Mnov_gtseq_190 
2 alleles
0.0% missing data
   1   (0.420) 0.414 0.339 0.498 0.288 0.429 0.415 
   0   (0.580) 0.586 0.661 0.502 0.712 0.571 0.585 

Locus 57 : Mnov_gtseq_191 
2 alleles
26.3% missing data
   0   (0.888) 0.835 0.872 0.931 0.989 0.976 0.812 
   1   (0.112) 0.165 0.128 0.069 0.011 0.024 0.188 

Locus 58 : Mnov_gtseq_192 
2 alleles
21.0% missing data
   0   (0.801) 0.901 0.807 0.811 0.785 0.887 0.806 
   1   (0.199) 0.099 0.193 0.189 0.215 0.113 0.194 

Locus 59 : Mnov_gtseq_193 
2 alleles
0.0% missing data
   0   (0.711) 0.557 0.739 0.764 0.735 0.903 0.668 
   1   (0.289) 0.443 0.261 0.236 0.265 0.097 0.332 

Locus 60 : Mnov_gtseq_195 
2 alleles
0.0% missing data
   0   (0.547) 0.755 0.370 0.471 0.448 0.650 0.598 
   1   (0.453) 0.245 0.630 0.529 0.552 0.350 0.402 

Locus 61 : Mnov_gtseq_196 
2 alleles
0.3% missing data
   0   (0.319) 0.461 0.544 0.325 0.116 0.189 0.220 
   1   (0.681) 0.539 0.456 0.675 0.884 0.811 0.780 

Locus 62 : Mnov_gtseq_197 
3 alleles
0.3% missing data
   1   (0.386) 0.352 0.544 0.354 0.259 0.397 0.319 
   0   (0.436) 0.186 0.341 0.537 0.690 0.485 0.514 
   2   (0.178) 0.462 0.115 0.109 0.052 0.118 0.167 

Locus 63 : Mnov_gtseq_2 
2 alleles
0.3% missing data
   0   (0.209) 0.177 0.051 0.220 0.178 0.284 0.220 
   1   (0.791) 0.823 0.949 0.780 0.822 0.716 0.780 

Locus 64 : Mnov_gtseq_200 
2 alleles
2.8% missing data
   0   (0.416) 0.259 0.298 0.366 0.724 0.571 0.361 
   1   (0.584) 0.741 0.702 0.634 0.276 0.429 0.639 

Locus 65 : Mnov_gtseq_201 
2 alleles
0.0% missing data
   0   (0.874) 0.926 0.655 0.916 0.981 0.979 0.802 
   1   (0.126) 0.074 0.345 0.084 0.019 0.021 0.198 

Locus 66 : Mnov_gtseq_202 
2 alleles
0.0% missing data
   0   (0.437) 0.301 0.375 0.511 0.712 0.300 0.420 
   1   (0.563) 0.699 0.625 0.489 0.288 0.700 0.580 

Locus 67 : Mnov_gtseq_204 
2 alleles
3.9% missing data
   0   (0.442) 0.492 0.508 0.350 0.674 0.293 0.427 
   1   (0.558) 0.508 0.492 0.650 0.326 0.707 0.573 

Locus 68 : Mnov_gtseq_205 
3 alleles
0.0% missing data
   0   (0.229) 0.199 0.201 0.344 0.248 0.099 0.192 
   2   (0.701) 0.710 0.774 0.630 0.676 0.873 0.783 
   1   (0.070) 0.092 0.025 0.026 0.076 0.028 0.025 

Locus 69 : Mnov_gtseq_208 
2 alleles
0.0% missing data
   0   (0.628) 0.498 0.796 0.681 0.301 0.702 0.692 
   1   (0.372) 0.502 0.204 0.319 0.699 0.298 0.308 

Locus 70 : Mnov_gtseq_209 
2 alleles
0.0% missing data
   0   (0.453) 0.320 0.327 0.568 0.574 0.663 0.296 
   1   (0.547) 0.680 0.673 0.432 0.426 0.337 0.704 

Locus 71 : Mnov_gtseq_21 
2 alleles
0.0% missing data
   1   (0.533) 0.588 0.713 0.525 0.268 0.401 0.605 
   0   (0.467) 0.412 0.287 0.475 0.732 0.599 0.395 

Locus 72 : Mnov_gtseq_210 
2 alleles
5.0% missing data
   0   (0.393) 0.342 0.567 0.588 0.197 0.232 0.332 
   1   (0.607) 0.658 0.433 0.412 0.803 0.768 0.668 

Locus 73 : Mnov_gtseq_213 
2 alleles
5.6% missing data
   0   (0.503) 0.406 0.509 0.546 0.298 0.552 0.649 
   1   (0.497) 0.594 0.491 0.454 0.702 0.448 0.351 

Locus 74 : Mnov_gtseq_214 
2 alleles
5.3% missing data
   0   (0.548) 0.390 0.466 0.483 0.775 0.611 0.631 
   1   (0.452) 0.610 0.534 0.517 0.225 0.389 0.369 

Locus 75 : Mnov_gtseq_215 
2 alleles
0.0% missing data
   0   (0.457) 0.390 0.430 0.397 0.461 0.783 0.289 
   1   (0.543) 0.610 0.570 0.603 0.539 0.217 0.711 

Locus 76 : Mnov_gtseq_216 
2 alleles
0.0% missing data
   1   (0.539) 0.649 0.461 0.376 0.563 0.802 0.450 
   0   (0.461) 0.351 0.539 0.624 0.437 0.198 0.550 

Locus 77 : Mnov_gtseq_217 
2 alleles
24.4% missing data
   0   (0.307) 0.223 0.225 0.494 0.111 0.373 0.282 
   1   (0.693) 0.777 0.775 0.506 0.889 0.627 0.718 

Locus 78 : Mnov_gtseq_218 
2 alleles
0.3% missing data
   0   (0.615) 0.811 0.368 0.384 0.765 0.788 0.653 
   1   (0.385) 0.189 0.632 0.616 0.235 0.212 0.347 

Locus 79 : Mnov_gtseq_22 
2 alleles
3.9% missing data
   1   (0.590) 0.534 0.581 0.469 0.782 0.681 0.615 
   0   (0.410) 0.466 0.419 0.531 0.218 0.319 0.385 

Locus 80 : Mnov_gtseq_220 
2 alleles
0.3% missing data
   0   (0.528) 0.641 0.498 0.367 0.676 0.584 0.538 
   1   (0.472) 0.359 0.502 0.633 0.324 0.416 0.462 

Locus 81 : Mnov_gtseq_222 
2 alleles
14.3% missing data
   0   (0.522) 0.799 0.262 0.365 0.636 0.732 0.438 
   1   (0.478) 0.201 0.738 0.635 0.364 0.268 0.562 

Locus 82 : Mnov_gtseq_223 
2 alleles
2.5% missing data
   0   (0.642) 0.653 0.812 0.724 0.590 0.727 0.442 
   1   (0.358) 0.347 0.188 0.276 0.410 0.273 0.558 

Locus 83 : Mnov_gtseq_225 
2 alleles
0.0% missing data
   0   (0.519) 0.272 0.591 0.587 0.494 0.481 0.656 
   1   (0.481) 0.728 0.409 0.413 0.506 0.519 0.344 

Locus 84 : Mnov_gtseq_227 
2 alleles
0.3% missing data
   0   (0.521) 0.731 0.485 0.427 0.769 0.449 0.373 
   1   (0.479) 0.269 0.515 0.573 0.231 0.551 0.627 

Locus 85 : Mnov_gtseq_229 
2 alleles
0.8% missing data
   1   (0.539) 0.603 0.645 0.394 0.733 0.508 0.478 
   0   (0.461) 0.397 0.355 0.606 0.267 0.492 0.522 

Locus 86 : Mnov_gtseq_230 
2 alleles
10.4% missing data
   0   (0.794) 0.950 0.628 0.679 0.881 0.932 0.659 
   1   (0.206) 0.050 0.372 0.321 0.119 0.068 0.341 

Locus 87 : Mnov_gtseq_232 
2 alleles
0.0% missing data
   0   (0.489) 0.344 0.465 0.426 0.816 0.511 0.468 
