

----------------------------------------------------
STRUCTURE by Pritchard, Stephens and Donnelly (2000)
     and Falush, Stephens and Pritchard (2003)
       Code by Pritchard, Falush and Hubisz
             Version 2.3.4 (Jul 2012)
----------------------------------------------------



Command line arguments:   structure -m wint.area.structureRun/wint.area.structureRun.k5.r4_mainparams -e wint.area.structureRun/wint.area.structureRun.k5.r4_extraparams -i wint.area.structureRun/wint.area.structureRun.k5.r4_data -o wint.area.structureRun/wint.area.structureRun.k5.r4_out 
Input File:    wint.area.structureRun/wint.area.structureRun.k5.r4_data

Run parameters:
   357 individuals
   328 loci
   5 populations assumed
   1000 Burn-in period
   10000 Reps


--------------------------------------------
Proportion of membership of each pre-defined
 population in each of the 5 clusters

Given    Inferred Clusters                     Number of
 Pop       1      2      3      4      5      Individuals

  1:     0.270  0.107  0.315  0.162  0.146       80
  2:     0.144  0.347  0.121  0.160  0.228      126
  3:     0.250  0.148  0.230  0.165  0.207      115
  4:     0.198  0.221  0.157  0.164  0.261       27
  5:     0.078  0.065  0.082  0.708  0.067        9
--------------------------------------------

Allele-freq. divergence among pops (Net nucleotide distance),
computed using point estimates of P.

      1       2       3       4       5      
 1      -    0.0430  0.0247  0.0283  0.0236  
 2   0.0430     -    0.0507  0.0437  0.0332  
 3   0.0247  0.0507     -    0.0358  0.0326  
 4   0.0283  0.0437  0.0358     -    0.0276  
 5   0.0236  0.0332  0.0326  0.0276     -    

Average distances (expected heterozygosity) between individuals in same cluster:
cluster  1  : 0.4055 
cluster  2  : 0.3874 
cluster  3  : 0.4076 
cluster  4  : 0.3924 
cluster  5  : 0.4008 

--------------------------------------------
Estimated Ln Prob of Data   = -136680.9
Mean value of ln likelihood = -133016.2
Variance of ln likelihood   = 7329.6
Mean value of alpha         = 1.0000

Mean value of Fst_1         = 0.0912
Mean value of Fst_2         = 0.1625
Mean value of Fst_3         = 0.1180
Mean value of Fst_4         = 0.1200
Mean value of Fst_5         = 0.1098


Inferred ancestry of individuals:
        Label (%Miss) Pop:  Inferred clusters
  1   207778    (2)    2 :  0.112 0.268 0.126 0.093 0.401 
  2 z0005757    (7)    3 :  0.124 0.136 0.198 0.237 0.306 
  3 z0005758    (0)    3 :  0.496 0.077 0.199 0.148 0.080 
  4 z0011944    (0)    1 :  0.054 0.077 0.049 0.761 0.059 
  5 z0012702   (10)    4 :  0.044 0.375 0.047 0.137 0.397 
  6 z0016577    (2)    3 :  0.312 0.202 0.118 0.135 0.233 
  7 z0016578   (21)    1 :  0.223 0.062 0.344 0.185 0.186 
  8 z0016579    (1)    3 :  0.303 0.103 0.111 0.222 0.261 
  9 z0018264    (0)    1 :  0.058 0.093 0.066 0.692 0.090 
 10 z0029828    (2)    3 :  0.136 0.129 0.435 0.067 0.234 
 11 z0029829   (14)    1 :  0.095 0.096 0.517 0.070 0.221 
 12 z0029846   (14)    1 :  0.307 0.107 0.154 0.202 0.229 
 13 z0029860    (1)    3 :  0.247 0.094 0.424 0.059 0.176 
 14 z0029863    (2)    1 :  0.369 0.106 0.072 0.311 0.142 
 15 z0029864    (8)    1 :  0.346 0.100 0.205 0.250 0.099 
 16 z0029865   (13)    3 :  0.566 0.080 0.136 0.099 0.120 
 17 z0037607    (2)    3 :  0.368 0.162 0.088 0.237 0.145 
 18 z0037609   (25)    3 :  0.391 0.113 0.122 0.200 0.174 
 19 z0037624   (21)    1 :  0.415 0.120 0.144 0.080 0.241 
 20 z0038417    (8)    2 :  0.088 0.506 0.056 0.186 0.164 
 21 z0040275    (9)    2 :  0.140 0.338 0.063 0.260 0.199 
 22 z0040287    (3)    2 :  0.133 0.222 0.140 0.274 0.231 
 23 z0040308    (1)    2 :  0.162 0.337 0.068 0.064 0.370 
 24 z0040333    (1)    2 :  0.148 0.314 0.137 0.137 0.264 
 25 z0040334    (1)    2 :  0.056 0.594 0.054 0.115 0.181 
 26 z0040337    (6)    2 :  0.242 0.229 0.130 0.172 0.227 
 27 z0040345    (1)    2 :  0.085 0.377 0.041 0.160 0.337 
 28 z0040357    (5)    2 :  0.218 0.445 0.062 0.139 0.136 
 29 z0040363   (20)    2 :  0.147 0.367 0.170 0.108 0.208 
 30 z0040364    (0)    2 :  0.076 0.510 0.102 0.086 0.227 
 31 z0040387    (1)    2 :  0.136 0.442 0.112 0.122 0.188 
 32 z0040403   (15)    2 :  0.160 0.284 0.124 0.101 0.331 
 33 z0040413   (43)    2 :  0.128 0.226 0.094 0.142 0.410 
 34 z0040439    (0)    2 :  0.073 0.646 0.050 0.152 0.079 
 35 z0040465   (20)    2 :  0.201 0.235 0.152 0.115 0.297 
 36 z0040513   (17)    3 :  0.086 0.164 0.315 0.113 0.322 
 37 z0040961   (12)    2 :  0.064 0.263 0.099 0.317 0.257 
 38 z0040985   (16)    2 :  0.210 0.231 0.063 0.167 0.329 
 39 z0041026    (0)    2 :  0.060 0.506 0.158 0.112 0.165 
 40 z0041051   (28)    2 :  0.117 0.277 0.070 0.275 0.261 
 41 z0041115    (7)    2 :  0.112 0.462 0.148 0.159 0.119 
 42 z0041153   (23)    2 :  0.162 0.234 0.104 0.246 0.255 
 43 z0041233    (4)    2 :  0.194 0.233 0.142 0.120 0.312 
 44 z0041243    (1)    2 :  0.242 0.289 0.084 0.215 0.169 
 45 z0041248    (6)    2 :  0.159 0.477 0.124 0.129 0.112 
 46 z0041250    (1)    2 :  0.103 0.377 0.058 0.109 0.353 
 47 z0041274    (2)    2 :  0.053 0.220 0.107 0.204 0.416 
 48 z0041465   (15)    2 :  0.128 0.501 0.202 0.053 0.116 
 49 z0041472    (2)    2 :  0.124 0.438 0.204 0.091 0.143 
 50 z0041480   (10)    2 :  0.248 0.244 0.161 0.126 0.221 
 51 z0041483    (0)    2 :  0.094 0.533 0.090 0.129 0.153 
 52 z0041494   (12)    2 :  0.114 0.293 0.080 0.165 0.349 
 53 z0041498    (1)    2 :  0.123 0.427 0.166 0.169 0.115 
 54 z0041501    (1)    2 :  0.080 0.399 0.045 0.075 0.401 
 55 z0041507    (7)    2 :  0.128 0.404 0.109 0.118 0.242 
 56 z0041512    (0)    2 :  0.110 0.567 0.108 0.093 0.123 
 57 z0041522   (17)    2 :  0.159 0.470 0.148 0.146 0.078 
 58 z0041526    (1)    3 :  0.204 0.503 0.107 0.076 0.110 
 59 z0041527   (16)    2 :  0.113 0.320 0.146 0.099 0.323 
 60 z0043243    (2)    2 :  0.258 0.100 0.180 0.307 0.156 
 61 z0043278    (2)    2 :  0.061 0.568 0.067 0.200 0.105 
 62 z0043475   (17)    3 :  0.141 0.253 0.179 0.141 0.286 
 63 z0043477    (0)    2 :  0.328 0.294 0.066 0.180 0.133 
 64 z0043478    (2)    2 :  0.074 0.690 0.092 0.073 0.070 
 65 z0043481    (0)    2 :  0.170 0.424 0.086 0.140 0.181 
 66 z0043489    (7)    2 :  0.072 0.465 0.043 0.147 0.273 
 67 z0043491   (13)    2 :  0.194 0.365 0.101 0.228 0.113 
 68 z0043493    (3)    2 :  0.212 0.158 0.044 0.166 0.420 
 69 z0043494    (2)    2 :  0.143 0.243 0.147 0.213 0.253 
 70 z0043498    (2)    2 :  0.069 0.559 0.156 0.081 0.135 
 71 z0043504    (7)    2 :  0.349 0.238 0.055 0.190 0.168 
 72 z0043526    (3)    4 :  0.125 0.150 0.102 0.142 0.482 
 73 z0043566    (3)    2 :  0.206 0.371 0.083 0.097 0.243 
 74 z0043572    (0)    2 :  0.188 0.484 0.117 0.081 0.130 
 75 z0043599    (5)    2 :  0.202 0.242 0.117 0.121 0.318 
 76 z0043642    (1)    2 :  0.206 0.219 0.166 0.127 0.282 
 77 z0043649    (1)    2 :  0.072 0.421 0.062 0.127 0.317 
 78 z0043652    (1)    2 :  0.132 0.163 0.135 0.172 0.398 
 79 z0043668    (1)    2 :  0.091 0.147 0.204 0.211 0.347 
 80 z0043674    (1)    4 :  0.248 0.054 0.319 0.179 0.200 
 81 z0043686    (1)    2 :  0.179 0.287 0.169 0.244 0.121 
 82 z0043693    (1)    2 :  0.082 0.213 0.196 0.121 0.388 
 83 z0043704   (15)    2 :  0.127 0.590 0.068 0.084 0.130 
 84 z0043807    (1)    2 :  0.132 0.341 0.190 0.115 0.221 
 85 z0043819    (1)    2 :  0.206 0.074 0.116 0.135 0.469 
 86 z0043876    (7)    2 :  0.344 0.184 0.211 0.088 0.174 
 87 z0043877   (33)    2 :  0.125 0.283 0.189 0.105 0.298 
 88 z0043891   (21)    4 :  0.273 0.193 0.208 0.232 0.095 
 89 z0043915   (33)    2 :  0.117 0.166 0.169 0.365 0.183 
 90 z0043940   (10)    2 :  0.320 0.061 0.089 0.182 0.348 
 91 z0043954    (2)    2 :  0.149 0.209 0.141 0.235 0.266 
 92 z0043966    (5)    2 :  0.121 0.580 0.114 0.115 0.071 
 93 z0043980    (0)    2 :  0.083 0.230 0.238 0.143 0.305 
 94 z0043994    (1)    3 :  0.066 0.569 0.069 0.177 0.119 
 95 z0044017   (12)    2 :  0.073 0.223 0.100 0.317 0.286 
 96 z0044019   (14)    2 :  0.100 0.340 0.189 0.136 0.234 
 97 z0044023   (36)    2 :  0.091 0.667 0.116 0.063 0.063 
 98 z0044033    (0)    2 :  0.043 0.749 0.071 0.052 0.084 
 99 z0044042    (3)    2 :  0.064 0.568 0.128 0.144 0.096 
100 z0044047   (25)    2 :  0.065 0.237 0.071 0.122 0.505 
101 z0044064   (13)    2 :  0.131 0.287 0.072 0.254 0.256 
102 z0044432   (14)    2 :  0.080 0.186 0.201 0.133 0.400 
103 z0045326    (0)    3 :  0.447 0.163 0.212 0.070 0.108 
104 z0045331    (5)    1 :  0.236 0.181 0.304 0.176 0.102 
105 z0045332    (2)    1 :  0.122 0.107 0.199 0.228 0.343 
106 z0045333    (6)    1 :  0.292 0.096 0.361 0.082 0.168 
107 z0045337    (5)    1 :  0.169 0.138 0.461 0.162 0.070 
108 z0045342   (13)    1 :  0.061 0.113 0.471 0.084 0.270 
109 z0045347    (1)    3 :  0.362 0.103 0.095 0.234 0.206 
110 z0045350    (0)    1 :  0.174 0.123 0.174 0.292 0.237 
111 z0045370    (1)    1 :  0.274 0.039 0.490 0.087 0.111 
112 z0045371    (1)    3 :  0.358 0.169 0.126 0.163 0.183 
113 z0045398    (1)    3 :  0.522 0.054 0.195 0.093 0.136 
114 z0045399    (1)    3 :  0.189 0.061 0.256 0.360 0.134 
115 z0045401   (26)    1 :  0.139 0.090 0.234 0.134 0.402 
116 z0045404    (0)    3 :  0.403 0.067 0.333 0.087 0.111 
117 z0045405    (5)    3 :  0.375 0.060 0.140 0.169 0.257 
118 z0045407    (2)    3 :  0.454 0.100 0.089 0.257 0.099 
119 z0045719    (0)    2 :  0.106 0.469 0.098 0.110 0.217 
120 z0045720    (1)    2 :  0.135 0.217 0.113 0.195 0.341 
121 z0045728    (1)    2 :  0.223 0.520 0.083 0.101 0.073 
122 z0045731    (1)    2 :  0.194 0.216 0.073 0.143 0.375 
123 z0045733    (0)    2 :  0.087 0.180 0.212 0.196 0.324 
124 z0045736    (1)    2 :  0.150 0.158 0.145 0.248 0.298 
125 z0045739    (1)    2 :  0.411 0.165 0.113 0.142 0.169 
126 z0045740    (1)    2 :  0.079 0.430 0.058 0.105 0.329 
127 z0045741    (0)    2 :  0.086 0.255 0.052 0.070 0.536 
128 z0045742    (0)    2 :  0.087 0.328 0.184 0.068 0.333 
129 z0045776    (1)    3 :  0.045 0.096 0.070 0.065 0.724 
130 z0045779    (0)    2 :  0.103 0.674 0.089 0.085 0.048 
131 z0045781    (0)    2 :  0.315 0.434 0.051 0.108 0.091 
132 z0045788    (5)    2 :  0.070 0.601 0.060 0.156 0.113 
133 z0045789    (2)    2 :  0.086 0.586 0.095 0.139 0.094 
134 z0045791    (5)    2 :  0.062 0.432 0.133 0.210 0.162 
135 z0045792   (23)    1 :  0.302 0.256 0.191 0.120 0.132 
136 z0045793    (0)    3 :  0.113 0.271 0.494 0.061 0.062 
137 z0047562   (15)    2 :  0.089 0.333 0.119 0.197 0.261 
138 z0047854    (1)    2 :  0.237 0.334 0.083 0.188 0.158 
139 z0051185    (1)    1 :  0.471 0.068 0.224 0.104 0.133 
140 z0051324    (6)    1 :  0.264 0.099 0.412 0.172 0.053 
141 z0051326    (0)    1 :  0.282 0.089 0.399 0.179 0.052 
142 z0051327    (4)    3 :  0.280 0.285 0.133 0.121 0.181 
143 z0051328    (3)    1 :  0.281 0.140 0.393 0.081 0.104 
144 z0051380    (0)    1 :  0.638 0.039 0.176 0.072 0.074 
145 z0051400    (0)    3 :  0.168 0.163 0.332 0.108 0.230 
146 z0051431   (23)    3 :  0.269 0.295 0.122 0.096 0.218 
147 z0051840   (34)    2 :  0.062 0.418 0.177 0.253 0.090 
148 z0051844   (27)    2 :  0.144 0.258 0.071 0.263 0.263 
149 z0051875   (29)    3 :  0.235 0.127 0.368 0.125 0.145 
150 z0051885    (8)    3 :  0.240 0.459 0.093 0.107 0.100 
151 z0051888    (1)    2 :  0.058 0.390 0.370 0.071 0.112 
152 z0051891    (1)    1 :  0.210 0.109 0.154 0.133 0.394 
153 z0051893    (4)    1 :  0.168 0.113 0.458 0.135 0.125 
154 z0051895    (0)    3 :  0.169 0.125 0.494 0.108 0.103 
155 z0051918    (1)    3 :  0.140 0.282 0.058 0.378 0.142 
156 z0051929    (1)    1 :  0.420 0.091 0.285 0.083 0.121 
157 z0051939   (12)    3 :  0.161 0.303 0.212 0.160 0.165 
158 z0051947    (3)    1 :  0.125 0.104 0.566 0.083 0.122 
159 z0051959    (2)    3 :  0.407 0.199 0.083 0.185 0.125 
160 z0052846    (0)    4 :  0.217 0.218 0.154 0.102 0.309 
161 z0052882    (1)    2 :  0.106 0.264 0.248 0.153 0.229 
162 z0053020   (22)    2 :  0.122 0.128 0.052 0.158 0.540 
163 z0053024   (13)    2 :  0.295 0.217 0.171 0.163 0.154 
164 z0053025    (5)    2 :  0.170 0.645 0.038 0.072 0.075 
165 z0053031    (0)    2 :  0.192 0.219 0.136 0.241 0.212 
166 z0053032    (1)    2 :  0.100 0.186 0.107 0.153 0.454 
167 z0053040    (5)    2 :  0.147 0.242 0.106 0.183 0.321 
168 z0053051    (1)    3 :  0.179 0.059 0.208 0.159 0.395 
169 z0053054    (6)    3 :  0.295 0.084 0.248 0.114 0.259 
170 z0053071    (3)    2 :  0.076 0.434 0.145 0.081 0.265 
171 z0053073    (2)    2 :  0.258 0.086 0.129 0.169 0.359 
172 z0053078    (1)    3 :  0.065 0.245 0.041 0.501 0.148 
173 z0053082    (2)    3 :  0.108 0.348 0.151 0.098 0.294 
174 z0053083   (12)    2 :  0.163 0.263 0.120 0.171 0.283 
175 z0053090   (11)    3 :  0.162 0.349 0.072 0.180 0.237 
176 z0053096    (0)    2 :  0.051 0.486 0.060 0.269 0.133 
177 z0053100    (8)    2 :  0.113 0.291 0.087 0.115 0.394 
178 z0053101    (0)    2 :  0.085 0.358 0.078 0.398 0.081 
179 z0053102    (9)    2 :  0.122 0.357 0.107 0.133 0.282 
180 z0053103    (1)    2 :  0.077 0.628 0.081 0.056 0.158 
181 z0053111    (2)    3 :  0.305 0.128 0.194 0.181 0.192 
182 z0053131    (0)    2 :  0.165 0.367 0.223 0.143 0.103 
183 z0053132    (0)    2 :  0.058 0.222 0.059 0.511 0.150 
184 z0053133    (1)    2 :  0.184 0.114 0.206 0.271 0.225 
185 z0053138    (0)    2 :  0.352 0.274 0.179 0.104 0.090 
186 z0053142    (3)    2 :  0.156 0.459 0.153 0.132 0.099 
187 z0053149    (1)    2 :  0.184 0.386 0.064 0.171 0.195 
188 z0053754    (1)    1 :  0.560 0.125 0.098 0.167 0.050 
189 z0053756    (2)    1 :  0.539 0.105 0.089 0.209 0.057 
190 z0053758   (17)    1 :  0.102 0.057 0.571 0.168 0.102 
191 z0053759    (1)    1 :  0.254 0.081 0.416 0.128 0.122 
192 z0053760    (0)    1 :  0.313 0.095 0.169 0.158 0.264 
193 z0053842    (2)    1 :  0.503 0.111 0.078 0.062 0.246 
194 z0053843    (6)    1 :  0.073 0.106 0.640 0.106 0.075 
195 z0053844    (9)    1 :  0.337 0.137 0.278 0.109 0.139 
196 z0053846    (3)    1 :  0.069 0.053 0.739 0.083 0.056 
197 z0053847    (1)    1 :  0.078 0.175 0.565 0.111 0.070 
198 z0053849    (1)    1 :  0.543 0.099 0.084 0.144 0.130 
199 z0055903    (1)    4 :  0.162 0.086 0.113 0.152 0.487 
200 z0055910   (35)    4 :  0.143 0.254 0.173 0.153 0.278 
201 z0055912    (7)    4 :  0.198 0.230 0.071 0.354 0.148 
202 z0055916   (17)    4 :  0.277 0.125 0.119 0.124 0.355 
203 z0055931    (4)    4 :  0.106 0.513 0.079 0.133 0.169 
204 z0055944    (4)    4 :  0.194 0.166 0.164 0.168 0.308 
205 z0055947   (10)    4 :  0.322 0.158 0.121 0.154 0.246 
206 z0055962    (6)    4 :  0.375 0.284 0.086 0.107 0.147 
207 z0055963   (21)    4 :  0.091 0.263 0.264 0.179 0.203 
208 z0055965   (26)    4 :  0.161 0.062 0.193 0.339 0.245 
209 z0055970   (16)    4 :  0.179 0.207 0.149 0.103 0.363 
210 z0055971    (8)    4 :  0.161 0.183 0.274 0.197 0.185 
211 z0055977    (6)    4 :  0.172 0.376 0.115 0.168 0.169 
212 z0055986   (21)    4 :  0.141 0.140 0.282 0.091 0.346 
213 z0055990    (7)    4 :  0.125 0.450 0.105 0.172 0.149 
214 z0055996    (3)    4 :  0.279 0.286 0.205 0.076 0.154 
215 z0055997    (4)    4 :  0.157 0.345 0.199 0.085 0.214 
216 z0055998    (5)    4 :  0.274 0.138 0.099 0.293 0.196 
217 z0055999    (3)    4 :  0.168 0.122 0.327 0.221 0.161 
218 z0056011    (9)    4 :  0.312 0.087 0.087 0.136 0.378 
219 z0056029    (5)    4 :  0.235 0.133 0.125 0.095 0.411 
220 z0056034    (2)    4 :  0.196 0.362 0.056 0.139 0.247 
221 z0056056   (26)    3 :  0.257 0.165 0.185 0.150 0.243 
222 z0056058    (5)    3 :  0.327 0.048 0.370 0.081 0.174 
223 z0056059    (8)    3 :  0.134 0.061 0.133 0.278 0.395 
224 z0056062    (1)    3 :  0.087 0.120 0.138 0.159 0.497 
225 z0056063    (4)    3 :  0.229 0.120 0.232 0.155 0.264 
226 z0056064    (0)    3 :  0.115 0.103 0.287 0.276 0.219 
227 z0056065    (0)    3 :  0.137 0.086 0.403 0.150 0.224 
228 z0056069    (1)    3 :  0.049 0.091 0.071 0.063 0.725 
229 z0056073    (0)    3 :  0.465 0.051 0.194 0.066 0.223 
230 z0056076    (5)    3 :  0.053 0.216 0.440 0.206 0.085 
231 z0056079   (10)    3 :  0.326 0.051 0.213 0.161 0.249 
232 z0056085    (1)    3 :  0.251 0.113 0.363 0.170 0.102 
233 z0056092    (1)    3 :  0.220 0.099 0.253 0.254 0.173 
234 z0056095    (1)    3 :  0.103 0.069 0.314 0.275 0.238 
235 z0056103    (8)    3 :  0.356 0.054 0.193 0.191 0.207 
236 z0056374    (8)    1 :  0.447 0.059 0.194 0.109 0.191 
237 z0056375    (0)    1 :  0.185 0.086 0.419 0.111 0.198 
238 z0056377    (0)    1 :  0.567 0.082 0.094 0.123 0.134 
239 z0056378    (2)    1 :  0.075 0.115 0.483 0.064 0.264 
240 z0056382    (1)    1 :  0.068 0.054 0.682 0.120 0.076 
241 z0056384    (3)    1 :  0.146 0.143 0.330 0.246 0.135 
242 z0056386    (8)    1 :  0.112 0.058 0.645 0.103 0.082 
243 z0056389    (1)    1 :  0.116 0.057 0.669 0.098 0.061 
244 z0056391    (2)    1 :  0.159 0.024 0.743 0.037 0.037 
245 z0056392   (12)    1 :  0.550 0.089 0.240 0.061 0.060 
246 z0056393    (9)    1 :  0.436 0.127 0.134 0.158 0.145 
247 z0056394    (1)    1 :  0.528 0.078 0.207 0.093 0.095 
248 z0056395    (2)    1 :  0.477 0.142 0.107 0.125 0.149 
249 z0056397    (1)    1 :  0.401 0.250 0.077 0.172 0.099 
250 z0061527    (3)    3 :  0.180 0.357 0.117 0.110 0.236 
251 z0061967    (1)    3 :  0.345 0.199 0.197 0.099 0.160 
252 z0061969    (1)    3 :  0.313 0.278 0.156 0.061 0.193 
253 z0061980    (1)    1 :  0.271 0.244 0.279 0.132 0.074 
254 z0066166    (3)    3 :  0.309 0.139 0.268 0.136 0.148 
255 z0066792    (2)    1 :  0.049 0.078 0.157 0.668 0.048 
256 z0066805    (2)    1 :  0.064 0.070 0.072 0.685 0.109 
257 z0068471    (3)    3 :  0.295 0.118 0.276 0.164 0.147 
258 z0075696    (7)    5 :  0.041 0.067 0.063 0.757 0.072 
259 z0101084    (8)    1 :  0.095 0.098 0.565 0.064 0.177 
260 z0107099    (3)    3 :  0.268 0.034 0.502 0.071 0.125 
261 z0107101    (0)    1 :  0.070 0.043 0.796 0.048 0.043 
262 z0108489    (1)    1 :  0.197 0.161 0.136 0.161 0.346 
263 z0108513    (0)    1 :  0.152 0.167 0.575 0.059 0.047 
264 z0108528    (1)    3 :  0.305 0.218 0.181 0.108 0.189 
265 z0113628    (2)    3 :  0.155 0.105 0.107 0.249 0.384 
266 z0133302   (18)    1 :  0.113 0.187 0.414 0.157 0.129 
267 z0173485    (0)    1 :  0.228 0.201 0.152 0.103 0.316 
268 z0175371    (1)    3 :  0.203 0.228 0.083 0.370 0.117 
269 z0175378    (0)    2 :  0.063 0.550 0.139 0.057 0.192 
270 z0175912    (6)    1 :  0.402 0.119 0.170 0.141 0.168 
271 z0175916    (3)    1 :  0.179 0.304 0.166 0.231 0.119 
272 z0175937    (1)    1 :  0.261 0.088 0.367 0.132 0.152 
273 z0178348   (13)    1 :  0.572 0.087 0.167 0.086 0.088 
274 z0187857    (3)    1 :  0.120 0.114 0.540 0.064 0.162 
275 z0187860    (0)    1 :  0.159 0.160 0.215 0.129 0.336 
276 z0187885    (0)    2 :  0.088 0.254 0.135 0.344 0.180 
277 z0187906   (10)    1 :  0.131 0.084 0.146 0.349 0.290 
278 z0195655    (0)    2 :  0.097 0.674 0.088 0.076 0.065 
279 z0195663    (1)    3 :  0.177 0.341 0.065 0.139 0.278 
280 z0195683    (1)    3 :  0.169 0.069 0.454 0.069 0.239 
281 z0195687   (22)    3 :  0.428 0.053 0.306 0.127 0.085 
282 z0195688    (0)    2 :  0.151 0.207 0.113 0.297 0.232 
283 z0195691    (1)    3 :  0.214 0.049 0.065 0.229 0.442 
284 z0195699    (0)    3 :  0.352 0.099 0.161 0.079 0.309 
285 z0195701    (8)    3 :  0.139 0.127 0.486 0.139 0.109 
286 z0195702    (0)    3 :  0.202 0.169 0.194 0.254 0.181 
287 z0195704    (1)    3 :  0.239 0.146 0.254 0.164 0.197 
288 z0195705    (1)    3 :  0.111 0.264 0.058 0.089 0.478 
289 z0195711    (0)    3 :  0.243 0.067 0.141 0.352 0.197 
290 z0195716    (0)    3 :  0.239 0.111 0.237 0.299 0.113 
291 z0195718   (13)    3 :  0.164 0.061 0.389 0.204 0.182 
292 z0195725    (5)    3 :  0.393 0.257 0.118 0.089 0.142 
293 z0195726   (17)    1 :  0.399 0.085 0.091 0.114 0.311 
294 z0195728   (14)    3 :  0.081 0.036 0.661 0.073 0.149 
295 z0195732   (16)    3 :  0.427 0.055 0.210 0.109 0.198 
296 z0195737    (1)    3 :  0.076 0.253 0.197 0.193 0.281 
297 z0195740   (30)    3 :  0.332 0.117 0.126 0.138 0.285 
298 z0195751    (1)    3 :  0.134 0.082 0.541 0.100 0.144 
299 z0195762    (2)    3 :  0.306 0.092 0.186 0.349 0.068 
300 z0195784    (0)    3 :  0.137 0.062 0.407 0.161 0.232 
301 z0196686    (0)    5 :  0.034 0.031 0.046 0.844 0.045 
302 z0196687    (0)    5 :  0.099 0.106 0.068 0.685 0.042 
303 z0196689    (1)    5 :  0.091 0.079 0.046 0.736 0.048 
304 z0196690    (3)    5 :  0.051 0.051 0.187 0.653 0.058 
305 z0196691    (9)    5 :  0.096 0.048 0.066 0.694 0.096 
306 z0196692    (1)    5 :  0.107 0.075 0.104 0.632 0.082 
307 z0196693    (2)    5 :  0.109 0.059 0.096 0.689 0.047 
308 z0196694    (3)    5 :  0.072 0.069 0.064 0.681 0.114 
309 z0196710    (0)    3 :  0.245 0.211 0.149 0.217 0.178 
310 z0196715   (23)    3 :  0.412 0.072 0.260 0.090 0.166 
311 z0196719    (0)    3 :  0.406 0.141 0.168 0.136 0.149 
312 z0196724   (20)    3 :  0.320 0.139 0.274 0.084 0.183 
313 z0196725    (1)    3 :  0.156 0.071 0.329 0.153 0.290 
314 z0196729    (3)    3 :  0.351 0.182 0.213 0.121 0.132 
315 z0196730    (3)    1 :  0.158 0.111 0.396 0.241 0.094 
316 z0196731    (1)    3 :  0.465 0.059 0.233 0.141 0.101 
317 z0196733   (17)    1 :  0.541 0.066 0.155 0.116 0.122 
318 z0196734    (2)    3 :  0.244 0.134 0.187 0.100 0.335 
319 z0196739   (18)    3 :  0.199 0.237 0.320 0.093 0.152 
320 z0196740   (10)    3 :  0.416 0.107 0.204 0.208 0.065 
321 z0196746    (3)    1 :  0.080 0.089 0.506 0.131 0.194 
322 z0196751    (0)    3 :  0.140 0.186 0.363 0.168 0.144 
323 z0196752    (0)    3 :  0.184 0.068 0.208 0.457 0.083 
324 z0196754    (0)    3 :  0.194 0.114 0.390 0.115 0.187 
325 z0196758    (2)    1 :  0.346 0.093 0.276 0.173 0.111 
326 z0196763    (2)    3 :  0.325 0.066 0.131 0.128 0.350 
327 z0196764    (1)    3 :  0.339 0.159 0.204 0.164 0.135 
328 z0196766    (0)    3 :  0.211 0.145 0.332 0.177 0.136 
329 z0196769    (1)    3 :  0.198 0.100 0.424 0.192 0.086 
330 z0196774    (1)    3 :  0.169 0.080 0.354 0.323 0.074 
331 z0196783    (0)    1 :  0.084 0.042 0.757 0.067 0.049 
332 z0196794    (2)    1 :  0.089 0.050 0.683 0.126 0.052 
333 z0196804   (15)    1 :  0.481 0.104 0.208 0.092 0.116 
334 z0196809   (15)    3 :  0.581 0.065 0.097 0.166 0.091 
335 z0196810    (2)    1 :  0.518 0.079 0.091 0.166 0.145 
336 z0196811    (1)    1 :  0.682 0.041 0.106 0.075 0.096 
337 z0196824    (0)    3 :  0.158 0.183 0.169 0.199 0.291 
338 z0196825    (1)    3 :  0.278 0.174 0.226 0.063 0.259 
339 z0196828    (1)    2 :  0.377 0.146 0.219 0.107 0.151 
340 z0196829    (0)    3 :  0.455 0.100 0.086 0.093 0.266 
341 z0196834   (28)    3 :  0.221 0.210 0.289 0.141 0.138 
342 z0196835    (0)    3 :  0.211 0.115 0.463 0.036 0.175 
343 z0196838    (2)    1 :  0.632 0.048 0.098 0.146 0.077 
344 z0196841   (22)    3 :  0.206 0.088 0.348 0.254 0.104 
345 z0196843   (27)    3 :  0.283 0.070 0.297 0.098 0.253 
346 z0196849    (1)    3 :  0.212 0.114 0.393 0.141 0.139 
347 z0196852    (1)    2 :  0.154 0.161 0.123 0.287 0.275 
348 z0196855    (0)    2 :  0.327 0.170 0.109 0.208 0.186 
349 z0196856    (1)    3 :  0.287 0.155 0.115 0.181 0.262 
350 z0196857    (0)    2 :  0.064 0.382 0.385 0.072 0.097 
351 z0196864    (2)    3 :  0.210 0.221 0.089 0.151 0.328 
352 z0196894    (0)    3 :  0.313 0.055 0.189 0.187 0.257 
353 z0197662    (3)    1 :  0.238 0.164 0.118 0.139 0.341 
354 z0197665    (2)    1 :  0.175 0.098 0.504 0.175 0.049 
355 z0197668   (20)    3 :  0.205 0.105 0.114 0.438 0.139 
356 z0197669    (1)    3 :  0.106 0.170 0.126 0.180 0.418 
357 z0197672    (1)    3 :  0.130 0.156 0.403 0.175 0.137 


Estimated Allele Frequencies in each cluster
First column gives estimated ancestral frequencies


Locus 1 : HI.v.HI.SEAK 
5 alleles
66.2% missing data
   0   (0.209) 0.103 0.192 0.103 0.286 0.256 
   4   (0.382) 0.701 0.049 0.678 0.335 0.214 
   1   (0.208) 0.093 0.706 0.065 0.192 0.277 
   2   (0.052) 0.020 0.025 0.014 0.031 0.054 
   3   (0.149) 0.084 0.027 0.141 0.156 0.199 

Locus 2 : Mnov_gtseq_1 
2 alleles
0.0% missing data
   0   (0.415) 0.400 0.295 0.361 0.468 0.467 
   1   (0.585) 0.600 0.705 0.639 0.532 0.533 

Locus 3 : Mnov_gtseq_10 
2 alleles
0.3% missing data
   0   (0.810) 0.668 0.933 0.709 0.920 0.904 
   1   (0.190) 0.332 0.067 0.291 0.080 0.096 

Locus 4 : Mnov_gtseq_102 
2 alleles
0.8% missing data
   0   (0.565) 0.617 0.746 0.400 0.541 0.588 
   1   (0.435) 0.383 0.254 0.600 0.459 0.412 

Locus 5 : Mnov_gtseq_104 
2 alleles
0.3% missing data
   0   (0.855) 0.841 0.950 0.679 0.955 0.920 
   1   (0.145) 0.159 0.050 0.321 0.045 0.080 

Locus 6 : Mnov_gtseq_106 
2 alleles
15.4% missing data
   1   (0.758) 0.758 0.766 0.829 0.698 0.842 
   0   (0.242) 0.242 0.234 0.171 0.302 0.158 

Locus 7 : Mnov_gtseq_107 
2 alleles
37.8% missing data
   1   (0.220) 0.127 0.426 0.149 0.085 0.437 
   0   (0.780) 0.873 0.574 0.851 0.915 0.563 

Locus 8 : Mnov_gtseq_111 
2 alleles
39.2% missing data
   1   (0.700) 0.754 0.425 0.537 0.838 0.826 
   0   (0.300) 0.246 0.575 0.463 0.162 0.174 

Locus 9 : Mnov_gtseq_112 
2 alleles
1.1% missing data
   0   (0.604) 0.506 0.759 0.823 0.397 0.603 
   1   (0.396) 0.494 0.241 0.177 0.603 0.397 

Locus 10 : Mnov_gtseq_113 
2 alleles
1.7% missing data
   1   (0.704) 0.708 0.633 0.828 0.651 0.768 
   0   (0.296) 0.292 0.367 0.172 0.349 0.232 

Locus 11 : Mnov_gtseq_114 
2 alleles
4.5% missing data
   0   (0.538) 0.630 0.242 0.573 0.451 0.675 
   1   (0.462) 0.370 0.758 0.427 0.549 0.325 

Locus 12 : Mnov_gtseq_117 
2 alleles
27.2% missing data
   0   (0.634) 0.592 0.892 0.543 0.664 0.573 
   1   (0.366) 0.408 0.108 0.457 0.336 0.427 

Locus 13 : Mnov_gtseq_118 
2 alleles
8.1% missing data
   0   (0.718) 0.752 0.890 0.483 0.758 0.761 
   1   (0.282) 0.248 0.110 0.517 0.242 0.239 

Locus 14 : Mnov_gtseq_12 
2 alleles
0.3% missing data
   0   (0.458) 0.381 0.274 0.579 0.695 0.312 
   1   (0.542) 0.619 0.726 0.421 0.305 0.688 

Locus 15 : Mnov_gtseq_124 
2 alleles
4.8% missing data
   1   (0.770) 0.596 0.881 0.749 0.895 0.847 
   0   (0.230) 0.404 0.119 0.251 0.105 0.153 

Locus 16 : Mnov_gtseq_125 
2 alleles
1.1% missing data
   1   (0.889) 0.917 0.639 0.986 0.956 0.860 
   0   (0.111) 0.083 0.361 0.014 0.044 0.140 

Locus 17 : Mnov_gtseq_126 
2 alleles
0.0% missing data
   0   (0.346) 0.427 0.277 0.092 0.528 0.401 
   1   (0.654) 0.573 0.723 0.908 0.472 0.599 

Locus 18 : Mnov_gtseq_127 
2 alleles
7.0% missing data
   0   (0.614) 0.624 0.447 0.743 0.638 0.590 
   1   (0.386) 0.376 0.553 0.257 0.362 0.410 

Locus 19 : Mnov_gtseq_128 
2 alleles
31.4% missing data
   0   (0.689) 0.724 0.676 0.834 0.669 0.617 
   1   (0.311) 0.276 0.324 0.166 0.331 0.383 

Locus 20 : Mnov_gtseq_129 
2 alleles
2.0% missing data
   0   (0.511) 0.488 0.558 0.466 0.255 0.768 
   1   (0.489) 0.512 0.442 0.534 0.745 0.232 

Locus 21 : Mnov_gtseq_13 
2 alleles
0.0% missing data
   0   (0.575) 0.417 0.590 0.508 0.827 0.596 
   1   (0.425) 0.583 0.410 0.492 0.173 0.404 

Locus 22 : Mnov_gtseq_130 
2 alleles
28.9% missing data
   1   (0.508) 0.544 0.495 0.442 0.690 0.372 
   0   (0.492) 0.456 0.505 0.558 0.310 0.628 

Locus 23 : Mnov_gtseq_135 
2 alleles
0.6% missing data
   1   (0.459) 0.346 0.579 0.479 0.365 0.541 
   0   (0.541) 0.654 0.421 0.521 0.635 0.459 

Locus 24 : Mnov_gtseq_138 
2 alleles
0.6% missing data
   0   (0.473) 0.551 0.345 0.384 0.409 0.579 
   1   (0.527) 0.449 0.655 0.616 0.591 0.421 

Locus 25 : Mnov_gtseq_140 
2 alleles
1.1% missing data
   0   (0.438) 0.409 0.618 0.413 0.189 0.609 
   1   (0.562) 0.591 0.382 0.587 0.811 0.391 

Locus 26 : Mnov_gtseq_141 
2 alleles
0.3% missing data
   0   (0.553) 0.564 0.545 0.726 0.394 0.559 
   1   (0.447) 0.436 0.455 0.274 0.606 0.441 

Locus 27 : Mnov_gtseq_143 
2 alleles
2.8% missing data
   1   (0.553) 0.667 0.508 0.668 0.339 0.553 
   0   (0.447) 0.333 0.492 0.332 0.661 0.447 

Locus 28 : Mnov_gtseq_145 
2 alleles
2.0% missing data
   0   (0.455) 0.411 0.543 0.616 0.378 0.351 
   1   (0.545) 0.589 0.457 0.384 0.622 0.649 

Locus 29 : Mnov_gtseq_147 
2 alleles
26.3% missing data
   0   (0.782) 0.928 0.411 0.836 0.737 0.816 
   1   (0.218) 0.072 0.589 0.164 0.263 0.184 

Locus 30 : Mnov_gtseq_148 
2 alleles
9.2% missing data
   0   (0.309) 0.356 0.110 0.218 0.451 0.289 
   1   (0.691) 0.644 0.890 0.782 0.549 0.711 

Locus 31 : Mnov_gtseq_149 
2 alleles
0.6% missing data
   0   (0.595) 0.663 0.554 0.574 0.556 0.634 
   1   (0.405) 0.337 0.446 0.426 0.444 0.366 

Locus 32 : Mnov_gtseq_15 
2 alleles
0.0% missing data
   0   (0.471) 0.391 0.440 0.639 0.489 0.378 
   1   (0.529) 0.609 0.560 0.361 0.511 0.622 

Locus 33 : Mnov_gtseq_152 
2 alleles
0.8% missing data
   0   (0.332) 0.191 0.342 0.394 0.239 0.484 
   1   (0.668) 0.809 0.658 0.606 0.761 0.516 

Locus 34 : Mnov_gtseq_154 
2 alleles
3.4% missing data
   0   (0.552) 0.558 0.409 0.655 0.570 0.528 
   1   (0.448) 0.442 0.591 0.345 0.430 0.472 

Locus 35 : Mnov_gtseq_155 
2 alleles
41.7% missing data
   0   (0.658) 0.650 0.672 0.664 0.632 0.760 
   1   (0.342) 0.350 0.328 0.336 0.368 0.240 

Locus 36 : Mnov_gtseq_157 
2 alleles
0.6% missing data
   1   (0.552) 0.482 0.630 0.576 0.490 0.648 
   0   (0.448) 0.518 0.370 0.424 0.510 0.352 

Locus 37 : Mnov_gtseq_158 
2 alleles
0.6% missing data
   0   (0.393) 0.525 0.068 0.731 0.401 0.224 
   1   (0.607) 0.475 0.932 0.269 0.599 0.776 

Locus 38 : Mnov_gtseq_159 
2 alleles
24.6% missing data
   0   (0.605) 0.779 0.386 0.685 0.488 0.581 
   1   (0.395) 0.221 0.614 0.315 0.512 0.419 

Locus 39 : Mnov_gtseq_16 
2 alleles
0.0% missing data
   0   (0.632) 0.507 0.494 0.712 0.792 0.695 
   1   (0.368) 0.493 0.506 0.288 0.208 0.305 

Locus 40 : Mnov_gtseq_160 
2 alleles
2.5% missing data
   0   (0.493) 0.635 0.374 0.468 0.443 0.465 
   1   (0.507) 0.365 0.626 0.532 0.557 0.535 

Locus 41 : Mnov_gtseq_161 
2 alleles
2.0% missing data
   1   (0.752) 0.733 0.796 0.704 0.808 0.857 
   0   (0.248) 0.267 0.204 0.296 0.192 0.143 

Locus 42 : Mnov_gtseq_162 
2 alleles
2.2% missing data
   1   (0.418) 0.252 0.465 0.677 0.244 0.526 
   0   (0.582) 0.748 0.535 0.323 0.756 0.474 

Locus 43 : Mnov_gtseq_167 
2 alleles
1.1% missing data
   1   (0.789) 0.754 0.852 0.730 0.832 0.901 
   0   (0.211) 0.246 0.148 0.270 0.168 0.099 

Locus 44 : Mnov_gtseq_17 
2 alleles
0.0% missing data
   0   (0.513) 0.438 0.488 0.676 0.591 0.399 
   1   (0.487) 0.562 0.512 0.324 0.409 0.601 

Locus 45 : Mnov_gtseq_170 
2 alleles
0.0% missing data
   0   (0.314) 0.292 0.174 0.244 0.337 0.388 
   1   (0.686) 0.708 0.826 0.756 0.663 0.612 

Locus 46 : Mnov_gtseq_171 
2 alleles
42.0% missing data
   1   (0.687) 0.739 0.728 0.531 0.758 0.739 
   0   (0.313) 0.261 0.272 0.469 0.242 0.261 

Locus 47 : Mnov_gtseq_173 
2 alleles
21.8% missing data
   1   (0.487) 0.382 0.776 0.227 0.707 0.462 
   0   (0.513) 0.618 0.224 0.773 0.293 0.538 

Locus 48 : Mnov_gtseq_174 
2 alleles
2.8% missing data
   0   (0.300) 0.223 0.505 0.232 0.274 0.270 
   1   (0.700) 0.777 0.495 0.768 0.726 0.730 

Locus 49 : Mnov_gtseq_180 
2 alleles
14.0% missing data
   0   (0.647) 0.714 0.924 0.557 0.299 0.730 
   1   (0.353) 0.286 0.076 0.443 0.701 0.270 

Locus 50 : Mnov_gtseq_182 
2 alleles
9.0% missing data
   0   (0.820) 0.847 0.798 0.652 0.944 0.905 
   1   (0.180) 0.153 0.202 0.348 0.056 0.095 

Locus 51 : Mnov_gtseq_186 
2 alleles
27.7% missing data
   0   (0.520) 0.523 0.499 0.556 0.595 0.433 
   1   (0.480) 0.477 0.501 0.444 0.405 0.567 

Locus 52 : Mnov_gtseq_187 
2 alleles
7.6% missing data
   1   (0.578) 0.572 0.823 0.644 0.547 0.387 
   0   (0.422) 0.428 0.177 0.356 0.453 0.613 

Locus 53 : Mnov_gtseq_188 
2 alleles
13.4% missing data
   0   (0.568) 0.291 0.659 0.516 0.858 0.596 
   1   (0.432) 0.709 0.341 0.484 0.142 0.404 

Locus 54 : Mnov_gtseq_189 
2 alleles
3.6% missing data
   0   (0.447) 0.450 0.468 0.599 0.194 0.533 
   1   (0.553) 0.550 0.532 0.401 0.806 0.467 

Locus 55 : Mnov_gtseq_19 
2 alleles
0.0% missing data
   1   (0.929) 0.980 0.760 0.993 0.843 0.981 
   0   (0.071) 0.020 0.240 0.007 0.157 0.019 

Locus 56 : Mnov_gtseq_190 
2 alleles
0.0% missing data
   1   (0.419) 0.454 0.308 0.367 0.423 0.436 
   0   (0.581) 0.546 0.692 0.633 0.577 0.564 

Locus 57 : Mnov_gtseq_191 
2 alleles
26.3% missing data
   0   (0.892) 0.806 0.989 0.925 0.829 0.969 
   1   (0.108) 0.194 0.011 0.075 0.171 0.031 

Locus 58 : Mnov_gtseq_192 
2 alleles
21.0% missing data
   0   (0.807) 0.808 0.784 0.790 0.890 0.893 
   1   (0.193) 0.192 0.216 0.210 0.110 0.107 

Locus 59 : Mnov_gtseq_193 
2 alleles
0.0% missing data
   0   (0.713) 0.682 0.743 0.771 0.564 0.868 
   1   (0.287) 0.318 0.257 0.229 0.436 0.132 

Locus 60 : Mnov_gtseq_195 
2 alleles
0.0% missing data
   0   (0.552) 0.547 0.474 0.374 0.739 0.623 
   1   (0.448) 0.453 0.526 0.626 0.261 0.377 

Locus 61 : Mnov_gtseq_196 
2 alleles
0.3% missing data
   0   (0.317) 0.227 0.126 0.513 0.463 0.228 
   1   (0.683) 0.773 0.874 0.487 0.537 0.772 

Locus 62 : Mnov_gtseq_197 
3 alleles
0.3% missing data
   1   (0.388) 0.305 0.266 0.498 0.377 0.407 
   0   (0.433) 0.554 0.670 0.408 0.200 0.450 
   2   (0.179) 0.141 0.064 0.095 0.423 0.143 

Locus 63 : Mnov_gtseq_2 
2 alleles
0.3% missing data
   0   (0.206) 0.243 0.198 0.055 0.166 0.276 
   1   (0.794) 0.757 0.802 0.945 0.834 0.724 

Locus 64 : Mnov_gtseq_200 
2 alleles
2.8% missing data
   0   (0.412) 0.342 0.699 0.299 0.255 0.545 
   1   (0.588) 0.658 0.301 0.701 0.745 0.455 

Locus 65 : Mnov_gtseq_201 
2 alleles
0.0% missing data
   0   (0.872) 0.789 0.980 0.750 0.910 0.963 
   1   (0.128) 0.211 0.020 0.250 0.090 0.037 

Locus 66 : Mnov_gtseq_202 
2 alleles
0.0% missing data
   0   (0.430) 0.460 0.650 0.412 0.308 0.347 
   1   (0.570) 0.540 0.350 0.588 0.692 0.653 

Locus 67 : Mnov_gtseq_204 
2 alleles
3.9% missing data
   0   (0.444) 0.393 0.621 0.485 0.480 0.307 
   1   (0.556) 0.607 0.379 0.515 0.520 0.693 

Locus 68 : Mnov_gtseq_205 
3 alleles
0.0% missing data
   0   (0.235) 0.207 0.232 0.305 0.201 0.131 
   2   (0.695) 0.771 0.695 0.671 0.725 0.833 
   1   (0.069) 0.022 0.073 0.023 0.074 0.036 

Locus 69 : Mnov_gtseq_208 
2 alleles
0.0% missing data
   0   (0.628) 0.742 0.340 0.708 0.540 0.714 
   1   (0.372) 0.258 0.660 0.292 0.460 0.286 

Locus 70 : Mnov_gtseq_209 
2 alleles
0.0% missing data
   0   (0.452) 0.352 0.576 0.427 0.323 0.609 
   1   (0.548) 0.648 0.424 0.573 0.677 0.391 

Locus 71 : Mnov_gtseq_21 
2 alleles
0.0% missing data
   1   (0.533) 0.614 0.288 0.613 0.594 0.471 
   0   (0.467) 0.386 0.712 0.387 0.406 0.529 

Locus 72 : Mnov_gtseq_210 
2 alleles
5.0% missing data
   0   (0.391) 0.343 0.210 0.652 0.376 0.302 
   1   (0.609) 0.657 0.790 0.348 0.624 0.698 

Locus 73 : Mnov_gtseq_213 
2 alleles
5.6% missing data
   0   (0.508) 0.625 0.332 0.539 0.417 0.547 
   1   (0.492) 0.375 0.668 0.461 0.583 0.453 

Locus 74 : Mnov_gtseq_214 
2 alleles
5.3% missing data
   0   (0.546) 0.608 0.761 0.471 0.374 0.570 
   1   (0.454) 0.392 0.239 0.529 0.626 0.430 

Locus 75 : Mnov_gtseq_215 
2 alleles
0.0% missing data
   0   (0.457) 0.294 0.477 0.411 0.384 0.726 
   1   (0.543) 0.706 0.523 0.589 0.616 0.274 

Locus 76 : Mnov_gtseq_216 
2 alleles
0.0% missing data
   1   (0.539) 0.417 0.586 0.430 0.612 0.711 
   0   (0.461) 0.583 0.414 0.570 0.388 0.289 

Locus 77 : Mnov_gtseq_217 
2 alleles
24.4% missing data
   0   (0.314) 0.340 0.131 0.314 0.238 0.398 
   1   (0.686) 0.660 0.869 0.686 0.762 0.602 

Locus 78 : Mnov_gtseq_218 
2 alleles
0.3% missing data
   0   (0.613) 0.578 0.763 0.316 0.775 0.717 
   1   (0.387) 0.422 0.237 0.684 0.225 0.283 

Locus 79 : Mnov_gtseq_22 
2 alleles
3.9% missing data
   1   (0.589) 0.586 0.766 0.525 0.536 0.633 
   0   (0.411) 0.414 0.234 0.475 0.464 0.367 

Locus 80 : Mnov_gtseq_220 
2 alleles
0.3% missing data
   0   (0.533) 0.517 0.677 0.446 0.607 0.507 
   1   (0.467) 0.483 0.323 0.554 0.393 0.493 

Locus 81 : Mnov_gtseq_222 
2 alleles
14.3% missing data
   0   (0.520) 0.462 0.648 0.182 0.749 0.661 
   1   (0.480) 0.538 0.352 0.818 0.251 0.339 

Locus 82 : Mnov_gtseq_223 
2 alleles
2.5% missing data
   0   (0.645) 0.483 0.602 0.820 0.656 0.730 
   1   (0.355) 0.517 0.398 0.180 0.344 0.270 

Locus 83 : Mnov_gtseq_225 
2 alleles
0.0% missing data
   0   (0.517) 0.654 0.484 0.576 0.307 0.526 
   1   (0.483) 0.346 0.516 0.424 0.693 0.474 

Locus 84 : Mnov_gtseq_227 
2 alleles
0.3% missing data
   0   (0.518) 0.390 0.712 0.459 0.693 0.452 
   1   (0.482) 0.610 0.288 0.541 0.307 0.548 

Locus 85 : Mnov_gtseq_229 
2 alleles
0.8% missing data
   1   (0.536) 0.455 0.698 0.548 0.598 0.502 
   0   (0.464) 0.545 0.302 0.452 0.402 0.498 

Locus 86 : Mnov_gtseq_230 
2 alleles
10.4% missing data
   0   (0.785) 0.552 0.867 0.705 0.941 0.891 
   1   (0.215) 0.448 0.133 0.295 0.059 0.109 

Locus 87 : Mnov_gtseq_232 
2 alleles
0.0% missing data
   0   (0.487) 0.470 0.790 0.454 0.336 0.466 
   1   (0.513) 0.530 0.210 0.546 0.664 0.534 

Locus 88 : Mnov_gtseq_234 
2 alleles
9.8% missing data
   0   (0.727) 0.725 0.863 0.698 0.733 0.761 
   1   (0.273) 0.275 0.137 0.302 0.267 0.239 

Locus 89 : Mnov_gtseq_235 
2 alleles
0.3% missing data
   0   (0.783) 0.739 0.898 0.700 0.887 0.832 
   1   (0.217) 0.261 0.102 0.300 0.113 0.168 

Locus 90 : Mnov_gtseq_237 
2 alleles
0.3% missing data
   0   (0.558) 0.545 0.773 0.390 0.446 0.693 
   1   (0.442) 0.455 0.227 0.610 0.554 0.307 

Locus 91 : Mnov_gtseq_238 
2 alleles
0.0% missing data
   0   (0.620) 0.579 0.874 0.686 0.601 0.466 
   1   (0.380) 0.421 0.126 0.314 0.399 0.534 

Locus 92 : Mnov_gtseq_239 
2 alleles
0.0% missing data
   0   (0.722) 0.707 0.700 0.676 0.732 0.871 
   1   (0.278) 0.293 0.300 0.324 0.268 0.129 

Locus 93 : Mnov_gtseq_240 
2 alleles
0.0% missing data
   1   (0.407) 0.534 0.378 0.216 0.355 0.481 
   0   (0.593) 0.466 0.622 0.784 0.645 0.519 

Locus 94 : Mnov_gtseq_241 
2 alleles
0.0% missing data
   0   (0.843) 0.910 0.810 0.749 0.891 0.936 
   1   (0.157) 0.090 0.190 0.251 0.109 0.064 

Locus 95 : Mnov_gtseq_243 
2 alleles
0.0% missing data
   0   (0.587) 0.650 0.611 0.429 0.707 0.553 
   1   (0.413) 0.350 0.389 0.571 0.293 0.447 

Locus 96 : Mnov_gtseq_244 
2 alleles
0.0% missing data
   0   (0.342) 0.276 0.462 0.441 0.171 0.358 
   1   (0.658) 0.724 0.538 0.559 0.829 0.642 

Locus 97 : Mnov_gtseq_245 
2 alleles
20.7% missing data
   1   (0.513) 0.544 0.659 0.506 0.358 0.555 
   0   (0.487) 0.456 0.341 0.494 0.642 0.445 

Locus 98 : Mnov_gtseq_246 
2 alleles
0.3% missing data
   0   (0.452) 0.606 0.557 0.437 0.179 0.465 
   1   (0.548) 0.394 0.443 0.563 0.821 0.535 

Locus 99 : Mnov_gtseq_247 
2 alleles
3.4% missing data
   0   (0.294) 0.404 0.180 0.177 0.464 0.156 
   1   (0.706) 0.596 0.820 0.823 0.536 0.844 

Locus 100 : Mnov_gtseq_248 
2 alleles
0.3% missing data
   0   (0.240) 0.151 0.399 0.075 0.299 0.324 
   1   (0.760) 0.849 0.601 0.925 0.701 0.676 

Locus 101 : Mnov_gtseq_25 
2 alleles
0.3% missing data
   0   (0.449) 0.314 0.698 0.573 0.285 0.493 
   1   (0.551) 0.686 0.302 0.427 0.715 0.507 

Locus 102 : Mnov_gtseq_250 
2 alleles
3.9% missing data
   0   (0.776) 0.905 0.719 0.640 0.878 0.729 
   1   (0.224) 0.095 0.281 0.360 0.122 0.271 

Locus 103 : Mnov_gtseq_251 
2 alleles
2.0% missing data
   1   (0.211) 0.302 0.178 0.079 0.115 0.256 
   0   (0.789) 0.698 0.822 0.921 0.885 0.744 

Locus 104 : Mnov_gtseq_253 
2 alleles
16.2% missing data
   0   (0.474) 0.376 0.461 0.341 0.656 0.566 
   1   (0.526) 0.624 0.539 0.659 0.344 0.434 

Locus 105 : Mnov_gtseq_254 
2 alleles
0.0% missing data
   1   (0.905) 0.841 0.990 0.941 0.920 0.966 
   0   (0.095) 0.159 0.010 0.059 0.080 0.034 

Locus 106 : Mnov_gtseq_255 
2 alleles
0.0% missing data
   0   (0.357) 0.304 0.534 0.405 0.246 0.315 
   1   (0.643) 0.696 0.466 0.595 0.754 0.685 

Locus 107 : Mnov_gtseq_257 
2 alleles
0.0% missing data
   0   (0.620) 0.726 0.395 0.752 0.470 0.675 
   1   (0.380) 0.274 0.605 0.248 0.530 0.325 

Locus 108 : Mnov_gtseq_258 
2 alleles
0.0% missing data
   0   (0.523) 0.507 0.661 0.354 0.717 0.442 
   1   (0.477) 0.493 0.339 0.646 0.283 0.558 

Locus 109 : Mnov_gtseq_26 
2 alleles
0.0% missing data
   1   (0.898) 0.824 0.972 0.956 0.941 0.935 
   0   (0.102) 0.176 0.028 0.044 0.059 0.065 

Locus 110 : Mnov_gtseq_260 
2 alleles
0.3% missing data
   0   (0.752) 0.760 0.785 0.894 0.692 0.740 
