

----------------------------------------------------
STRUCTURE by Pritchard, Stephens and Donnelly (2000)
     and Falush, Stephens and Pritchard (2003)
       Code by Pritchard, Falush and Hubisz
             Version 2.3.4 (Jul 2012)
----------------------------------------------------



Command line arguments:   structure -m wint.area.structureRun/wint.area.structureRun.k4.r1_mainparams -e wint.area.structureRun/wint.area.structureRun.k4.r1_extraparams -i wint.area.structureRun/wint.area.structureRun.k4.r1_data -o wint.area.structureRun/wint.area.structureRun.k4.r1_out 
Input File:    wint.area.structureRun/wint.area.structureRun.k4.r1_data

Run parameters:
   350 individuals
   298 loci
   4 populations assumed
   1000 Burn-in period
   10000 Reps


--------------------------------------------
Proportion of membership of each pre-defined
 population in each of the 4 clusters

Given    Inferred Clusters              Number of
 Pop       1      2      3      4      Individuals

  1:     0.218  0.289  0.126  0.367       77
  2:     0.182  0.193  0.464  0.161      124
  3:     0.237  0.323  0.192  0.247      113
  4:     0.230  0.262  0.306  0.202       27
  5:     0.761  0.083  0.073  0.083        9
--------------------------------------------

Allele-freq. divergence among pops (Net nucleotide distance),
computed using point estimates of P.

      1       2       3       4      
 1      -    0.0157  0.0329  0.0221  
 2   0.0157     -    0.0287  0.0139  
 3   0.0329  0.0287     -    0.0359  
 4   0.0221  0.0139  0.0359     -    

Average distances (expected heterozygosity) between individuals in same cluster:
cluster  1  : 0.4346 
cluster  2  : 0.4490 
cluster  3  : 0.4239 
cluster  4  : 0.4397 

--------------------------------------------
Estimated Ln Prob of Data   = -138075.1
Mean value of ln likelihood = -134731.2
Variance of ln likelihood   = 6687.8
Mean value of alpha         = 1.0000

Mean value of Fst_1         = 0.0692
Mean value of Fst_2         = 0.0472
Mean value of Fst_3         = 0.1278
Mean value of Fst_4         = 0.0803


Inferred ancestry of individuals:
        Label (%Miss) Pop:  Inferred clusters
  1   207778    (1)    2 :  0.110 0.180 0.522 0.187 
  2 z0005757    (7)    3 :  0.204 0.226 0.166 0.405 
  3 z0005758    (0)    3 :  0.224 0.172 0.158 0.445 
  4 z0011944    (0)    1 :  0.809 0.037 0.111 0.042 
  5 z0012702    (8)    4 :  0.178 0.097 0.670 0.054 
  6 z0016577    (1)    3 :  0.134 0.347 0.261 0.258 
  7 z0016578   (20)    1 :  0.145 0.662 0.066 0.127 
  8 z0016579    (1)    3 :  0.344 0.251 0.170 0.234 
  9 z0018264    (0)    1 :  0.731 0.076 0.108 0.085 
 10 z0029828    (2)    3 :  0.098 0.609 0.121 0.171 
 11 z0029829   (13)    1 :  0.070 0.671 0.071 0.188 
 12 z0029846    (0)    1 :  0.149 0.393 0.213 0.245 
 13 z0029860    (0)    3 :  0.086 0.547 0.159 0.208 
 14 z0029863    (1)    1 :  0.492 0.278 0.139 0.091 
 15 z0029864    (8)    1 :  0.452 0.312 0.124 0.113 
 16 z0029865   (12)    3 :  0.155 0.236 0.070 0.539 
 17 z0037607    (1)    3 :  0.432 0.244 0.240 0.084 
 18 z0037609   (23)    3 :  0.259 0.403 0.138 0.200 
 19 z0037624   (20)    1 :  0.133 0.149 0.174 0.545 
 20 z0038417    (7)    2 :  0.164 0.081 0.648 0.108 
 21 z0040275    (8)    2 :  0.195 0.151 0.576 0.077 
 22 z0040287    (3)    2 :  0.344 0.273 0.237 0.146 
 23 z0040308    (0)    2 :  0.082 0.175 0.563 0.181 
 24 z0040333    (1)    2 :  0.126 0.288 0.457 0.129 
 25 z0040334    (1)    2 :  0.116 0.057 0.740 0.087 
 26 z0040337    (4)    2 :  0.273 0.270 0.339 0.118 
 27 z0040345    (1)    2 :  0.182 0.092 0.629 0.097 
 28 z0040357    (5)    2 :  0.156 0.157 0.486 0.201 
 29 z0040363   (19)    2 :  0.159 0.128 0.491 0.222 
 30 z0040364    (0)    2 :  0.092 0.096 0.712 0.100 
 31 z0040387    (0)    2 :  0.201 0.147 0.492 0.160 
 32 z0040403   (15)    2 :  0.205 0.208 0.373 0.213 
 33 z0040439    (0)    2 :  0.193 0.077 0.678 0.052 
 34 z0040465   (20)    2 :  0.097 0.403 0.371 0.129 
 35 z0040513   (24)    3 :  0.180 0.410 0.209 0.201 
 36 z0040961   (11)    2 :  0.336 0.150 0.365 0.149 
 37 z0040985   (14)    2 :  0.207 0.269 0.322 0.202 
 38 z0041026    (0)    2 :  0.139 0.230 0.475 0.156 
 39 z0041051   (30)    2 :  0.293 0.096 0.488 0.123 
 40 z0041115    (7)    2 :  0.079 0.118 0.498 0.305 
 41 z0041153   (23)    2 :  0.238 0.221 0.353 0.188 
 42 z0041233    (3)    2 :  0.115 0.240 0.406 0.240 
 43 z0041243    (0)    2 :  0.195 0.178 0.463 0.164 
 44 z0041248    (5)    2 :  0.212 0.096 0.538 0.154 
 45 z0041250    (1)    2 :  0.140 0.134 0.628 0.099 
 46 z0041274    (1)    2 :  0.226 0.326 0.304 0.144 
 47 z0041465   (16)    2 :  0.043 0.169 0.495 0.293 
 48 z0041472    (2)    2 :  0.108 0.154 0.444 0.294 
 49 z0041480    (9)    2 :  0.113 0.231 0.426 0.231 
 50 z0041483    (0)    2 :  0.076 0.093 0.636 0.195 
 51 z0041494   (12)    2 :  0.171 0.219 0.524 0.085 
 52 z0041498    (1)    2 :  0.146 0.172 0.528 0.153 
 53 z0041501    (1)    2 :  0.174 0.173 0.601 0.051 
 54 z0041507    (6)    2 :  0.191 0.152 0.528 0.129 
 55 z0041512    (0)    2 :  0.170 0.148 0.605 0.077 
 56 z0041522   (15)    2 :  0.210 0.145 0.483 0.162 
 57 z0041526    (0)    3 :  0.061 0.158 0.642 0.139 
 58 z0041527   (14)    2 :  0.101 0.245 0.426 0.229 
 59 z0043243    (1)    2 :  0.357 0.172 0.151 0.321 
 60 z0043278    (0)    2 :  0.209 0.135 0.570 0.086 
 61 z0043475   (16)    3 :  0.173 0.212 0.409 0.206 
 62 z0043477    (0)    2 :  0.283 0.143 0.402 0.172 
 63 z0043478    (2)    2 :  0.131 0.058 0.665 0.146 
 64 z0043481    (0)    2 :  0.159 0.118 0.585 0.138 
 65 z0043489    (5)    2 :  0.222 0.106 0.597 0.075 
 66 z0043491   (12)    2 :  0.277 0.227 0.354 0.143 
 67 z0043493    (2)    2 :  0.277 0.279 0.254 0.190 
 68 z0043494    (1)    2 :  0.123 0.318 0.445 0.114 
 69 z0043498    (1)    2 :  0.094 0.161 0.645 0.100 
 70 z0043504    (7)    2 :  0.294 0.118 0.353 0.235 
 71 z0043526    (3)    4 :  0.384 0.194 0.304 0.118 
 72 z0043566    (2)    2 :  0.133 0.116 0.532 0.219 
 73 z0043572    (0)    2 :  0.148 0.143 0.567 0.141 
 74 z0043599    (2)    2 :  0.118 0.324 0.383 0.175 
 75 z0043642    (0)    2 :  0.130 0.321 0.458 0.091 
 76 z0043649    (1)    2 :  0.123 0.138 0.619 0.121 
 77 z0043652    (1)    2 :  0.245 0.372 0.210 0.173 
 78 z0043668    (0)    2 :  0.137 0.132 0.397 0.335 
 79 z0043674    (0)    4 :  0.150 0.529 0.070 0.251 
 80 z0043686    (1)    2 :  0.251 0.121 0.485 0.143 
 81 z0043693    (1)    2 :  0.122 0.316 0.424 0.138 
 82 z0043704   (14)    2 :  0.093 0.100 0.723 0.083 
 83 z0043807    (1)    2 :  0.180 0.301 0.414 0.106 
 84 z0043819    (0)    2 :  0.294 0.257 0.199 0.250 
 85 z0043876    (7)    2 :  0.100 0.174 0.281 0.445 
 86 z0043877   (32)    2 :  0.106 0.195 0.377 0.322 
 87 z0043891   (21)    4 :  0.302 0.182 0.325 0.192 
 88 z0043915   (31)    2 :  0.355 0.168 0.296 0.181 
 89 z0043940   (10)    2 :  0.323 0.423 0.090 0.164 
 90 z0043954    (1)    2 :  0.235 0.305 0.277 0.183 
 91 z0043966    (5)    2 :  0.121 0.220 0.566 0.093 
 92 z0043980    (1)    2 :  0.162 0.217 0.374 0.247 
 93 z0044017   (11)    2 :  0.208 0.170 0.520 0.102 
 94 z0044019   (14)    2 :  0.134 0.148 0.397 0.321 
 95 z0044023   (35)    2 :  0.080 0.084 0.697 0.139 
 96 z0044033    (0)    2 :  0.043 0.072 0.818 0.066 
 97 z0044042    (3)    2 :  0.103 0.060 0.698 0.139 
 98 z0044047   (24)    2 :  0.132 0.177 0.576 0.116 
 99 z0044064   (13)    2 :  0.179 0.231 0.505 0.085 
100 z0044432   (14)    2 :  0.344 0.202 0.234 0.221 
101 z0045326    (0)    3 :  0.087 0.537 0.176 0.200 
102 z0045331    (5)    1 :  0.118 0.577 0.173 0.132 
103 z0045332    (1)    1 :  0.212 0.554 0.130 0.104 
104 z0045333    (6)    1 :  0.159 0.140 0.080 0.621 
105 z0045337    (4)    1 :  0.125 0.085 0.082 0.707 
106 z0045342   (12)    1 :  0.099 0.494 0.174 0.233 
107 z0045347    (1)    3 :  0.405 0.149 0.159 0.287 
108 z0045350    (0)    1 :  0.278 0.385 0.120 0.217 
109 z0045370    (0)    1 :  0.082 0.650 0.042 0.226 
110 z0045371    (1)    3 :  0.218 0.383 0.206 0.193 
111 z0045398    (1)    3 :  0.341 0.278 0.036 0.345 
112 z0045399    (1)    3 :  0.416 0.302 0.075 0.206 
113 z0045401   (23)    1 :  0.155 0.491 0.154 0.200 
114 z0045404    (0)    3 :  0.101 0.680 0.079 0.140 
115 z0045405    (4)    3 :  0.241 0.506 0.135 0.118 
116 z0045407    (1)    3 :  0.427 0.291 0.173 0.109 
117 z0045719    (0)    2 :  0.196 0.258 0.471 0.075 
118 z0045720    (1)    2 :  0.259 0.343 0.214 0.184 
119 z0045728    (0)    2 :  0.123 0.092 0.517 0.268 
120 z0045731    (0)    2 :  0.219 0.352 0.344 0.085 
121 z0045733    (0)    2 :  0.148 0.355 0.276 0.220 
122 z0045736    (1)    2 :  0.163 0.293 0.338 0.206 
123 z0045739    (1)    2 :  0.220 0.403 0.210 0.167 
124 z0045740    (1)    2 :  0.142 0.136 0.598 0.124 
125 z0045741    (0)    2 :  0.227 0.284 0.418 0.071 
126 z0045742    (0)    2 :  0.085 0.257 0.506 0.153 
127 z0045776    (0)    3 :  0.259 0.200 0.316 0.224 
128 z0045779    (0)    2 :  0.047 0.058 0.714 0.181 
129 z0045781    (0)    2 :  0.174 0.178 0.543 0.104 
130 z0045788    (5)    2 :  0.128 0.054 0.739 0.078 
131 z0045789    (2)    2 :  0.203 0.106 0.610 0.082 
132 z0045791    (4)    2 :  0.194 0.163 0.550 0.094 
133 z0045792   (22)    1 :  0.210 0.197 0.232 0.362 
134 z0045793    (0)    3 :  0.051 0.497 0.219 0.233 
135 z0047562   (14)    2 :  0.132 0.224 0.504 0.140 
136 z0047854    (1)    2 :  0.121 0.190 0.536 0.153 
137 z0051185    (0)    1 :  0.177 0.562 0.075 0.186 
138 z0051324    (0)    1 :  0.203 0.273 0.106 0.418 
139 z0051327    (3)    3 :  0.103 0.442 0.284 0.171 
140 z0051328    (1)    1 :  0.156 0.116 0.172 0.557 
141 z0051380    (0)    1 :  0.094 0.062 0.034 0.810 
142 z0051400    (0)    3 :  0.155 0.272 0.244 0.329 
143 z0051431   (21)    3 :  0.119 0.423 0.335 0.122 
144 z0051840   (33)    2 :  0.212 0.241 0.449 0.098 
145 z0051844   (27)    2 :  0.272 0.210 0.401 0.118 
146 z0051875   (28)    3 :  0.125 0.537 0.121 0.217 
147 z0051885    (7)    3 :  0.176 0.229 0.497 0.098 
148 z0051888    (0)    2 :  0.122 0.229 0.509 0.140 
149 z0051891    (0)    1 :  0.261 0.367 0.189 0.183 
150 z0051893    (2)    1 :  0.194 0.189 0.143 0.475 
151 z0051895    (0)    3 :  0.173 0.381 0.118 0.328 
152 z0051918    (0)    3 :  0.438 0.111 0.349 0.103 
153 z0051929    (1)    1 :  0.106 0.181 0.125 0.588 
154 z0051939   (11)    3 :  0.176 0.428 0.300 0.096 
155 z0051947    (3)    1 :  0.108 0.093 0.099 0.700 
156 z0051959    (1)    3 :  0.431 0.162 0.224 0.183 
157 z0052846    (0)    4 :  0.218 0.383 0.212 0.187 
158 z0052882    (1)    2 :  0.213 0.251 0.346 0.190 
159 z0053020   (20)    2 :  0.266 0.168 0.425 0.141 
160 z0053024   (12)    2 :  0.205 0.263 0.321 0.211 
161 z0053025    (3)    2 :  0.087 0.110 0.739 0.065 
162 z0053031    (0)    2 :  0.274 0.266 0.237 0.224 
163 z0053032    (0)    2 :  0.225 0.112 0.389 0.274 
164 z0053040    (5)    2 :  0.191 0.234 0.372 0.203 
165 z0053051    (0)    3 :  0.297 0.535 0.087 0.081 
166 z0053054    (5)    3 :  0.174 0.553 0.089 0.184 
167 z0053071    (2)    2 :  0.093 0.125 0.674 0.108 
168 z0053073    (1)    2 :  0.341 0.205 0.199 0.255 
169 z0053078    (0)    3 :  0.400 0.108 0.438 0.054 
170 z0053082    (1)    3 :  0.102 0.329 0.436 0.133 
171 z0053083   (12)    2 :  0.177 0.193 0.409 0.220 
172 z0053090   (10)    3 :  0.227 0.147 0.509 0.118 
173 z0053096    (0)    2 :  0.227 0.074 0.650 0.049 
174 z0053100    (6)    2 :  0.115 0.170 0.558 0.157 
175 z0053101    (0)    2 :  0.287 0.097 0.451 0.166 
176 z0053102    (8)    2 :  0.135 0.219 0.572 0.074 
177 z0053103    (0)    2 :  0.076 0.104 0.706 0.113 
178 z0053111    (2)    3 :  0.291 0.341 0.173 0.195 
179 z0053131    (0)    2 :  0.119 0.222 0.419 0.240 
180 z0053132    (0)    2 :  0.411 0.170 0.356 0.064 
181 z0053133    (0)    2 :  0.264 0.432 0.191 0.114 
182 z0053138    (0)    2 :  0.138 0.297 0.333 0.231 
183 z0053142    (2)    2 :  0.211 0.167 0.323 0.299 
184 z0053149    (0)    2 :  0.219 0.093 0.496 0.192 
185 z0053754    (1)    1 :  0.428 0.108 0.170 0.293 
186 z0053756    (1)    1 :  0.545 0.114 0.091 0.250 
187 z0053758   (17)    1 :  0.085 0.559 0.115 0.241 
188 z0053759    (0)    1 :  0.241 0.185 0.087 0.487 
189 z0053842    (1)    1 :  0.146 0.442 0.159 0.253 
190 z0053843    (6)    1 :  0.155 0.533 0.065 0.247 
191 z0053844    (7)    1 :  0.175 0.378 0.150 0.298 
192 z0053846    (2)    1 :  0.105 0.563 0.079 0.253 
193 z0053847    (0)    1 :  0.145 0.075 0.158 0.621 
194 z0053849    (1)    1 :  0.371 0.351 0.109 0.169 
195 z0055903    (1)    4 :  0.277 0.251 0.143 0.328 
196 z0055910   (34)    4 :  0.330 0.200 0.258 0.212 
197 z0055912    (7)    4 :  0.397 0.200 0.270 0.133 
198 z0055916   (15)    4 :  0.274 0.277 0.226 0.223 
199 z0055931    (2)    4 :  0.136 0.139 0.583 0.142 
200 z0055944    (3)    4 :  0.160 0.305 0.219 0.316 
201 z0055947    (9)    4 :  0.181 0.498 0.207 0.113 
202 z0055962    (6)    4 :  0.154 0.253 0.466 0.127 
203 z0055963   (21)    4 :  0.222 0.199 0.442 0.136 
204 z0055965   (25)    4 :  0.535 0.190 0.080 0.196 
205 z0055970   (15)    4 :  0.167 0.155 0.346 0.332 
206 z0055971    (7)    4 :  0.250 0.211 0.297 0.242 
207 z0055977    (6)    4 :  0.191 0.281 0.414 0.114 
208 z0055986   (19)    4 :  0.145 0.372 0.151 0.332 
209 z0055990    (6)    4 :  0.163 0.167 0.546 0.123 
210 z0055996    (2)    4 :  0.088 0.392 0.362 0.157 
211 z0055997    (3)    4 :  0.145 0.217 0.333 0.305 
212 z0055998    (4)    4 :  0.381 0.253 0.179 0.187 
213 z0055999    (2)    4 :  0.207 0.346 0.139 0.308 
214 z0056011    (7)    4 :  0.268 0.345 0.222 0.165 
215 z0056029    (4)    4 :  0.142 0.210 0.361 0.288 
216 z0056034    (0)    4 :  0.162 0.224 0.437 0.176 
217 z0056056   (25)    3 :  0.157 0.294 0.177 0.372 
218 z0056058    (5)    3 :  0.047 0.067 0.038 0.849 
219 z0056059    (8)    3 :  0.219 0.321 0.225 0.235 
220 z0056062    (1)    3 :  0.358 0.150 0.176 0.316 
221 z0056063    (4)    3 :  0.256 0.392 0.099 0.253 
222 z0056064    (0)    3 :  0.453 0.260 0.130 0.158 
223 z0056065    (0)    3 :  0.261 0.303 0.095 0.341 
224 z0056073    (0)    3 :  0.153 0.449 0.112 0.287 
225 z0056076    (4)    3 :  0.340 0.113 0.200 0.347 
226 z0056079    (9)    3 :  0.292 0.321 0.083 0.304 
227 z0056085    (0)    3 :  0.251 0.490 0.131 0.129 
228 z0056092    (1)    3 :  0.388 0.342 0.079 0.190 
229 z0056095    (1)    3 :  0.350 0.314 0.084 0.251 
230 z0056103    (7)    3 :  0.235 0.142 0.062 0.561 
231 z0056374    (7)    1 :  0.071 0.130 0.051 0.747 
232 z0056375    (0)    1 :  0.122 0.508 0.078 0.292 
233 z0056377    (0)    1 :  0.235 0.229 0.167 0.369 
234 z0056378    (0)    1 :  0.109 0.117 0.124 0.649 
235 z0056382    (0)    1 :  0.136 0.642 0.062 0.160 
236 z0056384    (3)    1 :  0.382 0.138 0.119 0.361 
237 z0056386    (7)    1 :  0.143 0.499 0.080 0.279 
238 z0056389    (0)    1 :  0.069 0.752 0.054 0.125 
239 z0056391    (1)    1 :  0.044 0.421 0.033 0.502 
240 z0056392   (11)    1 :  0.107 0.185 0.076 0.631 
241 z0056393    (8)    1 :  0.121 0.427 0.129 0.323 
242 z0056394    (0)    1 :  0.111 0.415 0.104 0.370 
243 z0056395    (1)    1 :  0.241 0.090 0.190 0.478 
244 z0056397    (0)    1 :  0.360 0.132 0.260 0.247 
245 z0061527    (2)    3 :  0.133 0.151 0.583 0.132 
246 z0061967    (1)    3 :  0.222 0.372 0.197 0.210 
247 z0061969    (0)    3 :  0.071 0.332 0.410 0.186 
248 z0061980    (1)    1 :  0.272 0.225 0.145 0.358 
249 z0066166    (3)    3 :  0.094 0.313 0.268 0.325 
250 z0066792    (2)    1 :  0.717 0.078 0.131 0.073 
251 z0066805    (1)    1 :  0.741 0.082 0.088 0.090 
252 z0068471    (2)    3 :  0.242 0.117 0.140 0.500 
253 z0075696    (6)    5 :  0.795 0.102 0.060 0.043 
254 z0101084    (7)    1 :  0.095 0.139 0.102 0.663 
255 z0107099    (2)    3 :  0.114 0.332 0.041 0.513 
256 z0107101    (0)    1 :  0.046 0.185 0.057 0.712 
257 z0108489    (0)    1 :  0.331 0.162 0.182 0.325 
258 z0108513    (0)    1 :  0.092 0.365 0.129 0.415 
259 z0108528    (0)    3 :  0.087 0.289 0.287 0.336 
260 z0113628    (1)    3 :  0.340 0.320 0.227 0.113 
261 z0133302   (16)    1 :  0.176 0.279 0.151 0.394 
262 z0173485    (1)    1 :  0.157 0.342 0.361 0.140 
263 z0175371    (1)    3 :  0.388 0.190 0.273 0.148 
264 z0175378    (0)    2 :  0.060 0.224 0.624 0.092 
265 z0175912    (0)    1 :  0.141 0.107 0.115 0.637 
266 z0175916    (1)    1 :  0.230 0.160 0.338 0.272 
267 z0175937    (1)    1 :  0.201 0.437 0.088 0.274 
268 z0178348   (12)    1 :  0.160 0.110 0.130 0.599 
269 z0187819    (7)    3 :  0.157 0.234 0.135 0.474 
270 z0187857    (1)    1 :  0.056 0.209 0.132 0.603 
271 z0187860    (0)    1 :  0.164 0.315 0.194 0.327 
272 z0187885    (0)    2 :  0.375 0.146 0.401 0.078 
273 z0187906    (9)    1 :  0.422 0.202 0.191 0.185 
274 z0195655    (0)    2 :  0.085 0.091 0.727 0.097 
275 z0195663    (0)    3 :  0.254 0.206 0.461 0.079 
276 z0195683    (1)    3 :  0.129 0.517 0.093 0.260 
277 z0195688    (0)    2 :  0.278 0.267 0.311 0.144 
278 z0195691    (0)    3 :  0.287 0.412 0.203 0.098 
279 z0195699    (0)    3 :  0.118 0.585 0.153 0.144 
280 z0195701    (7)    3 :  0.235 0.332 0.105 0.329 
281 z0195702    (0)    3 :  0.314 0.199 0.265 0.222 
282 z0195704    (0)    3 :  0.136 0.074 0.246 0.544 
283 z0195705    (0)    3 :  0.146 0.151 0.591 0.111 
284 z0195711    (0)    3 :  0.429 0.220 0.138 0.213 
285 z0195716    (0)    3 :  0.433 0.202 0.142 0.223 
286 z0195718   (12)    3 :  0.225 0.354 0.062 0.359 
287 z0195725    (5)    3 :  0.111 0.108 0.354 0.426 
288 z0195726   (16)    1 :  0.278 0.401 0.094 0.228 
289 z0195728   (14)    3 :  0.095 0.674 0.039 0.193 
290 z0195732   (16)    3 :  0.191 0.457 0.056 0.296 
291 z0195737    (0)    3 :  0.194 0.220 0.399 0.187 
292 z0195740   (26)    3 :  0.371 0.238 0.214 0.178 
293 z0195751    (1)    3 :  0.110 0.653 0.061 0.176 
294 z0195762    (1)    3 :  0.597 0.194 0.072 0.137 
295 z0195784    (0)    3 :  0.292 0.355 0.071 0.281 
296 z0196686    (0)    5 :  0.864 0.039 0.038 0.058 
297 z0196687    (0)    5 :  0.756 0.061 0.117 0.066 
298 z0196689    (0)    5 :  0.772 0.056 0.118 0.054 
299 z0196690    (2)    5 :  0.707 0.095 0.056 0.142 
300 z0196691    (7)    5 :  0.797 0.077 0.045 0.081 
301 z0196692    (1)    5 :  0.694 0.109 0.094 0.103 
302 z0196693    (1)    5 :  0.729 0.119 0.066 0.086 
303 z0196694    (1)    5 :  0.735 0.087 0.066 0.111 
304 z0196710    (0)    3 :  0.434 0.171 0.170 0.224 
305 z0196715   (22)    3 :  0.112 0.507 0.074 0.306 
306 z0196719    (0)    3 :  0.161 0.518 0.164 0.157 
307 z0196724   (20)    3 :  0.122 0.537 0.157 0.183 
308 z0196725    (0)    3 :  0.183 0.164 0.114 0.539 
309 z0196729    (1)    3 :  0.242 0.288 0.124 0.346 
310 z0196730    (3)    1 :  0.077 0.049 0.108 0.766 
311 z0196731    (0)    3 :  0.190 0.347 0.096 0.366 
312 z0196733   (13)    1 :  0.217 0.327 0.132 0.325 
313 z0196734    (1)    3 :  0.159 0.519 0.190 0.131 
314 z0196739   (17)    3 :  0.120 0.249 0.303 0.327 
315 z0196740   (11)    3 :  0.478 0.283 0.091 0.148 
316 z0196746    (1)    1 :  0.177 0.171 0.063 0.588 
317 z0196751    (0)    3 :  0.253 0.354 0.131 0.262 
318 z0196752    (0)    3 :  0.694 0.104 0.051 0.151 
319 z0196754    (0)    3 :  0.090 0.559 0.171 0.180 
320 z0196758    (1)    1 :  0.255 0.191 0.158 0.396 
321 z0196763    (1)    3 :  0.245 0.485 0.138 0.131 
322 z0196764    (0)    3 :  0.225 0.487 0.090 0.198 
323 z0196766    (0)    3 :  0.283 0.258 0.082 0.377 
324 z0196769    (1)    3 :  0.256 0.427 0.059 0.257 
325 z0196774    (0)    3 :  0.466 0.140 0.056 0.338 
326 z0196783    (0)    1 :  0.067 0.219 0.048 0.665 
327 z0196794    (2)    1 :  0.181 0.356 0.049 0.414 
328 z0196804   (14)    1 :  0.188 0.384 0.086 0.342 
329 z0196809    (0)    3 :  0.276 0.487 0.073 0.164 
330 z0196810    (1)    1 :  0.398 0.144 0.101 0.357 
331 z0196811    (0)    1 :  0.291 0.400 0.058 0.250 
332 z0196824    (0)    3 :  0.253 0.167 0.321 0.259 
333 z0196825    (0)    3 :  0.113 0.344 0.181 0.362 
334 z0196828    (1)    2 :  0.204 0.268 0.228 0.299 
335 z0196829    (0)    3 :  0.153 0.298 0.198 0.352 
336 z0196834   (26)    3 :  0.116 0.351 0.243 0.291 
337 z0196835    (0)    3 :  0.063 0.303 0.085 0.549 
338 z0196841   (20)    3 :  0.338 0.292 0.115 0.254 
339 z0196843   (25)    3 :  0.113 0.132 0.131 0.624 
340 z0196849    (0)    3 :  0.121 0.644 0.087 0.148 
341 z0196852    (0)    2 :  0.254 0.303 0.296 0.147 
342 z0196855    (0)    2 :  0.302 0.143 0.353 0.202 
343 z0196856    (0)    3 :  0.364 0.188 0.339 0.110 
344 z0196864    (1)    3 :  0.226 0.220 0.426 0.129 
345 z0196894    (0)    3 :  0.402 0.271 0.078 0.249 
346 z0197662    (2)    1 :  0.162 0.139 0.363 0.337 
347 z0197665    (2)    1 :  0.100 0.101 0.048 0.752 
348 z0197668   (20)    3 :  0.583 0.207 0.125 0.085 
349 z0197669    (0)    3 :  0.210 0.256 0.457 0.077 
350 z0197672    (1)    3 :  0.219 0.516 0.128 0.137 


Estimated Allele Frequencies in each cluster
First column gives estimated ancestral frequencies


Locus 1 : Mnov_gtseq_1 
2 alleles
0.0% missing data
   0   (0.422) 0.472 0.432 0.297 0.418 
   1   (0.578) 0.528 0.568 0.703 0.582 

Locus 2 : Mnov_gtseq_10 
2 alleles
0.3% missing data
   0   (0.805) 0.886 0.746 0.950 0.711 
   1   (0.195) 0.114 0.254 0.050 0.289 

Locus 3 : Mnov_gtseq_102 
2 alleles
0.9% missing data
   0   (0.550) 0.546 0.559 0.747 0.424 
   1   (0.450) 0.454 0.441 0.253 0.576 

Locus 4 : Mnov_gtseq_104 
2 alleles
0.3% missing data
   0   (0.852) 0.942 0.823 0.949 0.742 
   1   (0.148) 0.058 0.177 0.051 0.258 

Locus 5 : Mnov_gtseq_106 
2 alleles
14.9% missing data
   1   (0.756) 0.716 0.811 0.800 0.772 
   0   (0.244) 0.284 0.189 0.200 0.228 

Locus 6 : Mnov_gtseq_107 
2 alleles
37.4% missing data
   1   (0.203) 0.126 0.143 0.454 0.224 
   0   (0.797) 0.874 0.857 0.546 0.776 

Locus 7 : Mnov_gtseq_112 
2 alleles
0.9% missing data
   0   (0.603) 0.412 0.692 0.710 0.639 
   1   (0.397) 0.588 0.308 0.290 0.361 

Locus 8 : Mnov_gtseq_113 
2 alleles
2.0% missing data
   1   (0.725) 0.683 0.801 0.633 0.771 
   0   (0.275) 0.317 0.199 0.367 0.229 

Locus 9 : Mnov_gtseq_114 
3 alleles
4.3% missing data
   0   (0.526) 0.461 0.639 0.299 0.583 
   1   (0.443) 0.530 0.347 0.664 0.409 
   2   (0.031) 0.009 0.013 0.037 0.008 

Locus 10 : Mnov_gtseq_117 
2 alleles
26.9% missing data
   0   (0.624) 0.640 0.590 0.839 0.535 
   1   (0.376) 0.360 0.410 0.161 0.465 

Locus 11 : Mnov_gtseq_12 
2 alleles
0.3% missing data
   0   (0.480) 0.623 0.588 0.255 0.311 
   1   (0.520) 0.377 0.412 0.745 0.689 

Locus 12 : Mnov_gtseq_124 
4 alleles
5.1% missing data
   3   (0.712) 0.790 0.732 0.877 0.644 
   2   (0.227) 0.182 0.222 0.103 0.344 
   1   (0.033) 0.011 0.030 0.017 0.005 
   0   (0.027) 0.017 0.015 0.003 0.007 

Locus 13 : Mnov_gtseq_125 
3 alleles
1.7% missing data
   1   (0.224) 0.200 0.221 0.389 0.102 
   2   (0.700) 0.750 0.742 0.238 0.873 
   0   (0.076) 0.051 0.037 0.374 0.025 

Locus 14 : Mnov_gtseq_126 
2 alleles
0.0% missing data
   0   (0.346) 0.566 0.246 0.299 0.274 
   1   (0.654) 0.434 0.754 0.701 0.726 

Locus 15 : Mnov_gtseq_127 
2 alleles
6.9% missing data
   0   (0.635) 0.655 0.709 0.420 0.649 
   1   (0.365) 0.345 0.291 0.580 0.351 

Locus 16 : Mnov_gtseq_128 
2 alleles
30.9% missing data
   0   (0.692) 0.650 0.709 0.656 0.796 
   1   (0.308) 0.350 0.291 0.344 0.204 

Locus 17 : Mnov_gtseq_129 
3 alleles
2.0% missing data
   0   (0.495) 0.365 0.519 0.604 0.555 
   1   (0.325) 0.245 0.364 0.307 0.310 
   2   (0.179) 0.390 0.118 0.088 0.136 

Locus 18 : Mnov_gtseq_13 
3 alleles
0.0% missing data
   1   (0.418) 0.240 0.546 0.383 0.493 
   2   (0.173) 0.302 0.108 0.131 0.118 
   0   (0.409) 0.458 0.346 0.486 0.389 

Locus 19 : Mnov_gtseq_130 
2 alleles
28.6% missing data
   1   (0.507) 0.566 0.479 0.500 0.484 
   0   (0.493) 0.434 0.521 0.500 0.516 

Locus 20 : Mnov_gtseq_135 
2 alleles
0.6% missing data
   0   (0.459) 0.427 0.511 0.526 0.364 
   1   (0.541) 0.573 0.489 0.474 0.636 

Locus 21 : Mnov_gtseq_138 
3 alleles
0.6% missing data
   0   (0.251) 0.165 0.237 0.289 0.320 
   1   (0.516) 0.594 0.500 0.616 0.470 
   2   (0.232) 0.241 0.264 0.095 0.210 

Locus 22 : Mnov_gtseq_140 
2 alleles
1.1% missing data
   0   (0.449) 0.333 0.569 0.597 0.293 
   1   (0.551) 0.667 0.431 0.403 0.707 

Locus 23 : Mnov_gtseq_141 
2 alleles
0.3% missing data
   0   (0.552) 0.485 0.503 0.518 0.740 
   1   (0.448) 0.515 0.497 0.482 0.260 

Locus 24 : Mnov_gtseq_143 
2 alleles
2.6% missing data
   1   (0.553) 0.410 0.594 0.494 0.687 
   0   (0.447) 0.590 0.406 0.506 0.313 

Locus 25 : Mnov_gtseq_145 
2 alleles
2.0% missing data
   0   (0.464) 0.362 0.456 0.471 0.568 
   1   (0.536) 0.638 0.544 0.529 0.432 

Locus 26 : Mnov_gtseq_147 
3 alleles
25.4% missing data
   0   (0.782) 0.808 0.849 0.514 0.850 
   2   (0.142) 0.121 0.117 0.091 0.128 
   1   (0.076) 0.071 0.034 0.395 0.022 

Locus 27 : Mnov_gtseq_148 
3 alleles
9.1% missing data
   0   (0.304) 0.461 0.316 0.133 0.217 
   1   (0.422) 0.382 0.344 0.627 0.484 
   2   (0.274) 0.156 0.340 0.240 0.300 

Locus 28 : Mnov_gtseq_149 
2 alleles
0.3% missing data
   0   (0.603) 0.596 0.615 0.542 0.654 
   1   (0.397) 0.404 0.385 0.458 0.346 

Locus 29 : Mnov_gtseq_15 
2 alleles
0.0% missing data
   0   (0.490) 0.473 0.611 0.405 0.368 
   1   (0.510) 0.527 0.389 0.595 0.632 

Locus 30 : Mnov_gtseq_152 
2 alleles
0.9% missing data
   0   (0.330) 0.293 0.324 0.403 0.290 
   1   (0.670) 0.707 0.676 0.597 0.710 

Locus 31 : Mnov_gtseq_154 
3 alleles
3.4% missing data
   0   (0.353) 0.379 0.368 0.155 0.464 
   2   (0.221) 0.228 0.191 0.261 0.165 
   1   (0.425) 0.393 0.440 0.584 0.371 

Locus 32 : Mnov_gtseq_157 
2 alleles
0.6% missing data
   1   (0.548) 0.504 0.569 0.650 0.521 
   0   (0.452) 0.496 0.431 0.350 0.479 

Locus 33 : Mnov_gtseq_158 
2 alleles
0.6% missing data
   0   (0.425) 0.410 0.490 0.078 0.651 
   1   (0.575) 0.590 0.510 0.922 0.349 

Locus 34 : Mnov_gtseq_159 
3 alleles
24.0% missing data
   0   (0.602) 0.600 0.683 0.386 0.690 
   1   (0.190) 0.165 0.118 0.402 0.197 
   2   (0.208) 0.235 0.199 0.213 0.114 

Locus 35 : Mnov_gtseq_16 
2 alleles
0.0% missing data
   0   (0.649) 0.675 0.731 0.579 0.565 
   1   (0.351) 0.325 0.269 0.421 0.435 

Locus 36 : Mnov_gtseq_160 
2 alleles
2.3% missing data
   0   (0.494) 0.459 0.510 0.403 0.557 
   1   (0.506) 0.541 0.490 0.597 0.443 

Locus 37 : Mnov_gtseq_161 
2 alleles
1.7% missing data
   1   (0.754) 0.736 0.774 0.826 0.771 
   0   (0.246) 0.264 0.226 0.174 0.229 

Locus 38 : Mnov_gtseq_167 
3 alleles
1.1% missing data
   2   (0.735) 0.837 0.787 0.795 0.605 
   0   (0.193) 0.132 0.140 0.122 0.371 
   1   (0.071) 0.031 0.072 0.083 0.024 

Locus 39 : Mnov_gtseq_17 
2 alleles
0.3% missing data
   0   (0.522) 0.568 0.509 0.456 0.555 
   1   (0.478) 0.432 0.491 0.544 0.445 

Locus 40 : Mnov_gtseq_170 
2 alleles
0.0% missing data
   0   (0.318) 0.303 0.366 0.236 0.241 
   1   (0.682) 0.697 0.634 0.764 0.759 

Locus 41 : Mnov_gtseq_171 
3 alleles
41.4% missing data
   2   (0.593) 0.681 0.571 0.628 0.592 
   0   (0.316) 0.239 0.385 0.256 0.327 
   1   (0.091) 0.081 0.044 0.116 0.081 

Locus 42 : Mnov_gtseq_173 
4 alleles
21.4% missing data
   3   (0.414) 0.612 0.332 0.594 0.231 
   1   (0.517) 0.346 0.638 0.256 0.755 
   2   (0.053) 0.039 0.024 0.149 0.012 
   0   (0.016) 0.003 0.006 0.001 0.002 

Locus 43 : Mnov_gtseq_174 
2 alleles
2.6% missing data
   0   (0.265) 0.259 0.161 0.461 0.308 
   1   (0.735) 0.741 0.839 0.539 0.692 

Locus 44 : Mnov_gtseq_180 
3 alleles
14.3% missing data
   1   (0.613) 0.377 0.671 0.915 0.609 
   2   (0.296) 0.555 0.239 0.074 0.291 
   0   (0.090) 0.069 0.090 0.011 0.099 

Locus 45 : Mnov_gtseq_182 
2 alleles
8.6% missing data
   0   (0.820) 0.926 0.784 0.843 0.766 
   1   (0.180) 0.074 0.216 0.157 0.234 

Locus 46 : Mnov_gtseq_186 
3 alleles
28.0% missing data
   1   (0.476) 0.466 0.504 0.500 0.458 
   2   (0.091) 0.105 0.072 0.018 0.083 
   0   (0.434) 0.429 0.424 0.482 0.459 

Locus 47 : Mnov_gtseq_187 
2 alleles
7.1% missing data
   1   (0.583) 0.563 0.627 0.724 0.466 
   0   (0.417) 0.437 0.373 0.276 0.534 

Locus 48 : Mnov_gtseq_188 
2 alleles
13.4% missing data
   0   (0.555) 0.745 0.472 0.639 0.434 
   1   (0.445) 0.255 0.528 0.361 0.566 

Locus 49 : Mnov_gtseq_189 
2 alleles
3.7% missing data
   0   (0.442) 0.255 0.452 0.471 0.625 
   1   (0.558) 0.745 0.548 0.529 0.375 

Locus 50 : Mnov_gtseq_19 
3 alleles
0.0% missing data
   1   (0.849) 0.842 0.915 0.767 0.879 
   2   (0.091) 0.041 0.071 0.043 0.106 
   0   (0.060) 0.117 0.014 0.190 0.015 

Locus 51 : Mnov_gtseq_190 
2 alleles
0.0% missing data
   1   (0.425) 0.391 0.442 0.355 0.430 
   0   (0.575) 0.609 0.558 0.645 0.570 

Locus 52 : Mnov_gtseq_192 
2 alleles
20.9% missing data
   0   (0.815) 0.879 0.786 0.821 0.850 
   1   (0.185) 0.121 0.214 0.179 0.150 

Locus 53 : Mnov_gtseq_193 
2 alleles
0.0% missing data
   0   (0.713) 0.600 0.791 0.786 0.711 
   1   (0.287) 0.400 0.209 0.214 0.289 

Locus 54 : Mnov_gtseq_195 
3 alleles
0.0% missing data
   1   (0.538) 0.675 0.522 0.566 0.437 
   2   (0.434) 0.305 0.462 0.431 0.556 
   0   (0.029) 0.020 0.015 0.003 0.007 

Locus 55 : Mnov_gtseq_196 
2 alleles
0.3% missing data
   0   (0.336) 0.446 0.322 0.114 0.383 
   1   (0.664) 0.554 0.678 0.886 0.617 

Locus 56 : Mnov_gtseq_197 
3 alleles
0.3% missing data
   1   (0.380) 0.387 0.346 0.305 0.452 
   0   (0.434) 0.268 0.512 0.611 0.430 
   2   (0.186) 0.345 0.142 0.083 0.118 

Locus 57 : Mnov_gtseq_2 
3 alleles
0.3% missing data
   0   (0.187) 0.153 0.185 0.279 0.100 
   2   (0.773) 0.733 0.797 0.717 0.893 
   1   (0.040) 0.114 0.018 0.004 0.007 

Locus 58 : Mnov_gtseq_200 
2 alleles
2.3% missing data
   0   (0.401) 0.295 0.371 0.658 0.387 
   1   (0.599) 0.705 0.629 0.342 0.613 

Locus 59 : Mnov_gtseq_201 
4 alleles
0.0% missing data
   0   (0.580) 0.732 0.549 0.611 0.476 
   2   (0.153) 0.073 0.150 0.205 0.139 
   3   (0.153) 0.099 0.228 0.165 0.060 
   1   (0.114) 0.096 0.073 0.019 0.324 

Locus 60 : Mnov_gtseq_202 
2 alleles
0.0% missing data
   0   (0.420) 0.298 0.439 0.543 0.448 
   1   (0.580) 0.702 0.561 0.457 0.552 

Locus 61 : Mnov_gtseq_204 
2 alleles
3.4% missing data
   0   (0.438) 0.439 0.383 0.549 0.471 
   1   (0.562) 0.561 0.617 0.451 0.529 

Locus 62 : Mnov_gtseq_205 
5 alleles
0.0% missing data
   0   (0.221) 0.193 0.331 0.213 0.111 
   4   (0.033) 0.011 0.012 0.139 0.008 
   3   (0.663) 0.739 0.616 0.583 0.846 
   1   (0.063) 0.052 0.034 0.063 0.027 
   2   (0.020) 0.005 0.008 0.001 0.008 

Locus 63 : Mnov_gtseq_208 
2 alleles
0.0% missing data
   0   (0.653) 0.639 0.667 0.382 0.800 
   1   (0.347) 0.361 0.333 0.618 0.200 

Locus 64 : Mnov_gtseq_209 
3 alleles
0.0% missing data
   0   (0.458) 0.324 0.563 0.583 0.361 
   2   (0.500) 0.648 0.425 0.287 0.630 
   1   (0.042) 0.028 0.012 0.130 0.009 

Locus 65 : Mnov_gtseq_21 
2 alleles
0.0% missing data
   1   (0.530) 0.571 0.476 0.342 0.701 
   0   (0.470) 0.429 0.524 0.658 0.299 

Locus 66 : Mnov_gtseq_210 
2 alleles
4.6% missing data
   0   (0.404) 0.319 0.510 0.214 0.439 
   1   (0.596) 0.681 0.490 0.786 0.561 

Locus 67 : Mnov_gtseq_211 
2 alleles
1.1% missing data
   0   (0.423) 0.392 0.446 0.289 0.468 
   1   (0.577) 0.608 0.554 0.711 0.532 

Locus 68 : Mnov_gtseq_213 
2 alleles
5.4% missing data
   0   (0.517) 0.487 0.559 0.370 0.575 
   1   (0.483) 0.513 0.441 0.630 0.425 

Locus 69 : Mnov_gtseq_214 
2 alleles
5.1% missing data
   0   (0.521) 0.386 0.500 0.774 0.566 
   1   (0.479) 0.614 0.500 0.226 0.434 

Locus 70 : Mnov_gtseq_215 
2 alleles
0.0% missing data
   0   (0.444) 0.360 0.430 0.582 0.444 
   1   (0.556) 0.640 0.570 0.418 0.556 

Locus 71 : Mnov_gtseq_216 
3 alleles
0.0% missing data
   2   (0.512) 0.577 0.447 0.704 0.452 
   1   (0.464) 0.389 0.548 0.292 0.545 
   0   (0.024) 0.034 0.005 0.004 0.004 

Locus 72 : Mnov_gtseq_217 
2 alleles
23.7% missing data
   0   (0.325) 0.269 0.460 0.188 0.221 
   1   (0.675) 0.731 0.540 0.812 0.779 

Locus 73 : Mnov_gtseq_218 
2 alleles
0.6% missing data
   0   (0.591) 0.709 0.457 0.819 0.512 
   1   (0.409) 0.291 0.543 0.181 0.488 

Locus 74 : Mnov_gtseq_22 
4 alleles
3.4% missing data
   2   (0.488) 0.452 0.444 0.745 0.567 
   0   (0.231) 0.209 0.293 0.147 0.173 
   1   (0.212) 0.241 0.203 0.099 0.224 
   3   (0.069) 0.098 0.060 0.010 0.036 

Locus 75 : Mnov_gtseq_220 
3 alleles
0.0% missing data
   0   (0.504) 0.564 0.417 0.659 0.534 
   1   (0.447) 0.347 0.566 0.317 0.449 
   2   (0.049) 0.089 0.017 0.024 0.017 

Locus 76 : Mnov_gtseq_223 
2 alleles
2.6% missing data
   0   (0.654) 0.628 0.703 0.614 0.680 
   1   (0.346) 0.372 0.297 0.386 0.320 

Locus 77 : Mnov_gtseq_224 
3 alleles
0.6% missing data
   0   (0.227) 0.245 0.147 0.278 0.258 
   1   (0.719) 0.723 0.816 0.713 0.690 
   2   (0.055) 0.032 0.037 0.009 0.052 

Locus 78 : Mnov_gtseq_225 
2 alleles
0.0% missing data
   0   (0.518) 0.357 0.583 0.497 0.620 
   1   (0.482) 0.643 0.417 0.503 0.380 

Locus 79 : Mnov_gtseq_227 
2 alleles
0.3% missing data
   0   (0.518) 0.619 0.415 0.645 0.493 
   1   (0.482) 0.381 0.585 0.355 0.507 

Locus 80 : Mnov_gtseq_229 
2 alleles
0.9% missing data
   1   (0.530) 0.551 0.429 0.611 0.646 
   0   (0.470) 0.449 0.571 0.389 0.354 

Locus 81 : Mnov_gtseq_232 
2 alleles
0.0% missing data
   0   (0.465) 0.386 0.435 0.687 0.478 
   1   (0.535) 0.614 0.565 0.313 0.522 

Locus 82 : Mnov_gtseq_234 
2 alleles
9.1% missing data
   0   (0.741) 0.763 0.804 0.844 0.599 
   1   (0.259) 0.237 0.196 0.156 0.401 

Locus 83 : Mnov_gtseq_235 
2 alleles
0.0% missing data
   0   (0.783) 0.884 0.709 0.882 0.755 
   1   (0.217) 0.116 0.291 0.118 0.245 

Locus 84 : Mnov_gtseq_238 
2 alleles
0.0% missing data
   0   (0.603) 0.590 0.557 0.779 0.632 
   1   (0.397) 0.410 0.443 0.221 0.368 

Locus 85 : Mnov_gtseq_239 
2 alleles
0.0% missing data
   0   (0.713) 0.705 0.674 0.782 0.793 
   1   (0.287) 0.295 0.326 0.218 0.207 

Locus 86 : Mnov_gtseq_241 
2 alleles
0.0% missing data
   0   (0.842) 0.903 0.851 0.834 0.851 
   1   (0.158) 0.097 0.149 0.166 0.149 

Locus 87 : Mnov_gtseq_243 
2 alleles
0.0% missing data
   0   (0.597) 0.681 0.633 0.602 0.437 
   1   (0.403) 0.319 0.367 0.398 0.563 

Locus 88 : Mnov_gtseq_244 
2 alleles
0.0% missing data
   0   (0.339) 0.231 0.419 0.437 0.260 
   1   (0.661) 0.769 0.581 0.563 0.740 

Locus 89 : Mnov_gtseq_245 
2 alleles
20.0% missing data
   1   (0.498) 0.382 0.447 0.661 0.622 
   0   (0.502) 0.618 0.553 0.339 0.378 

Locus 90 : Mnov_gtseq_246 
2 alleles
0.3% missing data
   0   (0.438) 0.217 0.481 0.528 0.595 
   1   (0.562) 0.783 0.519 0.472 0.405 

Locus 91 : Mnov_gtseq_247 
2 alleles
3.1% missing data
   0   (0.295) 0.460 0.253 0.179 0.221 
   1   (0.705) 0.540 0.747 0.821 0.779 

Locus 92 : Mnov_gtseq_248 
2 alleles
0.3% missing data
   0   (0.223) 0.234 0.210 0.429 0.088 
   1   (0.777) 0.766 0.790 0.571 0.912 

Locus 93 : Mnov_gtseq_25 
2 alleles
0.3% missing data
   0   (0.454) 0.297 0.467 0.618 0.516 
   1   (0.546) 0.703 0.533 0.382 0.484 

Locus 94 : Mnov_gtseq_250 
2 alleles
3.4% missing data
   0   (0.783) 0.856 0.850 0.733 0.648 
   1   (0.217) 0.144 0.150 0.267 0.352 

Locus 95 : Mnov_gtseq_251 
2 alleles
2.0% missing data
   1   (0.215) 0.177 0.240 0.210 0.133 
   0   (0.785) 0.823 0.760 0.790 0.867 

Locus 96 : Mnov_gtseq_253 
2 alleles
16.3% missing data
   0   (0.476) 0.579 0.473 0.512 0.325 
   1   (0.524) 0.421 0.527 0.488 0.675 

Locus 97 : Mnov_gtseq_254 
2 alleles
0.0% missing data
   1   (0.917) 0.934 0.844 0.989 0.975 
   0   (0.083) 0.066 0.156 0.011 0.025 

Locus 98 : Mnov_gtseq_255 
3 alleles
0.0% missing data
   0   (0.325) 0.274 0.217 0.448 0.521 
   2   (0.394) 0.336 0.465 0.463 0.253 
   1   (0.281) 0.390 0.318 0.090 0.226 

Locus 99 : Mnov_gtseq_257 
2 alleles
0.0% missing data
   0   (0.634) 0.528 0.732 0.469 0.706 
   1   (0.366) 0.472 0.268 0.531 0.294 

Locus 100 : Mnov_gtseq_258 
2 alleles
0.0% missing data
   0   (0.514) 0.664 0.419 0.627 0.447 
   1   (0.486) 0.336 0.581 0.373 0.553 

Locus 101 : Mnov_gtseq_26 
2 alleles
0.0% missing data
   1   (0.893) 0.893 0.907 0.965 0.926 
   0   (0.107) 0.107 0.093 0.035 0.074 

Locus 102 : Mnov_gtseq_260 
2 alleles
0.6% missing data
   0   (0.757) 0.695 0.781 0.776 0.849 
   1   (0.243) 0.305 0.219 0.224 0.151 

Locus 103 : Mnov_gtseq_261 
3 alleles
0.3% missing data
   0   (0.469) 0.433 0.457 0.570 0.508 
   1   (0.282) 0.362 0.205 0.241 0.314 
   2   (0.249) 0.204 0.338 0.188 0.178 

Locus 104 : Mnov_gtseq_262 
3 alleles
3.1% missing data
   0   (0.393) 0.450 0.295 0.554 0.433 
   1   (0.449) 0.429 0.572 0.343 0.382 
   2   (0.158) 0.121 0.133 0.102 0.186 

Locus 105 : Mnov_gtseq_263 
2 alleles
0.0% missing data
   1   (0.822) 0.861 0.854 0.910 0.744 
   0   (0.178) 0.139 0.146 0.090 0.256 

Locus 106 : Mnov_gtseq_265 
2 alleles
0.0% missing data
   0   (0.445) 0.418 0.455 0.595 0.350 
   1   (0.555) 0.582 0.545 0.405 0.650 

Locus 107 : Mnov_gtseq_268 
2 alleles
0.0% missing data
   0   (0.567) 0.685 0.511 0.721 0.417 
   1   (0.433) 0.315 0.489 0.279 0.583 

Locus 108 : Mnov_gtseq_269 
2 alleles
1.1% missing data
   1   (0.483) 0.447 0.503 0.448 0.512 
   0   (0.517) 0.553 0.497 0.552 0.488 

Locus 109 : Mnov_gtseq_270 
2 alleles
11.1% missing data
   1   (0.768) 0.805 0.737 0.811 0.842 
   0   (0.232) 0.195 0.263 0.189 0.158 

Locus 110 : Mnov_gtseq_271 
3 alleles
9.7% missing data
   1   (0.587) 0.617 0.582 0.582 0.629 
   2   (0.361) 0.312 0.390 0.404 0.355 
   0   (0.051) 0.072 0.028 0.014 0.015 

Locus 111 : Mnov_gtseq_273 
2 alleles
1.4% missing data
   1   (0.531) 0.457 0.575 0.603 0.520 
   0   (0.469) 0.543 0.425 0.397 0.480 

Locus 112 : Mnov_gtseq_274 
2 alleles
0.0% missing data
   1   (0.506) 0.557 0.575 0.407 0.392 
   0   (0.494) 0.443 0.425 0.593 0.608 

Locus 113 : Mnov_gtseq_275 
3 alleles
13.4% missing data
   2   (0.742) 0.835 0.725 0.748 0.768 
   1   (0.229) 0.147 0.253 0.247 0.225 
   0   (0.030) 0.018 0.023 0.005 0.006 

Locus 114 : Mnov_gtseq_277 
2 alleles
0.0% missing data
   0   (0.802) 0.768 0.844 0.881 0.825 
   1   (0.198) 0.232 0.156 0.119 0.175 

Locus 115 : Mnov_gtseq_278 
2 alleles
1.1% missing data
   0   (0.889) 0.931 0.911 0.980 0.774 
   1   (0.111) 0.069 0.089 0.020 0.226 

Locus 116 : Mnov_gtseq_28 
2 alleles
0.3% missing data
   0   (0.773) 0.799 0.763 0.774 0.846 
   1   (0.227) 0.201 0.237 0.226 0.154 

Locus 117 : Mnov_gtseq_281 
3 alleles
1.7% missing data
   2   (0.851) 0.872 0.877 0.839 0.915 
   0   (0.119) 0.114 0.115 0.158 0.040 
   1   (0.029) 0.014 0.009 0.003 0.046 

Locus 118 : Mnov_gtseq_283 
2 alleles
20.6% missing data
   0   (0.752) 0.772 0.747 0.813 0.790 
   1   (0.248) 0.228 0.253 0.187 0.210 

Locus 119 : Mnov_gtseq_284 
2 alleles
0.0% missing data
   1   (0.652) 0.650 0.713 0.589 0.642 
   0   (0.348) 0.350 0.287 0.411 0.358 

Locus 120 : Mnov_gtseq_285 
3 alleles
0.0% missing data
   2   (0.564) 0.720 0.554 0.479 0.520 
   0   (0.215) 0.130 0.258 0.152 0.246 
   1   (0.221) 0.150 0.187 0.370 0.233 

Locus 121 : Mnov_gtseq_287 
2 alleles
0.0% missing data
   0   (0.783) 0.857 0.781 0.643 0.845 
   1   (0.217) 0.143 0.219 0.357 0.155 

Locus 122 : Mnov_gtseq_288 
3 alleles
15.7% missing data
   0   (0.567) 0.631 0.484 0.697 0.603 
   2   (0.398) 0.358 0.497 0.300 0.340 
   1   (0.035) 0.010 0.018 0.003 0.058 

Locus 123 : Mnov_gtseq_289 
4 alleles
0.0% missing data
   0   (0.450) 0.462 0.495 0.449 0.414 
   1   (0.380) 0.389 0.337 0.511 0.424 
   2   (0.138) 0.136 0.143 0.033 0.155 
   3   (0.032) 0.013 0.025 0.006 0.007 

Locus 124 : Mnov_gtseq_291 
4 alleles
0.6% missing data
   3   (0.698) 0.772 0.749 0.565 0.716 
   1   (0.142) 0.104 0.161 0.037 0.172 
   2   (0.037) 0.023 0.025 0.004 0.026 
   0   (0.123) 0.102 0.065 0.394 0.087 

Locus 125 : Mnov_gtseq_298 
2 alleles
35.7% missing data
   1   (0.611) 0.471 0.676 0.832 0.526 
   0   (0.389) 0.529 0.324 0.168 0.474 

Locus 126 : Mnov_gtseq_299 
2 alleles
0.9% missing data
   1   (0.574) 0.635 0.620 0.509 0.488 
   0   (0.426) 0.365 0.380 0.491 0.512 

Locus 127 : Mnov_gtseq_30 
2 alleles
16.9% missing data
   0   (0.944) 0.982 0.935 0.994 0.919 
   1   (0.056) 0.018 0.065 0.006 0.081 

Locus 128 : Mnov_gtseq_300 
2 alleles
4.6% missing data
   0   (0.590) 0.561 0.604 0.621 0.608 
