

----------------------------------------------------
STRUCTURE by Pritchard, Stephens and Donnelly (2000)
     and Falush, Stephens and Pritchard (2003)
       Code by Pritchard, Falush and Hubisz
             Version 2.3.4 (Jul 2012)
----------------------------------------------------



Command line arguments:   structure -m wint.area.structureRun/wint.area.structureRun.k6.r4_mainparams -e wint.area.structureRun/wint.area.structureRun.k6.r4_extraparams -i wint.area.structureRun/wint.area.structureRun.k6.r4_data -o wint.area.structureRun/wint.area.structureRun.k6.r4_out 
Input File:    wint.area.structureRun/wint.area.structureRun.k6.r4_data

Run parameters:
   357 individuals
   328 loci
   6 populations assumed
   1000 Burn-in period
   10000 Reps


--------------------------------------------
Proportion of membership of each pre-defined
 population in each of the 6 clusters

Given    Inferred Clusters                            Number of
 Pop       1      2      3      4      5      6      Individuals

  1:     0.218  0.191  0.144  0.251  0.107  0.089       80
  2:     0.126  0.124  0.138  0.107  0.215  0.290      126
  3:     0.200  0.208  0.145  0.170  0.154  0.123      115
  4:     0.166  0.170  0.145  0.127  0.212  0.180       27
  5:     0.073  0.086  0.636  0.083  0.063  0.059        9
--------------------------------------------

Allele-freq. divergence among pops (Net nucleotide distance),
computed using point estimates of P.

      1       2       3       4       5       6      
 1      -    0.0218  0.0306  0.0285  0.0373  0.0528  
 2   0.0218     -    0.0314  0.0254  0.0341  0.0514  
 3   0.0306  0.0314     -    0.0400  0.0368  0.0537  
 4   0.0285  0.0254  0.0400     -    0.0468  0.0604  
 5   0.0373  0.0341  0.0368  0.0468     -    0.0463  
 6   0.0528  0.0514  0.0537  0.0604  0.0463     -    

Average distances (expected heterozygosity) between individuals in same cluster:
cluster  1  : 0.4002 
cluster  2  : 0.4102 
cluster  3  : 0.3885 
cluster  4  : 0.4010 
cluster  5  : 0.3837 
cluster  6  : 0.3751 

--------------------------------------------
Estimated Ln Prob of Data   = -146966.3
Mean value of ln likelihood = -132708.1
Variance of ln likelihood   = 28516.4
Mean value of alpha         = 1.0000

Mean value of Fst_1         = 0.1205
Mean value of Fst_2         = 0.1203
Mean value of Fst_3         = 0.1386
Mean value of Fst_4         = 0.1554
Mean value of Fst_5         = 0.1654
Mean value of Fst_6         = 0.2025


Inferred ancestry of individuals:
        Label (%Miss) Pop:  Inferred clusters
  1   207778    (2)    2 :  0.130 0.101 0.096 0.106 0.355 0.212 
  2 z0005757    (7)    3 :  0.108 0.151 0.196 0.199 0.242 0.104 
  3 z0005758    (0)    3 :  0.431 0.092 0.136 0.217 0.051 0.073 
  4 z0011944    (0)    1 :  0.057 0.053 0.677 0.055 0.078 0.079 
  5 z0012702   (10)    4 :  0.036 0.040 0.101 0.045 0.561 0.217 
  6 z0016577    (2)    3 :  0.234 0.208 0.090 0.091 0.217 0.161 
  7 z0016578   (21)    1 :  0.086 0.596 0.111 0.073 0.090 0.042 
  8 z0016579    (1)    3 :  0.220 0.188 0.196 0.118 0.186 0.092 
  9 z0018264    (0)    1 :  0.059 0.085 0.579 0.077 0.116 0.083 
 10 z0029828    (2)    3 :  0.080 0.461 0.058 0.142 0.162 0.097 
 11 z0029829   (14)    1 :  0.061 0.495 0.060 0.185 0.116 0.082 
 12 z0029846   (14)    1 :  0.274 0.196 0.195 0.126 0.114 0.095 
 13 z0029860    (1)    3 :  0.165 0.421 0.056 0.176 0.099 0.084 
 14 z0029863    (2)    1 :  0.302 0.162 0.300 0.055 0.093 0.088 
 15 z0029864    (8)    1 :  0.322 0.099 0.217 0.195 0.094 0.073 
 16 z0029865   (13)    3 :  0.459 0.140 0.101 0.171 0.060 0.069 
 17 z0037607    (2)    3 :  0.284 0.188 0.201 0.066 0.126 0.136 
 18 z0037609   (25)    3 :  0.361 0.161 0.167 0.101 0.111 0.098 
 19 z0037624   (21)    1 :  0.356 0.089 0.073 0.220 0.148 0.115 
 20 z0038417    (8)    2 :  0.087 0.073 0.134 0.071 0.205 0.431 
 21 z0040275    (9)    2 :  0.132 0.076 0.211 0.067 0.229 0.285 
 22 z0040287    (3)    2 :  0.116 0.190 0.216 0.097 0.192 0.189 
 23 z0040308    (1)    2 :  0.136 0.100 0.052 0.095 0.376 0.241 
 24 z0040333    (1)    2 :  0.127 0.105 0.099 0.130 0.323 0.216 
 25 z0040334    (1)    2 :  0.046 0.053 0.120 0.064 0.231 0.486 
 26 z0040337    (6)    2 :  0.186 0.169 0.150 0.095 0.211 0.188 
 27 z0040345    (1)    2 :  0.092 0.064 0.140 0.049 0.369 0.286 
 28 z0040357    (5)    2 :  0.187 0.089 0.113 0.081 0.142 0.388 
 29 z0040363   (20)    2 :  0.132 0.079 0.101 0.182 0.205 0.301 
 30 z0040364    (0)    2 :  0.081 0.095 0.081 0.091 0.201 0.451 
 31 z0040387    (1)    2 :  0.110 0.105 0.109 0.090 0.242 0.345 
 32 z0040403   (15)    2 :  0.147 0.103 0.105 0.116 0.297 0.232 
 33 z0040413   (43)    2 :  0.115 0.125 0.128 0.089 0.372 0.171 
 34 z0040439    (0)    2 :  0.082 0.068 0.132 0.043 0.093 0.583 
 35 z0040465   (20)    2 :  0.162 0.244 0.104 0.094 0.199 0.198 
 36 z0040513   (17)    3 :  0.068 0.149 0.091 0.261 0.315 0.116 
 37 z0040961   (12)    2 :  0.060 0.113 0.273 0.098 0.241 0.215 
 38 z0040985   (16)    2 :  0.182 0.176 0.147 0.063 0.250 0.181 
 39 z0041026    (0)    2 :  0.051 0.138 0.096 0.117 0.155 0.443 
 40 z0041051   (28)    2 :  0.120 0.098 0.248 0.075 0.203 0.256 
 41 z0041115    (7)    2 :  0.105 0.089 0.132 0.127 0.150 0.397 
 42 z0041153   (23)    2 :  0.165 0.101 0.238 0.106 0.201 0.189 
 43 z0041233    (4)    2 :  0.169 0.132 0.102 0.148 0.252 0.196 
 44 z0041243    (1)    2 :  0.248 0.077 0.187 0.095 0.150 0.244 
 45 z0041248    (6)    2 :  0.150 0.047 0.109 0.158 0.128 0.408 
 46 z0041250    (1)    2 :  0.113 0.094 0.100 0.053 0.342 0.298 
 47 z0041274    (2)    2 :  0.063 0.206 0.178 0.054 0.294 0.205 
 48 z0041465   (15)    2 :  0.120 0.145 0.052 0.162 0.073 0.448 
 49 z0041472    (2)    2 :  0.105 0.100 0.073 0.183 0.189 0.349 
 50 z0041480   (10)    2 :  0.178 0.137 0.107 0.182 0.210 0.187 
 51 z0041483    (0)    2 :  0.082 0.106 0.123 0.076 0.118 0.494 
 52 z0041494   (12)    2 :  0.080 0.126 0.152 0.064 0.404 0.173 
 53 z0041498    (1)    2 :  0.099 0.154 0.152 0.130 0.082 0.382 
 54 z0041501    (1)    2 :  0.059 0.071 0.063 0.036 0.479 0.292 
 55 z0041507    (7)    2 :  0.141 0.088 0.111 0.088 0.233 0.339 
 56 z0041512    (0)    2 :  0.099 0.091 0.087 0.103 0.150 0.470 
 57 z0041522   (17)    2 :  0.125 0.154 0.130 0.103 0.070 0.417 
 58 z0041526    (1)    3 :  0.180 0.132 0.066 0.097 0.056 0.469 
 59 z0041527   (16)    2 :  0.093 0.121 0.104 0.113 0.305 0.264 
 60 z0043243    (2)    2 :  0.210 0.117 0.218 0.217 0.165 0.073 
 61 z0043278    (2)    2 :  0.071 0.070 0.180 0.063 0.125 0.492 
 62 z0043475   (17)    3 :  0.131 0.158 0.122 0.170 0.209 0.210 
 63 z0043477    (0)    2 :  0.302 0.081 0.157 0.067 0.150 0.242 
 64 z0043478    (2)    2 :  0.073 0.062 0.072 0.085 0.083 0.626 
 65 z0043481    (0)    2 :  0.127 0.109 0.109 0.086 0.259 0.311 
 66 z0043489    (7)    2 :  0.076 0.080 0.134 0.046 0.291 0.373 
 67 z0043491   (13)    2 :  0.172 0.103 0.215 0.092 0.127 0.291 
 68 z0043493    (3)    2 :  0.195 0.092 0.154 0.054 0.393 0.113 
 69 z0043494    (2)    2 :  0.118 0.194 0.205 0.100 0.200 0.184 
 70 z0043498    (2)    2 :  0.064 0.096 0.069 0.128 0.158 0.484 
 71 z0043504    (7)    2 :  0.309 0.077 0.183 0.081 0.149 0.201 
 72 z0043526    (3)    4 :  0.106 0.097 0.118 0.105 0.486 0.088 
 73 z0043566    (3)    2 :  0.173 0.079 0.100 0.155 0.200 0.292 
 74 z0043572    (0)    2 :  0.153 0.125 0.079 0.102 0.122 0.419 
 75 z0043599    (5)    2 :  0.166 0.204 0.102 0.079 0.226 0.222 
 76 z0043642    (1)    2 :  0.146 0.257 0.120 0.092 0.205 0.182 
 77 z0043649    (1)    2 :  0.076 0.079 0.098 0.069 0.371 0.308 
 78 z0043652    (1)    2 :  0.116 0.209 0.139 0.089 0.320 0.127 
 79 z0043668    (1)    2 :  0.080 0.090 0.128 0.255 0.340 0.108 
 80 z0043674    (1)    4 :  0.175 0.370 0.153 0.157 0.096 0.048 
 81 z0043686    (1)    2 :  0.172 0.092 0.204 0.171 0.123 0.236 
 82 z0043693    (1)    2 :  0.080 0.174 0.100 0.133 0.361 0.153 
 83 z0043704   (15)    2 :  0.112 0.107 0.094 0.053 0.084 0.549 
 84 z0043807    (1)    2 :  0.119 0.177 0.102 0.125 0.190 0.287 
 85 z0043819    (1)    2 :  0.151 0.176 0.115 0.086 0.416 0.057 
 86 z0043876    (7)    2 :  0.327 0.104 0.075 0.188 0.155 0.150 
 87 z0043877   (33)    2 :  0.105 0.116 0.088 0.220 0.235 0.235 
 88 z0043891   (21)    4 :  0.227 0.144 0.222 0.161 0.081 0.164 
 89 z0043915   (33)    2 :  0.103 0.118 0.306 0.149 0.196 0.128 
 90 z0043940   (10)    2 :  0.231 0.273 0.145 0.071 0.229 0.050 
 91 z0043954    (2)    2 :  0.111 0.122 0.211 0.156 0.247 0.153 
 92 z0043966    (5)    2 :  0.098 0.131 0.106 0.074 0.083 0.508 
 93 z0043980    (0)    2 :  0.075 0.158 0.106 0.198 0.280 0.183 
 94 z0043994    (1)    3 :  0.073 0.069 0.168 0.053 0.144 0.494 
 95 z0044017   (12)    2 :  0.074 0.093 0.258 0.099 0.328 0.148 
 96 z0044019   (14)    2 :  0.095 0.095 0.134 0.210 0.219 0.246 
 97 z0044023   (36)    2 :  0.088 0.046 0.059 0.148 0.070 0.589 
 98 z0044033    (0)    2 :  0.048 0.075 0.050 0.054 0.083 0.691 
 99 z0044042    (3)    2 :  0.066 0.058 0.121 0.159 0.119 0.477 
100 z0044047   (25)    2 :  0.058 0.057 0.106 0.072 0.569 0.137 
101 z0044064   (13)    2 :  0.107 0.192 0.198 0.050 0.239 0.214 
102 z0044432   (14)    2 :  0.071 0.138 0.103 0.176 0.379 0.132 
103 z0045326    (0)    3 :  0.322 0.276 0.074 0.126 0.061 0.141 
104 z0045331    (5)    1 :  0.165 0.312 0.171 0.149 0.057 0.146 
105 z0045332    (2)    1 :  0.096 0.294 0.180 0.109 0.241 0.080 
106 z0045333    (6)    1 :  0.215 0.163 0.095 0.331 0.112 0.085 
107 z0045337    (5)    1 :  0.117 0.091 0.116 0.499 0.062 0.115 
108 z0045342   (13)    1 :  0.057 0.332 0.077 0.242 0.208 0.084 
109 z0045347    (1)    3 :  0.267 0.221 0.193 0.071 0.145 0.102 
110 z0045350    (0)    1 :  0.105 0.326 0.225 0.125 0.125 0.094 
111 z0045370    (1)    1 :  0.202 0.424 0.078 0.215 0.047 0.035 
112 z0045371    (1)    3 :  0.276 0.185 0.145 0.111 0.122 0.162 
113 z0045398    (1)    3 :  0.443 0.208 0.105 0.115 0.084 0.047 
114 z0045399    (1)    3 :  0.159 0.118 0.351 0.236 0.086 0.050 
115 z0045401   (26)    1 :  0.089 0.404 0.092 0.093 0.255 0.068 
116 z0045404    (0)    3 :  0.233 0.412 0.072 0.153 0.080 0.049 
117 z0045405    (5)    3 :  0.220 0.384 0.163 0.067 0.111 0.055 
118 z0045407    (2)    3 :  0.369 0.171 0.207 0.080 0.084 0.089 
119 z0045719    (0)    2 :  0.099 0.168 0.106 0.054 0.172 0.400 
120 z0045720    (1)    2 :  0.136 0.214 0.149 0.068 0.265 0.169 
121 z0045728    (1)    2 :  0.162 0.077 0.090 0.129 0.081 0.460 
122 z0045731    (1)    2 :  0.179 0.109 0.144 0.065 0.339 0.164 
123 z0045733    (0)    2 :  0.074 0.214 0.174 0.124 0.268 0.145 
124 z0045736    (1)    2 :  0.130 0.206 0.201 0.102 0.245 0.115 
125 z0045739    (1)    2 :  0.374 0.161 0.115 0.099 0.106 0.145 
126 z0045740    (1)    2 :  0.087 0.066 0.092 0.083 0.326 0.345 
127 z0045741    (0)    2 :  0.088 0.109 0.067 0.041 0.524 0.171 
128 z0045742    (0)    2 :  0.079 0.172 0.076 0.102 0.284 0.288 
129 z0045776    (1)    3 :  0.039 0.049 0.047 0.091 0.733 0.041 
130 z0045779    (0)    2 :  0.087 0.058 0.084 0.123 0.053 0.595 
131 z0045781    (0)    2 :  0.291 0.078 0.111 0.049 0.089 0.382 
132 z0045788    (5)    2 :  0.064 0.061 0.147 0.077 0.126 0.525 
133 z0045789    (2)    2 :  0.072 0.136 0.109 0.075 0.070 0.538 
134 z0045791    (5)    2 :  0.052 0.176 0.167 0.078 0.142 0.385 
135 z0045792   (23)    1 :  0.225 0.118 0.113 0.220 0.110 0.215 
136 z0045793    (0)    3 :  0.086 0.282 0.061 0.298 0.049 0.224 
137 z0047562   (15)    2 :  0.077 0.140 0.161 0.091 0.285 0.245 
138 z0047854    (1)    2 :  0.195 0.121 0.154 0.093 0.136 0.301 
139 z0051185    (1)    1 :  0.312 0.376 0.089 0.106 0.062 0.056 
140 z0051324    (6)    1 :  0.241 0.153 0.139 0.334 0.047 0.086 
141 z0051326    (0)    1 :  0.261 0.164 0.136 0.323 0.042 0.075 
142 z0051327    (4)    3 :  0.275 0.152 0.110 0.100 0.125 0.237 
143 z0051328    (3)    1 :  0.214 0.178 0.082 0.318 0.095 0.113 
144 z0051380    (0)    1 :  0.485 0.065 0.063 0.313 0.042 0.031 
145 z0051400    (0)    3 :  0.109 0.264 0.090 0.209 0.198 0.130 
146 z0051431   (23)    3 :  0.171 0.261 0.093 0.075 0.171 0.229 
147 z0051840   (34)    2 :  0.054 0.131 0.218 0.126 0.090 0.382 
148 z0051844   (27)    2 :  0.140 0.073 0.211 0.065 0.351 0.161 
149 z0051875   (29)    3 :  0.165 0.343 0.102 0.206 0.093 0.092 
150 z0051885    (8)    3 :  0.197 0.102 0.110 0.089 0.070 0.432 
151 z0051888    (1)    2 :  0.055 0.207 0.074 0.211 0.078 0.375 
152 z0051891    (1)    1 :  0.202 0.177 0.125 0.120 0.292 0.085 
153 z0051893    (4)    1 :  0.131 0.230 0.112 0.307 0.130 0.090 
154 z0051895    (0)    3 :  0.148 0.272 0.097 0.302 0.089 0.094 
155 z0051918    (1)    3 :  0.130 0.079 0.324 0.058 0.167 0.243 
156 z0051929    (1)    1 :  0.364 0.130 0.066 0.262 0.079 0.099 
157 z0051939   (12)    3 :  0.100 0.297 0.119 0.105 0.131 0.249 
158 z0051947    (3)    1 :  0.083 0.061 0.059 0.633 0.092 0.072 
159 z0051959    (2)    3 :  0.355 0.098 0.167 0.098 0.119 0.164 
160 z0052846    (0)    4 :  0.150 0.282 0.091 0.082 0.214 0.182 
161 z0052882    (1)    2 :  0.113 0.140 0.125 0.194 0.198 0.229 
162 z0053020   (22)    2 :  0.092 0.096 0.126 0.045 0.565 0.077 
163 z0053024   (13)    2 :  0.216 0.175 0.149 0.155 0.140 0.166 
164 z0053025    (5)    2 :  0.153 0.088 0.072 0.041 0.050 0.597 
165 z0053031    (0)    2 :  0.160 0.137 0.201 0.124 0.196 0.182 
166 z0053032    (1)    2 :  0.101 0.064 0.144 0.145 0.394 0.152 
167 z0053040    (5)    2 :  0.102 0.204 0.139 0.101 0.280 0.175 
168 z0053051    (1)    3 :  0.153 0.344 0.128 0.091 0.237 0.048 
169 z0053054    (6)    3 :  0.168 0.361 0.092 0.138 0.179 0.061 
170 z0053071    (3)    2 :  0.068 0.107 0.065 0.125 0.266 0.369 
171 z0053073    (2)    2 :  0.222 0.145 0.139 0.142 0.288 0.064 
172 z0053078    (1)    3 :  0.064 0.080 0.450 0.041 0.157 0.210 
173 z0053082    (2)    3 :  0.092 0.129 0.080 0.115 0.341 0.243 
174 z0053083   (12)    2 :  0.166 0.085 0.140 0.137 0.272 0.200 
175 z0053090   (11)    3 :  0.150 0.067 0.187 0.077 0.260 0.259 
176 z0053096    (0)    2 :  0.046 0.089 0.241 0.051 0.133 0.440 
177 z0053100    (8)    2 :  0.107 0.131 0.108 0.085 0.342 0.228 
178 z0053101    (0)    2 :  0.099 0.081 0.343 0.081 0.087 0.309 
179 z0053102    (9)    2 :  0.082 0.173 0.116 0.081 0.307 0.241 
180 z0053103    (1)    2 :  0.085 0.072 0.058 0.063 0.170 0.551 
181 z0053111    (2)    3 :  0.237 0.236 0.168 0.140 0.105 0.114 
182 z0053131    (0)    2 :  0.141 0.153 0.139 0.152 0.067 0.347 
183 z0053132    (0)    2 :  0.047 0.135 0.416 0.039 0.188 0.174 
184 z0053133    (1)    2 :  0.169 0.195 0.218 0.146 0.192 0.080 
185 z0053138    (0)    2 :  0.264 0.158 0.086 0.171 0.072 0.249 
186 z0053142    (3)    2 :  0.123 0.093 0.124 0.164 0.087 0.409 
187 z0053149    (1)    2 :  0.167 0.055 0.150 0.132 0.173 0.323 
188 z0053754    (1)    1 :  0.449 0.080 0.168 0.150 0.046 0.107 
189 z0053756    (2)    1 :  0.452 0.104 0.199 0.101 0.061 0.084 
190 z0053758   (17)    1 :  0.074 0.449 0.148 0.224 0.046 0.059 
191 z0053759    (1)    1 :  0.190 0.161 0.123 0.379 0.073 0.074 
192 z0053760    (0)    1 :  0.271 0.233 0.169 0.127 0.114 0.085 
193 z0053842    (2)    1 :  0.473 0.098 0.087 0.082 0.161 0.098 
194 z0053843    (6)    1 :  0.076 0.321 0.096 0.352 0.063 0.092 
195 z0053844    (9)    1 :  0.194 0.328 0.100 0.168 0.097 0.113 
196 z0053846    (3)    1 :  0.052 0.330 0.057 0.466 0.049 0.046 
197 z0053847    (1)    1 :  0.062 0.044 0.069 0.649 0.046 0.130 
198 z0053849    (1)    1 :  0.466 0.086 0.168 0.083 0.118 0.080 
199 z0055903    (1)    4 :  0.130 0.144 0.144 0.112 0.402 0.068 
200 z0055910   (35)    4 :  0.122 0.174 0.168 0.119 0.178 0.239 
201 z0055912    (7)    4 :  0.172 0.162 0.307 0.065 0.122 0.173 
202 z0055916   (17)    4 :  0.292 0.124 0.122 0.129 0.206 0.126 
203 z0055931    (4)    4 :  0.087 0.113 0.099 0.082 0.198 0.421 
204 z0055944    (4)    4 :  0.166 0.112 0.151 0.167 0.283 0.121 
205 z0055947   (10)    4 :  0.244 0.285 0.126 0.056 0.162 0.128 
206 z0055962    (6)    4 :  0.321 0.136 0.109 0.088 0.098 0.247 
207 z0055963   (21)    4 :  0.098 0.189 0.179 0.169 0.128 0.237 
208 z0055965   (26)    4 :  0.140 0.117 0.262 0.227 0.196 0.057 
209 z0055970   (16)    4 :  0.171 0.089 0.091 0.182 0.315 0.151 
210 z0055971    (8)    4 :  0.144 0.114 0.161 0.260 0.193 0.127 
211 z0055977    (6)    4 :  0.163 0.124 0.165 0.093 0.138 0.316 
212 z0055986   (21)    4 :  0.119 0.312 0.071 0.168 0.204 0.125 
213 z0055990    (7)    4 :  0.100 0.167 0.150 0.077 0.103 0.403 
214 z0055996    (3)    4 :  0.175 0.282 0.076 0.129 0.103 0.233 
215 z0055997    (4)    4 :  0.130 0.187 0.073 0.168 0.161 0.282 
216 z0055998    (5)    4 :  0.247 0.160 0.255 0.079 0.123 0.135 
217 z0055999    (3)    4 :  0.132 0.200 0.190 0.253 0.125 0.101 
218 z0056011    (9)    4 :  0.235 0.225 0.114 0.073 0.292 0.061 
219 z0056029    (5)    4 :  0.214 0.140 0.091 0.114 0.345 0.095 
220 z0056034    (2)    4 :  0.177 0.111 0.113 0.070 0.216 0.311 
221 z0056056   (26)    3 :  0.208 0.179 0.136 0.168 0.158 0.151 
222 z0056058    (5)    3 :  0.230 0.127 0.074 0.452 0.076 0.041 
223 z0056059    (8)    3 :  0.117 0.159 0.205 0.153 0.313 0.053 
224 z0056062    (1)    3 :  0.084 0.066 0.100 0.189 0.482 0.078 
225 z0056063    (4)    3 :  0.205 0.257 0.132 0.141 0.164 0.099 
226 z0056064    (0)    3 :  0.101 0.165 0.252 0.239 0.154 0.089 
227 z0056065    (0)    3 :  0.103 0.318 0.136 0.248 0.120 0.077 
228 z0056069    (1)    3 :  0.039 0.055 0.047 0.078 0.731 0.050 
229 z0056073    (0)    3 :  0.381 0.224 0.067 0.143 0.141 0.043 
230 z0056076    (5)    3 :  0.047 0.100 0.159 0.439 0.056 0.199 
231 z0056079   (10)    3 :  0.256 0.273 0.157 0.154 0.112 0.048 
232 z0056085    (1)    3 :  0.220 0.283 0.117 0.228 0.063 0.088 
233 z0056092    (1)    3 :  0.244 0.194 0.209 0.151 0.119 0.084 
234 z0056095    (1)    3 :  0.094 0.226 0.233 0.213 0.179 0.055 
235 z0056103    (8)    3 :  0.292 0.094 0.176 0.261 0.130 0.046 
236 z0056374    (8)    1 :  0.343 0.164 0.074 0.268 0.106 0.046 
237 z0056375    (0)    1 :  0.177 0.238 0.100 0.300 0.107 0.078 
238 z0056377    (0)    1 :  0.477 0.080 0.122 0.153 0.100 0.068 
239 z0056378    (2)    1 :  0.062 0.085 0.049 0.487 0.231 0.087 
240 z0056382    (1)    1 :  0.055 0.365 0.097 0.360 0.073 0.049 
241 z0056384    (3)    1 :  0.125 0.140 0.214 0.296 0.117 0.107 
242 z0056386    (8)    1 :  0.107 0.325 0.103 0.356 0.051 0.059 
243 z0056389    (1)    1 :  0.046 0.650 0.064 0.169 0.031 0.041 
244 z0056391    (2)    1 :  0.132 0.272 0.033 0.513 0.027 0.022 
245 z0056392   (12)    1 :  0.379 0.181 0.054 0.251 0.048 0.087 
246 z0056393    (9)    1 :  0.303 0.219 0.156 0.079 0.145 0.099 
247 z0056394    (1)    1 :  0.402 0.221 0.092 0.125 0.099 0.061 
248 z0056395    (2)    1 :  0.385 0.066 0.106 0.215 0.129 0.098 
249 z0056397    (1)    1 :  0.328 0.115 0.160 0.081 0.091 0.224 
250 z0061527    (3)    3 :  0.199 0.097 0.101 0.132 0.165 0.306 
251 z0061967    (1)    3 :  0.251 0.204 0.101 0.163 0.102 0.179 
252 z0061969    (1)    3 :  0.235 0.193 0.049 0.125 0.150 0.248 
253 z0061980    (1)    1 :  0.228 0.148 0.115 0.224 0.058 0.226 
254 z0066166    (3)    3 :  0.262 0.184 0.141 0.220 0.069 0.124 
255 z0066792    (2)    1 :  0.051 0.075 0.617 0.140 0.040 0.078 
256 z0066805    (2)    1 :  0.069 0.093 0.585 0.069 0.124 0.060 
257 z0068471    (3)    3 :  0.228 0.067 0.120 0.386 0.107 0.092 
258 z0075696    (7)    5 :  0.038 0.108 0.664 0.044 0.084 0.061 
259 z0101084    (8)    1 :  0.070 0.210 0.061 0.450 0.133 0.076 
260 z0107099    (3)    3 :  0.200 0.219 0.079 0.394 0.083 0.026 
261 z0107101    (0)    1 :  0.053 0.103 0.043 0.721 0.042 0.039 
262 z0108489    (1)    1 :  0.169 0.062 0.148 0.208 0.303 0.110 
263 z0108513    (0)    1 :  0.111 0.235 0.057 0.409 0.028 0.159 
264 z0108528    (1)    3 :  0.232 0.207 0.095 0.146 0.144 0.176 
265 z0113628    (2)    3 :  0.141 0.218 0.216 0.080 0.266 0.079 
266 z0133302   (18)    1 :  0.089 0.101 0.119 0.432 0.105 0.154 
267 z0173485    (0)    1 :  0.170 0.241 0.094 0.094 0.234 0.167 
268 z0175371    (1)    3 :  0.175 0.135 0.333 0.076 0.084 0.197 
269 z0175378    (0)    2 :  0.059 0.189 0.051 0.076 0.160 0.466 
270 z0175912    (6)    1 :  0.339 0.081 0.129 0.243 0.106 0.102 
271 z0175916    (3)    1 :  0.152 0.167 0.192 0.147 0.078 0.264 
272 z0175937    (1)    1 :  0.189 0.294 0.110 0.227 0.112 0.067 
273 z0178348   (13)    1 :  0.436 0.082 0.087 0.274 0.057 0.063 
274 z0187857    (3)    1 :  0.108 0.112 0.059 0.497 0.139 0.084 
275 z0187860    (0)    1 :  0.105 0.262 0.121 0.163 0.229 0.120 
276 z0187885    (0)    2 :  0.090 0.124 0.296 0.107 0.166 0.216 
277 z0187906   (10)    1 :  0.111 0.158 0.306 0.114 0.255 0.056 
278 z0195655    (0)    2 :  0.105 0.069 0.068 0.091 0.071 0.595 
279 z0195663    (1)    3 :  0.151 0.149 0.108 0.046 0.264 0.281 
280 z0195683    (1)    3 :  0.134 0.286 0.062 0.292 0.174 0.051 
281 z0195687   (22)    3 :  0.226 0.439 0.100 0.136 0.055 0.044 
282 z0195688    (0)    2 :  0.126 0.164 0.249 0.089 0.190 0.181 
283 z0195691    (1)    3 :  0.201 0.194 0.192 0.061 0.310 0.043 
284 z0195699    (0)    3 :  0.256 0.374 0.081 0.075 0.120 0.094 
285 z0195701    (8)    3 :  0.124 0.174 0.134 0.378 0.087 0.103 
286 z0195702    (0)    3 :  0.179 0.133 0.244 0.178 0.119 0.147 
287 z0195704    (1)    3 :  0.194 0.076 0.132 0.326 0.160 0.113 
288 z0195705    (1)    3 :  0.109 0.112 0.086 0.050 0.441 0.201 
289 z0195711    (0)    3 :  0.171 0.280 0.300 0.081 0.116 0.052 
290 z0195716    (0)    3 :  0.190 0.151 0.281 0.205 0.077 0.096 
291 z0195718   (13)    3 :  0.177 0.256 0.165 0.248 0.100 0.053 
292 z0195725    (5)    3 :  0.317 0.091 0.096 0.157 0.103 0.236 
293 z0195726   (17)    1 :  0.374 0.122 0.156 0.084 0.194 0.070 
294 z0195728   (14)    3 :  0.069 0.457 0.060 0.309 0.069 0.036 
295 z0195732   (16)    3 :  0.355 0.225 0.102 0.140 0.136 0.042 
296 z0195737    (1)    3 :  0.058 0.196 0.145 0.111 0.301 0.189 
297 z0195740   (30)    3 :  0.295 0.216 0.107 0.084 0.205 0.092 
298 z0195751    (1)    3 :  0.099 0.419 0.085 0.243 0.089 0.064 
299 z0195762    (2)    3 :  0.276 0.097 0.316 0.192 0.061 0.057 
300 z0195784    (0)    3 :  0.094 0.355 0.129 0.216 0.161 0.045 
301 z0196686    (0)    5 :  0.035 0.054 0.775 0.062 0.044 0.029 
302 z0196687    (0)    5 :  0.091 0.055 0.643 0.085 0.045 0.081 
303 z0196689    (1)    5 :  0.079 0.091 0.672 0.042 0.046 0.071 
304 z0196690    (3)    5 :  0.053 0.091 0.573 0.178 0.064 0.042 
305 z0196691    (9)    5 :  0.072 0.117 0.616 0.068 0.084 0.043 
306 z0196692    (1)    5 :  0.098 0.087 0.568 0.096 0.063 0.088 
307 z0196693    (2)    5 :  0.114 0.075 0.622 0.099 0.040 0.051 
308 z0196694    (3)    5 :  0.080 0.096 0.588 0.073 0.098 0.066 
309 z0196710    (0)    3 :  0.175 0.206 0.180 0.125 0.119 0.195 
310 z0196715   (23)    3 :  0.284 0.329 0.093 0.159 0.074 0.060 
311 z0196719    (0)    3 :  0.328 0.223 0.130 0.101 0.091 0.127 
312 z0196724   (20)    3 :  0.273 0.218 0.077 0.182 0.148 0.102 
313 z0196725    (1)    3 :  0.144 0.137 0.126 0.339 0.196 0.058 
314 z0196729    (3)    3 :  0.247 0.253 0.117 0.149 0.080 0.155 
315 z0196730    (3)    1 :  0.135 0.061 0.153 0.501 0.065 0.085 
316 z0196731    (1)    3 :  0.333 0.230 0.119 0.196 0.076 0.046 
317 z0196733   (17)    1 :  0.478 0.142 0.095 0.136 0.085 0.064 
318 z0196734    (2)    3 :  0.175 0.212 0.115 0.134 0.254 0.110 
319 z0196739   (18)    3 :  0.149 0.135 0.087 0.314 0.137 0.178 
320 z0196740   (10)    3 :  0.383 0.112 0.174 0.187 0.060 0.085 
321 z0196746    (3)    1 :  0.070 0.110 0.103 0.456 0.202 0.060 
322 z0196751    (0)    3 :  0.131 0.180 0.137 0.284 0.089 0.178 
323 z0196752    (0)    3 :  0.160 0.164 0.390 0.149 0.077 0.059 
324 z0196754    (0)    3 :  0.112 0.382 0.088 0.199 0.136 0.084 
325 z0196758    (2)    1 :  0.257 0.167 0.151 0.250 0.094 0.081 
326 z0196763    (2)    3 :  0.259 0.259 0.098 0.092 0.235 0.058 
327 z0196764    (1)    3 :  0.211 0.338 0.149 0.091 0.075 0.136 
328 z0196766    (0)    3 :  0.144 0.286 0.139 0.234 0.087 0.110 
329 z0196769    (1)    3 :  0.143 0.342 0.163 0.210 0.057 0.086 
330 z0196774    (1)    3 :  0.179 0.172 0.272 0.244 0.072 0.061 
331 z0196783    (0)    1 :  0.066 0.220 0.059 0.577 0.044 0.034 
332 z0196794    (2)    1 :  0.098 0.254 0.116 0.446 0.045 0.042 
333 z0196804   (15)    1 :  0.385 0.236 0.086 0.139 0.075 0.078 
334 z0196809   (15)    3 :  0.523 0.090 0.199 0.079 0.056 0.052 
335 z0196810    (2)    1 :  0.475 0.079 0.145 0.137 0.095 0.069 
336 z0196811    (1)    1 :  0.585 0.071 0.102 0.135 0.075 0.032 
337 z0196824    (0)    3 :  0.155 0.149 0.174 0.141 0.219 0.162 
338 z0196825    (1)    3 :  0.209 0.258 0.063 0.154 0.162 0.154 
339 z0196828    (1)    2 :  0.281 0.222 0.106 0.141 0.127 0.123 
340 z0196829    (0)    3 :  0.396 0.173 0.096 0.098 0.153 0.083 
341 z0196834   (28)    3 :  0.179 0.131 0.133 0.283 0.115 0.158 
342 z0196835    (0)    3 :  0.127 0.293 0.034 0.335 0.102 0.108 
343 z0196838    (2)    1 :  0.558 0.091 0.186 0.080 0.046 0.039 
344 z0196841   (22)    3 :  0.168 0.178 0.192 0.300 0.089 0.074 
345 z0196843   (27)    3 :  0.252 0.092 0.084 0.335 0.180 0.057 
346 z0196849    (1)    3 :  0.164 0.381 0.112 0.179 0.069 0.095 
347 z0196852    (1)    2 :  0.118 0.222 0.218 0.078 0.252 0.111 
348 z0196855    (0)    2 :  0.245 0.139 0.187 0.116 0.158 0.154 
349 z0196856    (1)    3 :  0.242 0.189 0.170 0.093 0.188 0.117 
350 z0196857    (0)    2 :  0.057 0.232 0.070 0.206 0.069 0.367 
351 z0196864    (2)    3 :  0.170 0.155 0.164 0.061 0.286 0.164 
352 z0196894    (0)    3 :  0.258 0.154 0.176 0.183 0.180 0.048 
353 z0197662    (3)    1 :  0.243 0.082 0.120 0.147 0.275 0.133 
354 z0197665    (2)    1 :  0.138 0.102 0.129 0.497 0.042 0.091 
355 z0197668   (20)    3 :  0.173 0.184 0.366 0.079 0.114 0.085 
356 z0197669    (1)    3 :  0.087 0.178 0.137 0.085 0.396 0.117 
357 z0197672    (1)    3 :  0.106 0.337 0.147 0.192 0.092 0.127 


Estimated Allele Frequencies in each cluster
First column gives estimated ancestral frequencies


Locus 1 : HI.v.HI.SEAK 
5 alleles
66.2% missing data
   0   (0.218) 0.115 0.121 0.278 0.133 0.284 0.188 
   4   (0.369) 0.664 0.681 0.332 0.540 0.106 0.042 
   1   (0.215) 0.100 0.088 0.204 0.084 0.398 0.728 
   2   (0.052) 0.021 0.019 0.032 0.017 0.061 0.020 
   3   (0.146) 0.100 0.091 0.154 0.226 0.151 0.022 

Locus 2 : Mnov_gtseq_1 
2 alleles
0.0% missing data
   0   (0.413) 0.407 0.383 0.488 0.357 0.466 0.284 
   1   (0.587) 0.593 0.617 0.512 0.643 0.534 0.716 

Locus 3 : Mnov_gtseq_10 
2 alleles
0.3% missing data
   0   (0.810) 0.664 0.672 0.925 0.804 0.950 0.943 
   1   (0.190) 0.336 0.328 0.075 0.196 0.050 0.057 

Locus 4 : Mnov_gtseq_102 
2 alleles
0.8% missing data
   0   (0.568) 0.647 0.541 0.542 0.349 0.619 0.772 
   1   (0.432) 0.353 0.459 0.458 0.651 0.381 0.228 

Locus 5 : Mnov_gtseq_104 
2 alleles
0.3% missing data
   0   (0.855) 0.874 0.793 0.959 0.669 0.944 0.959 
   1   (0.145) 0.126 0.207 0.041 0.331 0.056 0.041 

Locus 6 : Mnov_gtseq_106 
2 alleles
15.4% missing data
   1   (0.752) 0.745 0.847 0.696 0.758 0.885 0.746 
   0   (0.248) 0.255 0.153 0.304 0.242 0.115 0.254 

Locus 7 : Mnov_gtseq_107 
2 alleles
37.8% missing data
   1   (0.217) 0.122 0.110 0.083 0.193 0.566 0.411 
   0   (0.783) 0.878 0.890 0.917 0.807 0.434 0.589 

Locus 8 : Mnov_gtseq_111 
2 alleles
39.2% missing data
   1   (0.689) 0.792 0.526 0.831 0.680 0.836 0.379 
   0   (0.311) 0.208 0.474 0.169 0.320 0.164 0.621 

Locus 9 : Mnov_gtseq_112 
2 alleles
1.1% missing data
   0   (0.594) 0.489 0.706 0.379 0.740 0.625 0.782 
   1   (0.406) 0.511 0.294 0.621 0.260 0.375 0.218 

Locus 10 : Mnov_gtseq_113 
2 alleles
1.7% missing data
   1   (0.700) 0.709 0.810 0.641 0.774 0.770 0.607 
   0   (0.300) 0.291 0.190 0.359 0.226 0.230 0.393 

Locus 11 : Mnov_gtseq_114 
2 alleles
4.5% missing data
   0   (0.535) 0.623 0.692 0.427 0.512 0.629 0.208 
   1   (0.465) 0.377 0.308 0.573 0.488 0.371 0.792 

Locus 12 : Mnov_gtseq_117 
2 alleles
27.2% missing data
   0   (0.636) 0.598 0.591 0.673 0.560 0.575 0.913 
   1   (0.364) 0.402 0.409 0.327 0.440 0.425 0.087 

Locus 13 : Mnov_gtseq_118 
2 alleles
8.1% missing data
   0   (0.728) 0.746 0.830 0.790 0.344 0.745 0.912 
   1   (0.272) 0.254 0.170 0.210 0.656 0.255 0.088 

Locus 14 : Mnov_gtseq_12 
2 alleles
0.3% missing data
   0   (0.466) 0.375 0.668 0.724 0.388 0.233 0.280 
   1   (0.534) 0.625 0.332 0.276 0.612 0.767 0.720 

Locus 15 : Mnov_gtseq_124 
2 alleles
4.8% missing data
   1   (0.767) 0.596 0.762 0.895 0.732 0.876 0.892 
   0   (0.233) 0.404 0.238 0.105 0.268 0.124 0.108 

Locus 16 : Mnov_gtseq_125 
2 alleles
1.1% missing data
   1   (0.891) 0.908 0.968 0.957 0.982 0.821 0.596 
   0   (0.109) 0.092 0.032 0.043 0.018 0.179 0.404 

Locus 17 : Mnov_gtseq_126 
2 alleles
0.0% missing data
   0   (0.338) 0.486 0.164 0.558 0.120 0.467 0.250 
   1   (0.662) 0.514 0.836 0.442 0.880 0.533 0.750 

Locus 18 : Mnov_gtseq_127 
2 alleles
7.0% missing data
   0   (0.612) 0.605 0.771 0.619 0.670 0.545 0.437 
   1   (0.388) 0.395 0.229 0.381 0.330 0.455 0.563 

Locus 19 : Mnov_gtseq_128 
2 alleles
31.4% missing data
   0   (0.684) 0.730 0.684 0.668 0.849 0.619 0.682 
   1   (0.316) 0.270 0.316 0.332 0.151 0.381 0.318 

Locus 20 : Mnov_gtseq_129 
2 alleles
2.0% missing data
   0   (0.499) 0.503 0.408 0.255 0.541 0.836 0.519 
   1   (0.501) 0.497 0.592 0.745 0.459 0.164 0.481 

Locus 21 : Mnov_gtseq_13 
2 alleles
0.0% missing data
   0   (0.577) 0.413 0.430 0.826 0.579 0.705 0.559 
   1   (0.423) 0.587 0.570 0.174 0.421 0.295 0.441 

Locus 22 : Mnov_gtseq_130 
2 alleles
28.9% missing data
   1   (0.509) 0.562 0.448 0.699 0.484 0.313 0.527 
   0   (0.491) 0.438 0.552 0.301 0.516 0.687 0.473 

Locus 23 : Mnov_gtseq_135 
2 alleles
0.6% missing data
   1   (0.452) 0.335 0.555 0.355 0.389 0.536 0.603 
   0   (0.548) 0.665 0.445 0.645 0.611 0.464 0.397 

Locus 24 : Mnov_gtseq_138 
2 alleles
0.6% missing data
   0   (0.472) 0.551 0.472 0.387 0.417 0.605 0.297 
   1   (0.528) 0.449 0.528 0.613 0.583 0.395 0.703 

Locus 25 : Mnov_gtseq_140 
2 alleles
1.1% missing data
   0   (0.430) 0.407 0.596 0.187 0.262 0.618 0.627 
   1   (0.570) 0.593 0.404 0.813 0.738 0.382 0.373 

Locus 26 : Mnov_gtseq_141 
2 alleles
0.3% missing data
   0   (0.555) 0.571 0.459 0.387 0.833 0.582 0.538 
   1   (0.445) 0.429 0.541 0.613 0.167 0.418 0.462 

Locus 27 : Mnov_gtseq_143 
2 alleles
2.8% missing data
   1   (0.551) 0.673 0.583 0.308 0.710 0.510 0.521 
   0   (0.449) 0.327 0.417 0.692 0.290 0.490 0.479 

Locus 28 : Mnov_gtseq_145 
2 alleles
2.0% missing data
   0   (0.458) 0.362 0.566 0.357 0.637 0.240 0.604 
   1   (0.542) 0.638 0.434 0.643 0.363 0.760 0.396 

Locus 29 : Mnov_gtseq_147 
2 alleles
26.3% missing data
   0   (0.781) 0.930 0.880 0.733 0.832 0.754 0.357 
   1   (0.219) 0.070 0.120 0.267 0.168 0.246 0.643 

Locus 30 : Mnov_gtseq_148 
2 alleles
9.2% missing data
   0   (0.307) 0.407 0.266 0.480 0.196 0.242 0.099 
   1   (0.693) 0.593 0.734 0.520 0.804 0.758 0.901 

Locus 31 : Mnov_gtseq_149 
2 alleles
0.6% missing data
   0   (0.589) 0.663 0.607 0.544 0.598 0.608 0.562 
   1   (0.411) 0.337 0.393 0.456 0.402 0.392 0.438 

Locus 32 : Mnov_gtseq_15 
2 alleles
0.0% missing data
   0   (0.476) 0.344 0.709 0.500 0.476 0.322 0.450 
   1   (0.524) 0.656 0.291 0.500 0.524 0.678 0.550 

Locus 33 : Mnov_gtseq_152 
2 alleles
0.8% missing data
   0   (0.333) 0.174 0.370 0.223 0.368 0.523 0.329 
   1   (0.667) 0.826 0.630 0.777 0.632 0.477 0.671 

Locus 34 : Mnov_gtseq_154 
2 alleles
3.4% missing data
   0   (0.551) 0.544 0.614 0.580 0.678 0.442 0.407 
   1   (0.449) 0.456 0.386 0.420 0.322 0.558 0.593 

Locus 35 : Mnov_gtseq_155 
2 alleles
41.7% missing data
   0   (0.657) 0.633 0.701 0.618 0.663 0.798 0.648 
   1   (0.343) 0.367 0.299 0.382 0.337 0.202 0.352 

Locus 36 : Mnov_gtseq_157 
2 alleles
0.6% missing data
   1   (0.550) 0.529 0.470 0.501 0.600 0.675 0.626 
   0   (0.450) 0.471 0.530 0.499 0.400 0.325 0.374 

Locus 37 : Mnov_gtseq_158 
2 alleles
0.6% missing data
   0   (0.391) 0.499 0.543 0.373 0.755 0.123 0.059 
   1   (0.609) 0.501 0.457 0.627 0.245 0.877 0.941 

Locus 38 : Mnov_gtseq_159 
2 alleles
24.6% missing data
   0   (0.603) 0.804 0.631 0.472 0.676 0.593 0.340 
   1   (0.397) 0.196 0.369 0.528 0.324 0.407 0.660 

Locus 39 : Mnov_gtseq_16 
2 alleles
0.0% missing data
   0   (0.639) 0.484 0.787 0.792 0.603 0.695 0.467 
   1   (0.361) 0.516 0.213 0.208 0.397 0.305 0.533 

Locus 40 : Mnov_gtseq_160 
2 alleles
2.5% missing data
   0   (0.495) 0.627 0.531 0.450 0.461 0.449 0.352 
   1   (0.505) 0.373 0.469 0.550 0.539 0.551 0.648 

Locus 41 : Mnov_gtseq_161 
2 alleles
2.0% missing data
   1   (0.749) 0.732 0.747 0.817 0.721 0.866 0.795 
   0   (0.251) 0.268 0.253 0.183 0.279 0.134 0.205 

Locus 42 : Mnov_gtseq_162 
2 alleles
2.2% missing data
   1   (0.415) 0.244 0.451 0.229 0.686 0.529 0.480 
   0   (0.585) 0.756 0.549 0.771 0.314 0.471 0.520 

Locus 43 : Mnov_gtseq_167 
2 alleles
1.1% missing data
   1   (0.789) 0.779 0.836 0.851 0.620 0.942 0.841 
   0   (0.211) 0.221 0.164 0.149 0.380 0.058 0.159 

Locus 44 : Mnov_gtseq_17 
2 alleles
0.0% missing data
   0   (0.515) 0.443 0.504 0.576 0.695 0.408 0.482 
   1   (0.485) 0.557 0.496 0.424 0.305 0.592 0.518 

Locus 45 : Mnov_gtseq_170 
2 alleles
0.0% missing data
   0   (0.317) 0.305 0.361 0.337 0.212 0.341 0.161 
   1   (0.683) 0.695 0.639 0.663 0.788 0.659 0.839 

Locus 46 : Mnov_gtseq_171 
2 alleles
42.0% missing data
   1   (0.682) 0.779 0.558 0.769 0.584 0.774 0.726 
   0   (0.318) 0.221 0.442 0.231 0.416 0.226 0.274 

Locus 47 : Mnov_gtseq_173 
2 alleles
21.8% missing data
   1   (0.489) 0.376 0.357 0.738 0.211 0.546 0.810 
   0   (0.511) 0.624 0.643 0.262 0.789 0.454 0.190 

Locus 48 : Mnov_gtseq_174 
2 alleles
2.8% missing data
   0   (0.298) 0.231 0.154 0.262 0.321 0.294 0.540 
   1   (0.702) 0.769 0.846 0.738 0.679 0.706 0.460 

Locus 49 : Mnov_gtseq_180 
2 alleles
14.0% missing data
   0   (0.640) 0.716 0.646 0.270 0.523 0.797 0.935 
   1   (0.360) 0.284 0.354 0.730 0.477 0.203 0.065 

Locus 50 : Mnov_gtseq_182 
2 alleles
9.0% missing data
   0   (0.814) 0.869 0.762 0.941 0.676 0.911 0.800 
   1   (0.186) 0.131 0.238 0.059 0.324 0.089 0.200 

Locus 51 : Mnov_gtseq_186 
2 alleles
27.7% missing data
   0   (0.522) 0.554 0.479 0.612 0.578 0.403 0.501 
   1   (0.478) 0.446 0.521 0.388 0.422 0.597 0.499 

Locus 52 : Mnov_gtseq_187 
2 alleles
7.6% missing data
   1   (0.588) 0.547 0.714 0.552 0.538 0.360 0.856 
   0   (0.412) 0.453 0.286 0.448 0.462 0.640 0.144 

Locus 53 : Mnov_gtseq_188 
2 alleles
13.4% missing data
   0   (0.566) 0.268 0.580 0.851 0.450 0.627 0.699 
   1   (0.434) 0.732 0.420 0.149 0.550 0.373 0.301 

Locus 54 : Mnov_gtseq_189 
2 alleles
3.6% missing data
   0   (0.436) 0.434 0.406 0.174 0.680 0.564 0.460 
   1   (0.564) 0.566 0.594 0.826 0.320 0.436 0.540 

Locus 55 : Mnov_gtseq_19 
2 alleles
0.0% missing data
   1   (0.928) 0.979 0.988 0.827 0.989 0.978 0.716 
   0   (0.072) 0.021 0.012 0.173 0.011 0.022 0.284 

Locus 56 : Mnov_gtseq_190 
2 alleles
0.0% missing data
   1   (0.422) 0.422 0.532 0.415 0.316 0.415 0.280 
   0   (0.578) 0.578 0.468 0.585 0.684 0.585 0.720 

Locus 57 : Mnov_gtseq_191 
2 alleles
26.3% missing data
   0   (0.895) 0.789 0.969 0.820 0.873 0.982 0.990 
   1   (0.105) 0.211 0.031 0.180 0.127 0.018 0.010 

Locus 58 : Mnov_gtseq_192 
2 alleles
21.0% missing data
   0   (0.808) 0.777 0.873 0.891 0.793 0.883 0.777 
   1   (0.192) 0.223 0.127 0.109 0.207 0.117 0.223 

Locus 59 : Mnov_gtseq_193 
2 alleles
0.0% missing data
   0   (0.711) 0.668 0.791 0.552 0.733 0.907 0.718 
   1   (0.289) 0.332 0.209 0.448 0.267 0.093 0.282 

Locus 60 : Mnov_gtseq_195 
2 alleles
0.0% missing data
   0   (0.550) 0.565 0.488 0.750 0.372 0.689 0.428 
   1   (0.450) 0.435 0.512 0.250 0.628 0.311 0.572 

Locus 61 : Mnov_gtseq_196 
2 alleles
0.3% missing data
   0   (0.318) 0.233 0.284 0.472 0.560 0.198 0.120 
   1   (0.682) 0.767 0.716 0.528 0.440 0.802 0.880 

Locus 62 : Mnov_gtseq_197 
3 alleles
0.3% missing data
   1   (0.390) 0.319 0.315 0.373 0.565 0.407 0.255 
   0   (0.426) 0.522 0.569 0.184 0.311 0.469 0.692 
   2   (0.185) 0.159 0.116 0.443 0.124 0.124 0.053 

Locus 63 : Mnov_gtseq_2 
2 alleles
0.3% missing data
   0   (0.209) 0.265 0.140 0.195 0.055 0.297 0.177 
   1   (0.791) 0.735 0.860 0.805 0.945 0.703 0.823 

Locus 64 : Mnov_gtseq_200 
2 alleles
2.8% missing data
   0   (0.411) 0.343 0.369 0.255 0.300 0.588 0.722 
   1   (0.589) 0.657 0.631 0.745 0.700 0.412 0.278 

Locus 65 : Mnov_gtseq_201 
2 alleles
0.0% missing data
   0   (0.875) 0.820 0.910 0.917 0.647 0.981 0.981 
   1   (0.125) 0.180 0.090 0.083 0.353 0.019 0.019 

Locus 66 : Mnov_gtseq_202 
2 alleles
0.0% missing data
   0   (0.434) 0.447 0.507 0.305 0.345 0.286 0.722 
   1   (0.566) 0.553 0.493 0.695 0.655 0.714 0.278 

Locus 67 : Mnov_gtseq_204 
2 alleles
3.9% missing data
   0   (0.451) 0.385 0.374 0.487 0.532 0.313 0.655 
   1   (0.549) 0.615 0.626 0.513 0.468 0.687 0.345 

Locus 68 : Mnov_gtseq_205 
3 alleles
0.0% missing data
   0   (0.234) 0.219 0.348 0.193 0.176 0.111 0.239 
   2   (0.695) 0.758 0.625 0.714 0.799 0.867 0.680 
   1   (0.071) 0.023 0.027 0.093 0.025 0.022 0.081 

Locus 69 : Mnov_gtseq_208 
2 alleles
0.0% missing data
   0   (0.626) 0.743 0.672 0.512 0.778 0.671 0.296 
   1   (0.374) 0.257 0.328 0.488 0.222 0.329 0.704 

Locus 70 : Mnov_gtseq_209 
2 alleles
0.0% missing data
   0   (0.450) 0.311 0.595 0.307 0.319 0.648 0.572 
   1   (0.550) 0.689 0.405 0.693 0.681 0.352 0.428 

Locus 71 : Mnov_gtseq_21 
2 alleles
0.0% missing data
   1   (0.533) 0.652 0.435 0.615 0.728 0.407 0.264 
   0   (0.467) 0.348 0.565 0.385 0.272 0.593 0.736 

Locus 72 : Mnov_gtseq_210 
2 alleles
5.0% missing data
   0   (0.395) 0.327 0.615 0.348 0.548 0.205 0.218 
   1   (0.605) 0.673 0.385 0.652 0.452 0.795 0.782 

Locus 73 : Mnov_gtseq_213 
2 alleles
5.6% missing data
   0   (0.508) 0.603 0.598 0.434 0.505 0.538 0.286 
   1   (0.492) 0.397 0.402 0.566 0.495 0.462 0.714 

Locus 74 : Mnov_gtseq_214 
2 alleles
5.3% missing data
   0   (0.542) 0.622 0.480 0.375 0.472 0.629 0.774 
   1   (0.458) 0.378 0.520 0.625 0.528 0.371 0.226 

Locus 75 : Mnov_gtseq_215 
2 alleles
0.0% missing data
   0   (0.455) 0.283 0.431 0.368 0.438 0.790 0.444 
   1   (0.545) 0.717 0.569 0.632 0.562 0.210 0.556 

Locus 76 : Mnov_gtseq_216 
2 alleles
0.0% missing data
   1   (0.538) 0.429 0.387 0.607 0.486 0.829 0.563 
   0   (0.462) 0.571 0.613 0.393 0.514 0.171 0.437 

Locus 77 : Mnov_gtseq_217 
2 alleles
24.4% missing data
   0   (0.307) 0.309 0.516 0.228 0.198 0.352 0.106 
   1   (0.693) 0.691 0.484 0.772 0.802 0.648 0.894 

Locus 78 : Mnov_gtseq_218 
2 alleles
0.3% missing data
   0   (0.614) 0.615 0.367 0.793 0.402 0.822 0.761 
   1   (0.386) 0.385 0.633 0.207 0.598 0.178 0.239 

Locus 79 : Mnov_gtseq_22 
2 alleles
3.9% missing data
   1   (0.588) 0.589 0.481 0.531 0.592 0.700 0.769 
   0   (0.412) 0.411 0.519 0.469 0.408 0.300 0.231 

Locus 80 : Mnov_gtseq_220 
2 alleles
0.3% missing data
   0   (0.531) 0.541 0.342 0.624 0.528 0.587 0.685 
   1   (0.469) 0.459 0.658 0.376 0.472 0.413 0.315 

Locus 81 : Mnov_gtseq_222 
2 alleles
14.3% missing data
   0   (0.524) 0.450 0.338 0.762 0.272 0.772 0.628 
   1   (0.476) 0.550 0.662 0.238 0.728 0.228 0.372 

Locus 82 : Mnov_gtseq_223 
2 alleles
2.5% missing data
   0   (0.642) 0.446 0.760 0.633 0.803 0.721 0.592 
   1   (0.358) 0.554 0.240 0.367 0.197 0.279 0.408 

Locus 83 : Mnov_gtseq_225 
2 alleles
0.0% missing data
   0   (0.516) 0.662 0.575 0.288 0.589 0.479 0.487 
   1   (0.484) 0.338 0.425 0.712 0.411 0.521 0.513 

Locus 84 : Mnov_gtseq_227 
2 alleles
0.3% missing data
   0   (0.523) 0.361 0.471 0.699 0.488 0.440 0.771 
   1   (0.477) 0.639 0.529 0.301 0.512 0.560 0.229 

Locus 85 : Mnov_gtseq_229 
2 alleles
0.8% missing data
   1   (0.539) 0.497 0.357 0.588 0.677 0.502 0.741 
   0   (0.461) 0.503 0.643 0.412 0.323 0.498 0.259 

Locus 86 : Mnov_gtseq_230 
2 alleles
10.4% missing data
   0   (0.792) 0.506 0.836 0.933 0.630 0.942 0.878 
   1   (0.208) 0.494 0.164 0.067 0.370 0.058 0.122 

Locus 87 : Mnov_gtseq_232 
2 alleles
0.0% missing data
   0   (0.489) 0.453 0.437 0.333 0.475 0.510 0.820 
