

----------------------------------------------------
STRUCTURE by Pritchard, Stephens and Donnelly (2000)
     and Falush, Stephens and Pritchard (2003)
       Code by Pritchard, Falush and Hubisz
             Version 2.3.4 (Jul 2012)
----------------------------------------------------



Command line arguments:   structure -m wint.area.structureRun/wint.area.structureRun.k4.r4_mainparams -e wint.area.structureRun/wint.area.structureRun.k4.r4_extraparams -i wint.area.structureRun/wint.area.structureRun.k4.r4_data -o wint.area.structureRun/wint.area.structureRun.k4.r4_out 
Input File:    wint.area.structureRun/wint.area.structureRun.k4.r4_data

Run parameters:
   357 individuals
   328 loci
   4 populations assumed
   1000 Burn-in period
   10000 Reps


--------------------------------------------
Proportion of membership of each pre-defined
 population in each of the 4 clusters

Given    Inferred Clusters              Number of
 Pop       1      2      3      4      Individuals

  1:     0.287  0.127  0.199  0.387       80
  2:     0.194  0.445  0.210  0.151      126
  3:     0.311  0.188  0.216  0.285      115
  4:     0.280  0.297  0.225  0.198       27
  5:     0.087  0.068  0.753  0.093        9
--------------------------------------------

Allele-freq. divergence among pops (Net nucleotide distance),
computed using point estimates of P.

      1       2       3       4      
 1      -    0.0298  0.0162  0.0161  
 2   0.0298     -    0.0317  0.0392  
 3   0.0162  0.0317     -    0.0252  
 4   0.0161  0.0392  0.0252     -    

Average distances (expected heterozygosity) between individuals in same cluster:
cluster  1  : 0.4130 
cluster  2  : 0.3961 
cluster  3  : 0.4026 
cluster  4  : 0.4140 

--------------------------------------------
Estimated Ln Prob of Data   = -135152.7
Mean value of ln likelihood = -133382.9
Variance of ln likelihood   = 3539.6
Mean value of alpha         = 1.0000

Mean value of Fst_1         = 0.0620
Mean value of Fst_2         = 0.1311
Mean value of Fst_3         = 0.0867
Mean value of Fst_4         = 0.0863


Inferred ancestry of individuals:
        Label (%Miss) Pop:  Inferred clusters
  1   207778    (2)    2 :  0.229 0.435 0.174 0.161 
  2 z0005757    (7)    3 :  0.213 0.205 0.359 0.222 
  3 z0005758    (0)    3 :  0.510 0.081 0.141 0.267 
  4 z0011944    (0)    1 :  0.048 0.095 0.799 0.058 
  5 z0012702   (10)    4 :  0.070 0.658 0.206 0.066 
  6 z0016577    (2)    3 :  0.378 0.294 0.162 0.166 
  7 z0016578   (21)    1 :  0.282 0.072 0.239 0.407 
  8 z0016579    (1)    3 :  0.404 0.143 0.299 0.154 
  9 z0018264    (0)    1 :  0.064 0.128 0.748 0.060 
 10 z0029828    (2)    3 :  0.231 0.197 0.075 0.496 
 11 z0029829   (14)    1 :  0.182 0.124 0.093 0.601 
 12 z0029846   (14)    1 :  0.436 0.135 0.246 0.183 
 13 z0029860    (1)    3 :  0.258 0.115 0.093 0.534 
 14 z0029863    (2)    1 :  0.399 0.111 0.391 0.099 
 15 z0029864    (8)    1 :  0.347 0.106 0.268 0.279 
 16 z0029865   (13)    3 :  0.596 0.078 0.125 0.201 
 17 z0037607    (2)    3 :  0.363 0.209 0.280 0.148 
 18 z0037609   (25)    3 :  0.506 0.129 0.218 0.147 
 19 z0037624   (21)    1 :  0.492 0.157 0.129 0.222 
 20 z0038417    (8)    2 :  0.118 0.608 0.199 0.075 
 21 z0040275    (9)    2 :  0.156 0.446 0.312 0.086 
 22 z0040287    (3)    2 :  0.195 0.293 0.344 0.168 
 23 z0040308    (1)    2 :  0.244 0.547 0.091 0.117 
 24 z0040333    (1)    2 :  0.177 0.463 0.178 0.182 
 25 z0040334    (1)    2 :  0.058 0.741 0.132 0.069 
 26 z0040337    (6)    2 :  0.300 0.309 0.227 0.165 
 27 z0040345    (1)    2 :  0.154 0.576 0.224 0.045 
 28 z0040357    (5)    2 :  0.239 0.503 0.164 0.094 
 29 z0040363   (20)    2 :  0.194 0.476 0.138 0.192 
 30 z0040364    (0)    2 :  0.130 0.625 0.127 0.119 
 31 z0040387    (1)    2 :  0.161 0.568 0.129 0.142 
 32 z0040403   (15)    2 :  0.209 0.441 0.176 0.175 
 33 z0040413   (43)    2 :  0.226 0.428 0.227 0.118 
 34 z0040439    (0)    2 :  0.084 0.683 0.166 0.067 
 35 z0040465   (20)    2 :  0.336 0.328 0.168 0.169 
 36 z0040513   (17)    3 :  0.140 0.323 0.177 0.360 
 37 z0040961   (12)    2 :  0.118 0.362 0.411 0.109 
 38 z0040985   (16)    2 :  0.380 0.324 0.223 0.074 
 39 z0041026    (0)    2 :  0.087 0.612 0.117 0.184 
 40 z0041051   (28)    2 :  0.184 0.389 0.349 0.078 
 41 z0041115    (7)    2 :  0.105 0.536 0.169 0.190 
 42 z0041153   (23)    2 :  0.252 0.288 0.347 0.114 
 43 z0041233    (4)    2 :  0.327 0.336 0.176 0.161 
 44 z0041243    (1)    2 :  0.294 0.351 0.253 0.103 
 45 z0041248    (6)    2 :  0.157 0.557 0.144 0.142 
 46 z0041250    (1)    2 :  0.165 0.563 0.198 0.075 
 47 z0041274    (2)    2 :  0.165 0.383 0.319 0.133 
 48 z0041465   (15)    2 :  0.149 0.540 0.070 0.240 
 49 z0041472    (2)    2 :  0.128 0.528 0.103 0.240 
 50 z0041480   (10)    2 :  0.294 0.334 0.143 0.228 
 51 z0041483    (0)    2 :  0.133 0.603 0.162 0.101 
 52 z0041494   (12)    2 :  0.147 0.491 0.265 0.097 
 53 z0041498    (1)    2 :  0.139 0.447 0.205 0.209 
 54 z0041501    (1)    2 :  0.134 0.695 0.110 0.061 
 55 z0041507    (7)    2 :  0.152 0.566 0.161 0.120 
 56 z0041512    (0)    2 :  0.115 0.662 0.093 0.130 
 57 z0041522   (17)    2 :  0.152 0.486 0.147 0.215 
 58 z0041526    (1)    3 :  0.245 0.523 0.092 0.141 
 59 z0041527   (16)    2 :  0.207 0.485 0.159 0.150 
 60 z0043243    (2)    2 :  0.232 0.109 0.389 0.270 
 61 z0043278    (2)    2 :  0.071 0.625 0.208 0.096 
 62 z0043475   (17)    3 :  0.233 0.340 0.188 0.239 
 63 z0043477    (0)    2 :  0.336 0.365 0.202 0.097 
 64 z0043478    (2)    2 :  0.067 0.768 0.069 0.096 
 65 z0043481    (0)    2 :  0.181 0.523 0.180 0.116 
 66 z0043489    (7)    2 :  0.104 0.618 0.222 0.057 
 67 z0043491   (13)    2 :  0.183 0.414 0.271 0.132 
 68 z0043493    (3)    2 :  0.351 0.314 0.284 0.051 
 69 z0043494    (2)    2 :  0.222 0.321 0.300 0.157 
 70 z0043498    (2)    2 :  0.074 0.650 0.085 0.191 
 71 z0043504    (7)    2 :  0.355 0.314 0.246 0.085 
 72 z0043526    (3)    4 :  0.222 0.352 0.265 0.161 
 73 z0043566    (3)    2 :  0.298 0.453 0.143 0.106 
 74 z0043572    (0)    2 :  0.189 0.534 0.102 0.175 
 75 z0043599    (5)    2 :  0.305 0.349 0.190 0.156 
 76 z0043642    (1)    2 :  0.310 0.292 0.187 0.211 
 77 z0043649    (1)    2 :  0.126 0.592 0.195 0.086 
 78 z0043652    (1)    2 :  0.283 0.272 0.296 0.149 
 79 z0043668    (1)    2 :  0.190 0.266 0.287 0.256 
 80 z0043674    (1)    4 :  0.286 0.057 0.259 0.399 
 81 z0043686    (1)    2 :  0.189 0.335 0.272 0.203 
 82 z0043693    (1)    2 :  0.159 0.361 0.213 0.266 
 83 z0043704   (15)    2 :  0.161 0.636 0.123 0.080 
 84 z0043807    (1)    2 :  0.203 0.444 0.165 0.189 
 85 z0043819    (1)    2 :  0.392 0.165 0.285 0.158 
 86 z0043876    (7)    2 :  0.399 0.239 0.097 0.265 
 87 z0043877   (33)    2 :  0.232 0.374 0.153 0.240 
 88 z0043891   (21)    4 :  0.256 0.200 0.284 0.260 
 89 z0043915   (33)    2 :  0.148 0.238 0.434 0.180 
 90 z0043940   (10)    2 :  0.482 0.087 0.311 0.120 
 91 z0043954    (2)    2 :  0.214 0.277 0.339 0.170 
 92 z0043966    (5)    2 :  0.132 0.609 0.121 0.139 
 93 z0043980    (0)    2 :  0.148 0.368 0.207 0.277 
 94 z0043994    (1)    3 :  0.073 0.643 0.202 0.082 
 95 z0044017   (12)    2 :  0.109 0.347 0.425 0.120 
 96 z0044019   (14)    2 :  0.152 0.448 0.164 0.236 
 97 z0044023   (36)    2 :  0.083 0.693 0.074 0.150 
 98 z0044033    (0)    2 :  0.052 0.817 0.052 0.080 
 99 z0044042    (3)    2 :  0.078 0.647 0.129 0.146 
100 z0044047   (25)    2 :  0.169 0.492 0.240 0.100 
101 z0044064   (13)    2 :  0.187 0.398 0.336 0.079 
102 z0044432   (14)    2 :  0.148 0.324 0.232 0.296 
103 z0045326    (0)    3 :  0.441 0.164 0.079 0.317 
104 z0045331    (5)    1 :  0.221 0.178 0.205 0.396 
105 z0045332    (2)    1 :  0.234 0.175 0.330 0.261 
106 z0045333    (6)    1 :  0.310 0.112 0.121 0.457 
107 z0045337    (5)    1 :  0.143 0.145 0.139 0.573 
108 z0045342   (13)    1 :  0.148 0.188 0.126 0.538 
109 z0045347    (1)    3 :  0.401 0.130 0.320 0.149 
110 z0045350    (0)    1 :  0.291 0.126 0.360 0.222 
111 z0045370    (1)    1 :  0.239 0.041 0.096 0.623 
112 z0045371    (1)    3 :  0.412 0.213 0.200 0.176 
113 z0045398    (1)    3 :  0.591 0.060 0.116 0.233 
114 z0045399    (1)    3 :  0.185 0.064 0.426 0.326 
115 z0045401   (26)    1 :  0.283 0.175 0.266 0.275 
116 z0045404    (0)    3 :  0.383 0.072 0.101 0.445 
117 z0045405    (5)    3 :  0.486 0.083 0.259 0.172 
118 z0045407    (2)    3 :  0.459 0.102 0.307 0.132 
119 z0045719    (0)    2 :  0.171 0.577 0.149 0.103 
120 z0045720    (1)    2 :  0.249 0.339 0.268 0.144 
121 z0045728    (1)    2 :  0.166 0.566 0.113 0.155 
122 z0045731    (1)    2 :  0.318 0.383 0.209 0.091 
123 z0045733    (0)    2 :  0.155 0.316 0.266 0.263 
124 z0045736    (1)    2 :  0.245 0.229 0.362 0.164 
125 z0045739    (1)    2 :  0.459 0.200 0.176 0.166 
126 z0045740    (1)    2 :  0.178 0.608 0.148 0.067 
127 z0045741    (0)    2 :  0.212 0.568 0.143 0.078 
128 z0045742    (0)    2 :  0.175 0.486 0.127 0.212 
129 z0045776    (1)    3 :  0.218 0.344 0.295 0.143 
130 z0045779    (0)    2 :  0.101 0.674 0.101 0.124 
131 z0045781    (0)    2 :  0.303 0.484 0.144 0.069 
132 z0045788    (5)    2 :  0.091 0.653 0.191 0.065 
133 z0045789    (2)    2 :  0.096 0.612 0.184 0.108 
134 z0045791    (5)    2 :  0.096 0.517 0.233 0.154 
135 z0045792   (23)    1 :  0.273 0.288 0.155 0.284 
136 z0045793    (0)    3 :  0.092 0.249 0.062 0.597 
137 z0047562   (15)    2 :  0.117 0.491 0.254 0.137 
138 z0047854    (1)    2 :  0.290 0.388 0.222 0.100 
139 z0051185    (1)    1 :  0.515 0.068 0.118 0.300 
140 z0051324    (6)    1 :  0.234 0.101 0.146 0.519 
141 z0051326    (0)    1 :  0.282 0.081 0.164 0.473 
142 z0051327    (4)    3 :  0.369 0.332 0.136 0.163 
143 z0051328    (3)    1 :  0.253 0.165 0.096 0.485 
144 z0051380    (0)    1 :  0.561 0.041 0.118 0.279 
145 z0051400    (0)    3 :  0.187 0.222 0.168 0.422 
146 z0051431   (23)    3 :  0.350 0.361 0.135 0.154 
147 z0051840   (34)    2 :  0.066 0.467 0.270 0.197 
148 z0051844   (27)    2 :  0.163 0.395 0.367 0.075 
149 z0051875   (29)    3 :  0.298 0.156 0.134 0.412 
150 z0051885    (8)    3 :  0.222 0.513 0.129 0.136 
151 z0051888    (1)    2 :  0.072 0.419 0.096 0.412 
152 z0051891    (1)    1 :  0.365 0.188 0.230 0.218 
153 z0051893    (4)    1 :  0.162 0.127 0.142 0.569 
154 z0051895    (0)    3 :  0.177 0.127 0.117 0.579 
155 z0051918    (1)    3 :  0.166 0.354 0.418 0.062 
156 z0051929    (1)    1 :  0.383 0.125 0.074 0.418 
157 z0051939   (12)    3 :  0.204 0.336 0.211 0.249 
158 z0051947    (3)    1 :  0.121 0.105 0.097 0.677 
159 z0051959    (2)    3 :  0.430 0.222 0.228 0.121 
160 z0052846    (0)    4 :  0.328 0.306 0.172 0.193 
161 z0052882    (1)    2 :  0.163 0.347 0.177 0.312 
162 z0053020   (22)    2 :  0.268 0.342 0.323 0.067 
163 z0053024   (13)    2 :  0.302 0.270 0.207 0.222 
164 z0053025    (5)    2 :  0.181 0.673 0.088 0.059 
165 z0053031    (0)    2 :  0.236 0.285 0.295 0.184 
166 z0053032    (1)    2 :  0.221 0.374 0.262 0.143 
167 z0053040    (5)    2 :  0.254 0.340 0.275 0.131 
168 z0053051    (1)    3 :  0.359 0.102 0.274 0.265 
169 z0053054    (6)    3 :  0.426 0.107 0.161 0.306 
170 z0053071    (3)    2 :  0.111 0.601 0.095 0.193 
171 z0053073    (2)    2 :  0.421 0.168 0.256 0.156 
172 z0053078    (1)    3 :  0.084 0.288 0.580 0.049 
173 z0053082    (2)    3 :  0.140 0.506 0.126 0.228 
174 z0053083   (12)    2 :  0.213 0.401 0.227 0.159 
175 z0053090   (11)    3 :  0.195 0.457 0.274 0.073 
176 z0053096    (0)    2 :  0.074 0.561 0.303 0.062 
177 z0053100    (8)    2 :  0.248 0.456 0.183 0.113 
178 z0053101    (0)    2 :  0.104 0.401 0.396 0.099 
179 z0053102    (9)    2 :  0.160 0.496 0.179 0.165 
180 z0053103    (1)    2 :  0.110 0.736 0.076 0.078 
181 z0053111    (2)    3 :  0.391 0.148 0.221 0.240 
182 z0053131    (0)    2 :  0.185 0.383 0.160 0.272 
183 z0053132    (0)    2 :  0.081 0.301 0.558 0.061 
184 z0053133    (1)    2 :  0.251 0.151 0.351 0.247 
185 z0053138    (0)    2 :  0.370 0.290 0.100 0.240 
186 z0053142    (3)    2 :  0.182 0.481 0.150 0.186 
187 z0053149    (1)    2 :  0.215 0.479 0.226 0.080 
188 z0053754    (1)    1 :  0.447 0.106 0.235 0.212 
189 z0053756    (2)    1 :  0.448 0.098 0.272 0.181 
190 z0053758   (17)    1 :  0.106 0.065 0.177 0.651 
191 z0053759    (1)    1 :  0.290 0.086 0.161 0.463 
192 z0053760    (0)    1 :  0.466 0.128 0.209 0.197 
193 z0053842    (2)    1 :  0.648 0.144 0.100 0.108 
194 z0053843    (6)    1 :  0.094 0.096 0.097 0.713 
195 z0053844    (9)    1 :  0.299 0.177 0.130 0.395 
196 z0053846    (3)    1 :  0.063 0.055 0.068 0.815 
197 z0053847    (1)    1 :  0.082 0.174 0.109 0.635 
198 z0053849    (1)    1 :  0.471 0.142 0.240 0.147 
199 z0055903    (1)    4 :  0.322 0.193 0.315 0.170 
200 z0055910   (35)    4 :  0.249 0.329 0.231 0.191 
201 z0055912    (7)    4 :  0.257 0.269 0.383 0.091 
202 z0055916   (17)    4 :  0.501 0.177 0.167 0.154 
203 z0055931    (4)    4 :  0.105 0.639 0.152 0.103 
204 z0055944    (4)    4 :  0.286 0.263 0.243 0.208 
205 z0055947   (10)    4 :  0.442 0.209 0.210 0.139 
206 z0055962    (6)    4 :  0.450 0.300 0.145 0.105 
207 z0055963   (21)    4 :  0.148 0.344 0.204 0.304 
208 z0055965   (26)    4 :  0.211 0.086 0.442 0.260 
209 z0055970   (16)    4 :  0.319 0.348 0.150 0.184 
210 z0055971    (8)    4 :  0.170 0.250 0.254 0.327 
211 z0055977    (6)    4 :  0.219 0.450 0.186 0.145 
212 z0055986   (21)    4 :  0.274 0.206 0.149 0.370 
213 z0055990    (7)    4 :  0.152 0.482 0.219 0.148 
214 z0055996    (3)    4 :  0.294 0.317 0.102 0.287 
215 z0055997    (4)    4 :  0.194 0.438 0.112 0.255 
216 z0055998    (5)    4 :  0.362 0.153 0.373 0.112 
217 z0055999    (3)    4 :  0.214 0.130 0.279 0.377 
218 z0056011    (9)    4 :  0.519 0.145 0.219 0.118 
219 z0056029    (5)    4 :  0.412 0.266 0.164 0.157 
220 z0056034    (2)    4 :  0.299 0.452 0.180 0.069 
221 z0056056   (26)    3 :  0.337 0.206 0.220 0.237 
222 z0056058    (5)    3 :  0.342 0.051 0.143 0.464 
223 z0056059    (8)    3 :  0.300 0.121 0.394 0.185 
224 z0056062    (1)    3 :  0.227 0.260 0.305 0.207 
225 z0056063    (4)    3 :  0.324 0.149 0.223 0.304 
226 z0056064    (0)    3 :  0.180 0.133 0.362 0.326 
227 z0056065    (0)    3 :  0.238 0.109 0.193 0.460 
228 z0056069    (1)    3 :  0.226 0.353 0.286 0.135 
229 z0056073    (0)    3 :  0.606 0.074 0.080 0.240 
230 z0056076    (5)    3 :  0.066 0.228 0.208 0.497 
231 z0056079   (10)    3 :  0.487 0.057 0.200 0.257 
232 z0056085    (1)    3 :  0.285 0.095 0.198 0.422 
233 z0056092    (1)    3 :  0.270 0.111 0.329 0.291 
234 z0056095    (1)    3 :  0.175 0.109 0.363 0.354 
235 z0056103    (8)    3 :  0.413 0.074 0.258 0.255 
236 z0056374    (8)    1 :  0.465 0.065 0.165 0.306 
237 z0056375    (0)    1 :  0.221 0.096 0.152 0.531 
238 z0056377    (0)    1 :  0.553 0.109 0.187 0.151 
239 z0056378    (2)    1 :  0.132 0.183 0.088 0.596 
240 z0056382    (1)    1 :  0.077 0.069 0.107 0.747 
241 z0056384    (3)    1 :  0.162 0.158 0.275 0.405 
242 z0056386    (8)    1 :  0.112 0.060 0.122 0.705 
243 z0056389    (1)    1 :  0.093 0.057 0.106 0.744 
244 z0056391    (2)    1 :  0.104 0.024 0.037 0.835 
245 z0056392   (12)    1 :  0.427 0.102 0.081 0.389 
246 z0056393    (9)    1 :  0.430 0.160 0.229 0.181 
247 z0056394    (1)    1 :  0.503 0.089 0.126 0.282 
248 z0056395    (2)    1 :  0.511 0.154 0.176 0.160 
249 z0056397    (1)    1 :  0.394 0.265 0.215 0.127 
250 z0061527    (3)    3 :  0.275 0.422 0.159 0.143 
251 z0061967    (1)    3 :  0.345 0.229 0.147 0.279 
252 z0061969    (1)    3 :  0.381 0.352 0.088 0.179 
253 z0061980    (1)    1 :  0.219 0.252 0.137 0.392 
254 z0066166    (3)    3 :  0.405 0.129 0.156 0.310 
255 z0066792    (2)    1 :  0.055 0.079 0.723 0.143 
256 z0066805    (2)    1 :  0.080 0.076 0.766 0.079 
257 z0068471    (3)    3 :  0.305 0.126 0.233 0.336 
258 z0075696    (7)    5 :  0.056 0.067 0.805 0.072 
259 z0101084    (8)    1 :  0.113 0.129 0.096 0.662 
260 z0107099    (3)    3 :  0.266 0.038 0.108 0.588 
261 z0107101    (0)    1 :  0.054 0.042 0.047 0.857 
262 z0108489    (1)    1 :  0.297 0.257 0.260 0.186 
263 z0108513    (0)    1 :  0.122 0.120 0.068 0.689 
264 z0108528    (1)    3 :  0.386 0.251 0.158 0.205 
265 z0113628    (2)    3 :  0.350 0.170 0.361 0.119 
266 z0133302   (18)    1 :  0.125 0.236 0.163 0.477 
267 z0173485    (0)    1 :  0.308 0.321 0.160 0.211 
268 z0175371    (1)    3 :  0.251 0.226 0.422 0.101 
269 z0175378    (0)    2 :  0.102 0.668 0.061 0.169 
270 z0175912    (6)    1 :  0.440 0.128 0.207 0.224 
271 z0175916    (3)    1 :  0.197 0.346 0.239 0.218 
272 z0175937    (1)    1 :  0.268 0.104 0.147 0.481 
273 z0178348   (13)    1 :  0.532 0.087 0.129 0.251 
274 z0187857    (3)    1 :  0.167 0.147 0.101 0.585 
275 z0187860    (0)    1 :  0.297 0.215 0.228 0.260 
276 z0187885    (0)    2 :  0.105 0.355 0.389 0.151 
277 z0187906   (10)    1 :  0.214 0.149 0.462 0.175 
278 z0195655    (0)    2 :  0.110 0.699 0.096 0.095 
279 z0195663    (1)    3 :  0.266 0.472 0.184 0.079 
280 z0195683    (1)    3 :  0.241 0.099 0.105 0.556 
281 z0195687   (22)    3 :  0.371 0.056 0.154 0.418 
282 z0195688    (0)    2 :  0.209 0.283 0.363 0.145 
283 z0195691    (1)    3 :  0.469 0.102 0.352 0.077 
284 z0195699    (0)    3 :  0.564 0.123 0.122 0.192 
285 z0195701    (8)    3 :  0.161 0.153 0.144 0.542 
286 z0195702    (0)    3 :  0.256 0.212 0.299 0.233 
287 z0195704    (1)    3 :  0.298 0.172 0.220 0.310 
288 z0195705    (1)    3 :  0.299 0.452 0.187 0.062 
289 z0195711    (0)    3 :  0.339 0.075 0.431 0.156 
290 z0195716    (0)    3 :  0.222 0.127 0.348 0.303 
291 z0195718   (13)    3 :  0.237 0.068 0.257 0.439 
292 z0195725    (5)    3 :  0.435 0.278 0.130 0.156 
293 z0195726   (17)    1 :  0.584 0.110 0.202 0.104 
294 z0195728   (14)    3 :  0.130 0.037 0.087 0.745 
295 z0195732   (16)    3 :  0.506 0.065 0.147 0.282 
296 z0195737    (1)    3 :  0.120 0.388 0.256 0.236 
297 z0195740   (30)    3 :  0.542 0.140 0.183 0.135 
298 z0195751    (1)    3 :  0.174 0.100 0.116 0.609 
299 z0195762    (2)    3 :  0.285 0.073 0.376 0.266 
300 z0195784    (0)    3 :  0.230 0.079 0.188 0.503 
301 z0196686    (0)    5 :  0.044 0.037 0.876 0.044 
302 z0196687    (0)    5 :  0.104 0.097 0.716 0.083 
303 z0196689    (1)    5 :  0.103 0.076 0.761 0.060 
304 z0196690    (3)    5 :  0.059 0.056 0.671 0.214 
305 z0196691    (9)    5 :  0.098 0.059 0.771 0.072 
306 z0196692    (1)    5 :  0.116 0.085 0.698 0.101 
307 z0196693    (2)    5 :  0.116 0.055 0.719 0.110 
308 z0196694    (3)    5 :  0.083 0.076 0.762 0.079 
309 z0196710    (0)    3 :  0.308 0.233 0.267 0.192 
310 z0196715   (23)    3 :  0.486 0.074 0.117 0.323 
311 z0196719    (0)    3 :  0.475 0.152 0.160 0.213 
312 z0196724   (20)    3 :  0.354 0.172 0.114 0.360 
313 z0196725    (1)    3 :  0.228 0.108 0.260 0.403 
314 z0196729    (3)    3 :  0.374 0.191 0.157 0.278 
315 z0196730    (3)    1 :  0.172 0.114 0.259 0.455 
316 z0196731    (1)    3 :  0.463 0.056 0.162 0.319 
317 z0196733   (17)    1 :  0.539 0.079 0.134 0.248 
318 z0196734    (2)    3 :  0.335 0.264 0.143 0.258 
319 z0196739   (18)    3 :  0.240 0.287 0.107 0.366 
320 z0196740   (10)    3 :  0.383 0.106 0.219 0.292 
321 z0196746    (3)    1 :  0.097 0.137 0.163 0.603 
322 z0196751    (0)    3 :  0.199 0.199 0.190 0.412 
323 z0196752    (0)    3 :  0.139 0.078 0.498 0.285 
324 z0196754    (0)    3 :  0.230 0.130 0.144 0.496 
325 z0196758    (2)    1 :  0.311 0.087 0.221 0.381 
326 z0196763    (2)    3 :  0.508 0.115 0.208 0.170 
327 z0196764    (1)    3 :  0.311 0.168 0.231 0.290 
328 z0196766    (0)    3 :  0.241 0.142 0.210 0.408 
329 z0196769    (1)    3 :  0.182 0.104 0.213 0.502 
330 z0196774    (1)    3 :  0.141 0.083 0.326 0.451 
331 z0196783    (0)    1 :  0.065 0.039 0.068 0.827 
332 z0196794    (2)    1 :  0.075 0.048 0.112 0.765 
333 z0196804   (15)    1 :  0.511 0.104 0.113 0.272 
334 z0196809   (15)    3 :  0.545 0.069 0.248 0.138 
335 z0196810    (2)    1 :  0.533 0.091 0.225 0.150 
336 z0196811    (1)    1 :  0.611 0.052 0.134 0.203 
337 z0196824    (0)    3 :  0.246 0.261 0.274 0.220 
338 z0196825    (1)    3 :  0.385 0.250 0.088 0.277 
339 z0196828    (1)    2 :  0.381 0.164 0.141 0.315 
340 z0196829    (0)    3 :  0.618 0.126 0.144 0.112 
341 z0196834   (28)    3 :  0.218 0.232 0.175 0.375 
342 z0196835    (0)    3 :  0.237 0.142 0.050 0.572 
343 z0196838    (2)    1 :  0.568 0.053 0.221 0.159 
344 z0196841   (22)    3 :  0.193 0.097 0.272 0.438 
345 z0196843   (27)    3 :  0.400 0.095 0.138 0.367 
346 z0196849    (1)    3 :  0.285 0.114 0.164 0.436 
347 z0196852    (1)    2 :  0.216 0.250 0.386 0.148 
348 z0196855    (0)    2 :  0.320 0.229 0.271 0.180 
349 z0196856    (1)    3 :  0.383 0.213 0.262 0.142 
350 z0196857    (0)    2 :  0.077 0.403 0.085 0.434 
351 z0196864    (2)    3 :  0.314 0.346 0.222 0.118 
352 z0196894    (0)    3 :  0.395 0.071 0.278 0.256 
353 z0197662    (3)    1 :  0.417 0.249 0.194 0.141 
354 z0197665    (2)    1 :  0.117 0.092 0.196 0.596 
355 z0197668   (20)    3 :  0.220 0.120 0.517 0.143 
356 z0197669    (1)    3 :  0.222 0.312 0.307 0.159 
357 z0197672    (1)    3 :  0.163 0.173 0.188 0.477 


Estimated Allele Frequencies in each cluster
First column gives estimated ancestral frequencies


Locus 1 : HI.v.HI.SEAK 
5 alleles
66.2% missing data
   0   (0.212) 0.138 0.200 0.299 0.120 
   4   (0.407) 0.603 0.052 0.313 0.655 
   1   (0.176) 0.100 0.682 0.155 0.065 
   2   (0.051) 0.029 0.036 0.031 0.015 
   3   (0.154) 0.130 0.030 0.201 0.145 

Locus 2 : Mnov_gtseq_1 
2 alleles
0.0% missing data
   0   (0.417) 0.438 0.338 0.463 0.354 
   1   (0.583) 0.562 0.662 0.537 0.646 

Locus 3 : Mnov_gtseq_10 
2 alleles
0.3% missing data
   0   (0.805) 0.729 0.936 0.914 0.722 
   1   (0.195) 0.271 0.064 0.086 0.278 

Locus 4 : Mnov_gtseq_102 
2 alleles
0.8% missing data
   0   (0.563) 0.609 0.716 0.548 0.440 
   1   (0.437) 0.391 0.284 0.452 0.560 

Locus 5 : Mnov_gtseq_104 
2 alleles
0.3% missing data
   0   (0.857) 0.861 0.949 0.948 0.713 
   1   (0.143) 0.139 0.051 0.052 0.287 

Locus 6 : Mnov_gtseq_106 
2 alleles
15.4% missing data
   1   (0.754) 0.773 0.797 0.724 0.817 
   0   (0.246) 0.227 0.203 0.276 0.183 

Locus 7 : Mnov_gtseq_107 
2 alleles
37.8% missing data
   1   (0.223) 0.184 0.481 0.138 0.166 
   0   (0.777) 0.816 0.519 0.862 0.834 

Locus 8 : Mnov_gtseq_111 
2 alleles
39.2% missing data
   1   (0.708) 0.799 0.498 0.840 0.563 
   0   (0.292) 0.201 0.502 0.160 0.437 

Locus 9 : Mnov_gtseq_112 
2 alleles
1.1% missing data
   0   (0.599) 0.538 0.728 0.434 0.768 
   1   (0.401) 0.462 0.272 0.566 0.232 

Locus 10 : Mnov_gtseq_113 
2 alleles
1.7% missing data
   1   (0.711) 0.730 0.665 0.669 0.807 
   0   (0.289) 0.270 0.335 0.331 0.193 

Locus 11 : Mnov_gtseq_114 
2 alleles
4.5% missing data
   0   (0.548) 0.661 0.321 0.507 0.574 
   1   (0.452) 0.339 0.679 0.493 0.426 

Locus 12 : Mnov_gtseq_117 
2 alleles
27.2% missing data
   0   (0.628) 0.609 0.842 0.620 0.538 
   1   (0.372) 0.391 0.158 0.380 0.462 

Locus 13 : Mnov_gtseq_118 
2 alleles
8.1% missing data
   0   (0.717) 0.769 0.861 0.754 0.530 
   1   (0.283) 0.231 0.139 0.246 0.470 

Locus 14 : Mnov_gtseq_12 
2 alleles
0.3% missing data
   0   (0.461) 0.403 0.255 0.616 0.523 
   1   (0.539) 0.597 0.745 0.384 0.477 

Locus 15 : Mnov_gtseq_124 
2 alleles
4.8% missing data
   1   (0.767) 0.691 0.874 0.882 0.719 
   0   (0.233) 0.309 0.126 0.118 0.281 

Locus 16 : Mnov_gtseq_125 
2 alleles
1.1% missing data
   1   (0.900) 0.899 0.670 0.945 0.984 
   0   (0.100) 0.101 0.330 0.055 0.016 

Locus 17 : Mnov_gtseq_126 
2 alleles
0.0% missing data
   0   (0.342) 0.427 0.313 0.508 0.122 
   1   (0.658) 0.573 0.687 0.492 0.878 

Locus 18 : Mnov_gtseq_127 
2 alleles
7.0% missing data
   0   (0.620) 0.621 0.450 0.644 0.725 
   1   (0.380) 0.379 0.550 0.356 0.275 

Locus 19 : Mnov_gtseq_128 
2 alleles
31.4% missing data
   0   (0.689) 0.673 0.687 0.641 0.816 
   1   (0.311) 0.327 0.313 0.359 0.184 

Locus 20 : Mnov_gtseq_129 
2 alleles
2.0% missing data
   0   (0.502) 0.553 0.635 0.357 0.481 
   1   (0.498) 0.447 0.365 0.643 0.519 

Locus 21 : Mnov_gtseq_13 
2 alleles
0.0% missing data
   0   (0.576) 0.455 0.599 0.786 0.506 
   1   (0.424) 0.545 0.401 0.214 0.494 

Locus 22 : Mnov_gtseq_130 
2 alleles
28.9% missing data
   1   (0.516) 0.529 0.432 0.630 0.446 
   0   (0.484) 0.471 0.568 0.370 0.554 

Locus 23 : Mnov_gtseq_135 
2 alleles
0.6% missing data
   1   (0.450) 0.416 0.583 0.380 0.464 
   0   (0.550) 0.584 0.417 0.620 0.536 

Locus 24 : Mnov_gtseq_138 
2 alleles
0.6% missing data
   0   (0.476) 0.560 0.395 0.457 0.409 
   1   (0.524) 0.440 0.605 0.543 0.591 

Locus 25 : Mnov_gtseq_140 
2 alleles
1.1% missing data
   0   (0.432) 0.457 0.641 0.259 0.428 
   1   (0.568) 0.543 0.359 0.741 0.572 

Locus 26 : Mnov_gtseq_141 
2 alleles
0.3% missing data
   0   (0.553) 0.536 0.562 0.427 0.708 
   1   (0.447) 0.464 0.438 0.573 0.292 

Locus 27 : Mnov_gtseq_143 
2 alleles
2.8% missing data
   1   (0.560) 0.637 0.496 0.404 0.657 
   0   (0.440) 0.363 0.504 0.596 0.343 

Locus 28 : Mnov_gtseq_145 
2 alleles
2.0% missing data
   0   (0.461) 0.428 0.469 0.367 0.578 
   1   (0.539) 0.572 0.531 0.633 0.422 

Locus 29 : Mnov_gtseq_147 
2 alleles
26.3% missing data
   0   (0.795) 0.913 0.474 0.768 0.838 
   1   (0.205) 0.087 0.526 0.232 0.162 

Locus 30 : Mnov_gtseq_148 
2 alleles
9.2% missing data
   0   (0.310) 0.359 0.130 0.428 0.223 
   1   (0.690) 0.641 0.870 0.572 0.777 

Locus 31 : Mnov_gtseq_149 
2 alleles
0.6% missing data
   0   (0.600) 0.664 0.565 0.575 0.586 
   1   (0.400) 0.336 0.435 0.425 0.414 

Locus 32 : Mnov_gtseq_15 
2 alleles
0.0% missing data
   0   (0.468) 0.393 0.408 0.468 0.603 
   1   (0.532) 0.607 0.592 0.532 0.397 

Locus 33 : Mnov_gtseq_152 
2 alleles
0.8% missing data
   0   (0.330) 0.258 0.397 0.285 0.377 
   1   (0.670) 0.742 0.603 0.715 0.623 

Locus 34 : Mnov_gtseq_154 
2 alleles
3.4% missing data
   0   (0.559) 0.574 0.397 0.586 0.624 
   1   (0.441) 0.426 0.603 0.414 0.376 

Locus 35 : Mnov_gtseq_155 
2 alleles
41.7% missing data
   0   (0.661) 0.675 0.703 0.655 0.670 
   1   (0.339) 0.325 0.297 0.345 0.330 

Locus 36 : Mnov_gtseq_157 
2 alleles
0.6% missing data
   1   (0.548) 0.529 0.647 0.519 0.562 
   0   (0.452) 0.471 0.353 0.481 0.438 

Locus 37 : Mnov_gtseq_158 
2 alleles
0.6% missing data
   0   (0.407) 0.441 0.071 0.371 0.693 
   1   (0.593) 0.559 0.929 0.629 0.307 

Locus 38 : Mnov_gtseq_159 
2 alleles
24.6% missing data
   0   (0.611) 0.713 0.413 0.514 0.705 
   1   (0.389) 0.287 0.587 0.486 0.295 

Locus 39 : Mnov_gtseq_16 
2 alleles
0.0% missing data
   0   (0.636) 0.582 0.538 0.759 0.678 
   1   (0.364) 0.418 0.462 0.241 0.322 

Locus 40 : Mnov_gtseq_160 
2 alleles
2.5% missing data
   0   (0.496) 0.566 0.400 0.452 0.497 
   1   (0.504) 0.434 0.600 0.548 0.503 

Locus 41 : Mnov_gtseq_161 
2 alleles
2.0% missing data
   1   (0.756) 0.780 0.807 0.814 0.715 
   0   (0.244) 0.220 0.193 0.186 0.285 

Locus 42 : Mnov_gtseq_162 
2 alleles
2.2% missing data
   1   (0.417) 0.337 0.501 0.272 0.615 
   0   (0.583) 0.663 0.499 0.728 0.385 

Locus 43 : Mnov_gtseq_167 
2 alleles
1.1% missing data
   1   (0.782) 0.783 0.884 0.842 0.741 
   0   (0.218) 0.217 0.116 0.158 0.259 

Locus 44 : Mnov_gtseq_17 
2 alleles
0.0% missing data
   0   (0.515) 0.434 0.467 0.539 0.633 
   1   (0.485) 0.566 0.533 0.461 0.367 

Locus 45 : Mnov_gtseq_170 
2 alleles
0.0% missing data
   0   (0.315) 0.336 0.209 0.346 0.260 
   1   (0.685) 0.664 0.791 0.654 0.740 

Locus 46 : Mnov_gtseq_171 
2 alleles
42.0% missing data
   1   (0.687) 0.720 0.720 0.775 0.580 
   0   (0.313) 0.280 0.280 0.225 0.420 

Locus 47 : Mnov_gtseq_173 
2 alleles
21.8% missing data
   1   (0.474) 0.396 0.731 0.641 0.264 
   0   (0.526) 0.604 0.269 0.359 0.736 

Locus 48 : Mnov_gtseq_174 
2 alleles
2.8% missing data
   0   (0.293) 0.235 0.461 0.263 0.234 
   1   (0.707) 0.765 0.539 0.737 0.766 

Locus 49 : Mnov_gtseq_180 
2 alleles
14.0% missing data
   0   (0.636) 0.694 0.912 0.379 0.587 
   1   (0.364) 0.306 0.088 0.621 0.413 

Locus 50 : Mnov_gtseq_182 
2 alleles
9.0% missing data
   0   (0.827) 0.866 0.823 0.935 0.693 
   1   (0.173) 0.134 0.177 0.065 0.307 

Locus 51 : Mnov_gtseq_186 
2 alleles
27.7% missing data
   0   (0.525) 0.526 0.471 0.549 0.539 
   1   (0.475) 0.474 0.529 0.451 0.461 

Locus 52 : Mnov_gtseq_187 
2 alleles
7.6% missing data
   1   (0.568) 0.512 0.730 0.507 0.629 
   0   (0.432) 0.488 0.270 0.493 0.371 

Locus 53 : Mnov_gtseq_188 
2 alleles
13.4% missing data
   0   (0.564) 0.371 0.635 0.816 0.506 
   1   (0.436) 0.629 0.365 0.184 0.494 

Locus 54 : Mnov_gtseq_189 
2 alleles
3.6% missing data
   0   (0.447) 0.454 0.496 0.259 0.585 
   1   (0.553) 0.546 0.504 0.741 0.415 

Locus 55 : Mnov_gtseq_19 
2 alleles
0.0% missing data
   1   (0.930) 0.979 0.808 0.873 0.992 
   0   (0.070) 0.021 0.192 0.127 0.008 

Locus 56 : Mnov_gtseq_190 
2 alleles
0.0% missing data
   1   (0.418) 0.451 0.334 0.416 0.390 
   0   (0.582) 0.549 0.666 0.584 0.610 

Locus 57 : Mnov_gtseq_191 
2 alleles
26.3% missing data
   0   (0.880) 0.848 0.988 0.856 0.916 
   1   (0.120) 0.152 0.012 0.144 0.084 

Locus 58 : Mnov_gtseq_192 
2 alleles
21.0% missing data
   0   (0.817) 0.842 0.807 0.894 0.792 
   1   (0.183) 0.158 0.193 0.106 0.208 

Locus 59 : Mnov_gtseq_193 
2 alleles
0.0% missing data
   0   (0.703) 0.730 0.795 0.621 0.756 
   1   (0.297) 0.270 0.205 0.379 0.244 

Locus 60 : Mnov_gtseq_195 
2 alleles
0.0% missing data
   0   (0.553) 0.557 0.519 0.710 0.419 
   1   (0.447) 0.443 0.481 0.290 0.581 

Locus 61 : Mnov_gtseq_196 
2 alleles
0.3% missing data
   0   (0.321) 0.242 0.130 0.406 0.466 
   1   (0.679) 0.758 0.870 0.594 0.534 

Locus 62 : Mnov_gtseq_197 
3 alleles
0.3% missing data
   1   (0.383) 0.335 0.297 0.396 0.456 
   0   (0.432) 0.502 0.632 0.252 0.440 
   2   (0.184) 0.163 0.071 0.352 0.104 

Locus 63 : Mnov_gtseq_2 
2 alleles
0.3% missing data
   0   (0.202) 0.244 0.236 0.207 0.066 
   1   (0.798) 0.756 0.764 0.793 0.934 

Locus 64 : Mnov_gtseq_200 
2 alleles
2.8% missing data
   0   (0.407) 0.399 0.673 0.308 0.325 
   1   (0.593) 0.601 0.327 0.692 0.675 

Locus 65 : Mnov_gtseq_201 
2 alleles
0.0% missing data
   0   (0.866) 0.863 0.982 0.912 0.749 
   1   (0.134) 0.137 0.018 0.088 0.251 

Locus 66 : Mnov_gtseq_202 
2 alleles
0.0% missing data
   0   (0.429) 0.424 0.568 0.317 0.433 
   1   (0.571) 0.576 0.432 0.683 0.567 

Locus 67 : Mnov_gtseq_204 
2 alleles
3.9% missing data
   0   (0.441) 0.375 0.552 0.433 0.467 
   1   (0.559) 0.625 0.448 0.567 0.533 

Locus 68 : Mnov_gtseq_205 
3 alleles
0.0% missing data
   0   (0.229) 0.182 0.213 0.181 0.284 
   2   (0.707) 0.788 0.733 0.742 0.696 
   1   (0.065) 0.031 0.054 0.077 0.020 

Locus 69 : Mnov_gtseq_208 
2 alleles
0.0% missing data
   0   (0.641) 0.739 0.386 0.609 0.712 
   1   (0.359) 0.261 0.614 0.391 0.288 

Locus 70 : Mnov_gtseq_209 
2 alleles
0.0% missing data
   0   (0.447) 0.435 0.600 0.368 0.424 
   1   (0.553) 0.565 0.400 0.632 0.576 

Locus 71 : Mnov_gtseq_21 
2 alleles
0.0% missing data
   1   (0.542) 0.589 0.313 0.570 0.600 
   0   (0.458) 0.411 0.687 0.430 0.400 

Locus 72 : Mnov_gtseq_210 
2 alleles
5.0% missing data
   0   (0.395) 0.355 0.195 0.372 0.592 
   1   (0.605) 0.645 0.805 0.628 0.408 

Locus 73 : Mnov_gtseq_213 
2 alleles
5.6% missing data
   0   (0.511) 0.570 0.381 0.467 0.561 
   1   (0.489) 0.430 0.619 0.533 0.439 

Locus 74 : Mnov_gtseq_214 
2 alleles
5.3% missing data
   0   (0.540) 0.592 0.756 0.388 0.486 
   1   (0.460) 0.408 0.244 0.612 0.514 

Locus 75 : Mnov_gtseq_215 
2 alleles
0.0% missing data
   0   (0.448) 0.408 0.569 0.455 0.398 
   1   (0.552) 0.592 0.431 0.545 0.602 

Locus 76 : Mnov_gtseq_216 
2 alleles
0.0% missing data
   1   (0.528) 0.462 0.673 0.631 0.432 
   0   (0.472) 0.538 0.327 0.369 0.568 

Locus 77 : Mnov_gtseq_217 
2 alleles
24.4% missing data
   0   (0.316) 0.371 0.174 0.275 0.319 
   1   (0.684) 0.629 0.826 0.725 0.681 

Locus 78 : Mnov_gtseq_218 
2 alleles
0.3% missing data
   0   (0.609) 0.609 0.774 0.752 0.371 
   1   (0.391) 0.391 0.226 0.248 0.629 

Locus 79 : Mnov_gtseq_22 
2 alleles
3.9% missing data
   1   (0.585) 0.566 0.753 0.561 0.555 
   0   (0.415) 0.434 0.247 0.439 0.445 

Locus 80 : Mnov_gtseq_220 
2 alleles
0.3% missing data
   0   (0.526) 0.471 0.676 0.581 0.471 
   1   (0.474) 0.529 0.324 0.419 0.529 

Locus 81 : Mnov_gtseq_222 
2 alleles
14.3% missing data
   0   (0.516) 0.507 0.673 0.743 0.226 
   1   (0.484) 0.493 0.327 0.257 0.774 

Locus 82 : Mnov_gtseq_223 
2 alleles
2.5% missing data
   0   (0.645) 0.560 0.622 0.668 0.780 
   1   (0.355) 0.440 0.378 0.332 0.220 

Locus 83 : Mnov_gtseq_225 
2 alleles
0.0% missing data
   0   (0.523) 0.623 0.492 0.357 0.574 
   1   (0.477) 0.377 0.508 0.643 0.426 

Locus 84 : Mnov_gtseq_227 
2 alleles
0.3% missing data
   0   (0.514) 0.411 0.650 0.651 0.448 
   1   (0.486) 0.589 0.350 0.349 0.552 

Locus 85 : Mnov_gtseq_229 
2 alleles
0.8% missing data
   1   (0.538) 0.462 0.656 0.575 0.542 
   0   (0.462) 0.538 0.344 0.425 0.458 

Locus 86 : Mnov_gtseq_230 
2 alleles
10.4% missing data
   0   (0.771) 0.632 0.892 0.913 0.715 
   1   (0.229) 0.368 0.108 0.087 0.285 

Locus 87 : Mnov_gtseq_232 
2 alleles
0.0% missing data
   0   (0.479) 0.436 0.732 0.367 0.475 
   1   (0.521) 0.564 0.268 0.633 0.525 

Locus 88 : Mnov_gtseq_234 
2 alleles
9.8% missing data
   0   (0.725) 0.727 0.847 0.738 0.711 
   1   (0.275) 0.273 0.153 0.262 0.289 

Locus 89 : Mnov_gtseq_235 
2 alleles
0.3% missing data
   0   (0.781) 0.752 0.900 0.865 0.720 
   1   (0.219) 0.248 0.100 0.135 0.280 

Locus 90 : Mnov_gtseq_237 
2 alleles
0.3% missing data
   0   (0.550) 0.577 0.768 0.497 0.431 
   1   (0.450) 0.423 0.232 0.503 0.569 

Locus 91 : Mnov_gtseq_238 
2 alleles
0.0% missing data
   0   (0.608) 0.502 0.825 0.553 0.681 
   1   (0.392) 0.498 0.175 0.447 0.319 

Locus 92 : Mnov_gtseq_239 
2 alleles
0.0% missing data
   0   (0.721) 0.751 0.750 0.768 0.680 
   1   (0.279) 0.249 0.250 0.232 0.320 

Locus 93 : Mnov_gtseq_240 
2 alleles
0.0% missing data
   1   (0.415) 0.525 0.389 0.396 0.267 
   0   (0.585) 0.475 0.611 0.604 0.733 

Locus 94 : Mnov_gtseq_241 
2 alleles
0.0% missing data
   0   (0.844) 0.909 0.843 0.904 0.780 
   1   (0.156) 0.091 0.157 0.096 0.220 

Locus 95 : Mnov_gtseq_243 
2 alleles
0.0% missing data
   0   (0.588) 0.643 0.584 0.672 0.460 
   1   (0.412) 0.357 0.416 0.328 0.540 

Locus 96 : Mnov_gtseq_244 
2 alleles
0.0% missing data
   0   (0.336) 0.311 0.443 0.204 0.405 
   1   (0.664) 0.689 0.557 0.796 0.595 

Locus 97 : Mnov_gtseq_245 
2 alleles
20.7% missing data
   1   (0.515) 0.541 0.639 0.401 0.514 
   0   (0.485) 0.459 0.361 0.599 0.486 

Locus 98 : Mnov_gtseq_246 
2 alleles
0.3% missing data
   0   (0.458) 0.594 0.516 0.239 0.449 
   1   (0.542) 0.406 0.484 0.761 0.551 

Locus 99 : Mnov_gtseq_247 
2 alleles
3.4% missing data
   0   (0.300) 0.335 0.162 0.412 0.200 
   1   (0.700) 0.665 0.838 0.588 0.800 

Locus 100 : Mnov_gtseq_248 
2 alleles
0.3% missing data
   0   (0.232) 0.212 0.404 0.284 0.086 
   1   (0.768) 0.788 0.596 0.716 0.914 

Locus 101 : Mnov_gtseq_25 
2 alleles
0.3% missing data
   0   (0.450) 0.370 0.652 0.333 0.535 
   1   (0.550) 0.630 0.348 0.667 0.465 

Locus 102 : Mnov_gtseq_250 
2 alleles
3.9% missing data
   0   (0.793) 0.890 0.678 0.867 0.668 
   1   (0.207) 0.110 0.322 0.133 0.332 

Locus 103 : Mnov_gtseq_251 
2 alleles
2.0% missing data
   1   (0.210) 0.290 0.201 0.150 0.102 
   0   (0.790) 0.710 0.799 0.850 0.898 

Locus 104 : Mnov_gtseq_253 
2 alleles
16.2% missing data
   0   (0.471) 0.427 0.507 0.624 0.355 
   1   (0.529) 0.573 0.493 0.376 0.645 

Locus 105 : Mnov_gtseq_254 
2 alleles
0.0% missing data
   1   (0.906) 0.866 0.990 0.925 0.942 
   0   (0.094) 0.134 0.010 0.075 0.058 

Locus 106 : Mnov_gtseq_255 
2 alleles
0.0% missing data
   0   (0.348) 0.290 0.496 0.254 0.400 
   1   (0.652) 0.710 0.504 0.746 0.600 

Locus 107 : Mnov_gtseq_257 
2 alleles
0.0% missing data
   0   (0.623) 0.702 0.465 0.516 0.740 
   1   (0.377) 0.298 0.535 0.484 0.260 

Locus 108 : Mnov_gtseq_258 
2 alleles
0.0% missing data
   0   (0.519) 0.494 0.619 0.663 0.363 
   1   (0.481) 0.506 0.381 0.337 0.637 

Locus 109 : Mnov_gtseq_26 
2 alleles
0.0% missing data
   1   (0.895) 0.851 0.971 0.931 0.946 
   0   (0.105) 0.149 0.029 0.069 0.054 

Locus 110 : Mnov_gtseq_260 
2 alleles
0.3% missing data
   0   (0.756) 0.746 0.768 0.715 0.874 
   1   (0.244) 0.254 0.232 0.285 0.126 

Locus 111 : Mnov_gtseq_261 
2 alleles
0.6% missing data
   0   (0.502) 0.638 0.549 0.425 0.357 
   1   (0.498) 0.362 0.451 0.575 0.643 

Locus 112 : Mnov_gtseq_262 
2 alleles
3.1% missing data
   0   (0.417) 0.333 0.550 0.470 0.383 
   1   (0.583) 0.667 0.450 0.530 0.617 

Locus 113 : Mnov_gtseq_263 
2 alleles
0.0% missing data
   1   (0.823) 0.856 0.914 0.880 0.732 
   0   (0.177) 0.144 0.086 0.120 0.268 

Locus 114 : Mnov_gtseq_265 
2 alleles
0.0% missing data
   0   (0.451) 0.409 0.592 0.509 0.344 
   1   (0.549) 0.591 0.408 0.491 0.656 

Locus 115 : Mnov_gtseq_268 
2 alleles
0.0% missing data
   0   (0.587) 0.620 0.649 0.733 0.369 
   1   (0.413) 0.380 0.351 0.267 0.631 

Locus 116 : Mnov_gtseq_269 
2 alleles
1.1% missing data
   1   (0.491) 0.601 0.430 0.420 0.440 
   0   (0.509) 0.399 0.570 0.580 0.560 

Locus 117 : Mnov_gtseq_270 
2 alleles
11.8% missing data
   1   (0.775) 0.741 0.785 0.855 0.818 
   0   (0.225) 0.259 0.215 0.145 0.182 

Locus 118 : Mnov_gtseq_271 
2 alleles
10.9% missing data
   0   (0.627) 0.631 0.585 0.701 0.625 
   1   (0.373) 0.369 0.415 0.299 0.375 

Locus 119 : Mnov_gtseq_273 
2 alleles
1.4% missing data
   1   (0.529) 0.511 0.611 0.469 0.568 
   0   (0.471) 0.489 0.389 0.531 0.432 

Locus 120 : Mnov_gtseq_274 
2 alleles
0.0% missing data
   1   (0.502) 0.548 0.389 0.537 0.468 
   0   (0.498) 0.452 0.611 0.463 0.532 

Locus 121 : Mnov_gtseq_275 
2 alleles
13.7% missing data
   1   (0.770) 0.860 0.709 0.800 0.709 
   0   (0.230) 0.140 0.291 0.200 0.291 

Locus 122 : Mnov_gtseq_277 
2 alleles
0.0% missing data
   0   (0.804) 0.803 0.883 0.737 0.897 
   1   (0.196) 0.197 0.117 0.263 0.103 

Locus 123 : Mnov_gtseq_278 
2 alleles
1.1% missing data
   0   (0.883) 0.906 0.978 0.924 0.796 
   1   (0.117) 0.094 0.022 0.076 0.204 

Locus 124 : Mnov_gtseq_28 
2 alleles
0.3% missing data
   0   (0.767) 0.781 0.796 0.781 0.809 
   1   (0.233) 0.219 0.204 0.219 0.191 

Locus 125 : Mnov_gtseq_284 
2 alleles
0.0% missing data
   1   (0.637) 0.637 0.626 0.581 0.743 
   0   (0.363) 0.363 0.374 0.419 0.257 

Locus 126 : Mnov_gtseq_285 
2 alleles
0.0% missing data
   1   (0.760) 0.750 0.626 0.850 0.835 
   0   (0.240) 0.250 0.374 0.150 0.165 

Locus 127 : Mnov_gtseq_287 
2 alleles
0.0% missing data
   0   (0.783) 0.827 0.621 0.873 0.793 
   1   (0.217) 0.173 0.379 0.127 0.207 

Locus 128 : Mnov_gtseq_288 
2 alleles
16.2% missing data
   0   (0.621) 0.643 0.673 0.653 0.556 
   1   (0.379) 0.357 0.327 0.347 0.444 

Locus 129 : Mnov_gtseq_289 
2 alleles
0.0% missing data
   0   (0.459) 0.507 0.452 0.420 0.426 
   1   (0.541) 0.493 0.548 0.580 0.574 

Locus 130 : Mnov_gtseq_291 
2 alleles
0.3% missing data
   1   (0.697) 0.746 0.596 0.749 0.712 
   0   (0.303) 0.254 0.404 0.251 0.288 

Locus 131 : Mnov_gtseq_297 
2 alleles
0.0% missing data
   0   (0.663) 0.737 0.786 0.639 0.547 
   1   (0.337) 0.263 0.214 0.361 0.453 

Locus 132 : Mnov_gtseq_298 
2 alleles
36.4% missing data
   1   (0.608) 0.619 0.831 0.479 0.593 
   0   (0.392) 0.381 0.169 0.521 0.407 

Locus 133 : Mnov_gtseq_299 
2 alleles
1.1% missing data
   1   (0.568) 0.617 0.468 0.600 0.567 
   0   (0.432) 0.383 0.532 0.400 0.433 

Locus 134 : Mnov_gtseq_30 
3 alleles
16.2% missing data
   1   (0.552) 0.643 0.369 0.490 0.645 
   2   (0.423) 0.345 0.629 0.503 0.343 
   0   (0.025) 0.011 0.002 0.007 0.012 

Locus 135 : Mnov_gtseq_300 
2 alleles
5.6% missing data
   0   (0.596) 0.636 0.614 0.599 0.556 
   1   (0.404) 0.364 0.386 0.401 0.444 

Locus 136 : Mnov_gtseq_301 
3 alleles
5.6% missing data
   0   (0.377) 0.265 0.301 0.448 0.559 
   2   (0.405) 0.442 0.526 0.403 0.287 
   1   (0.218) 0.293 0.173 0.149 0.154 

