

----------------------------------------------------
STRUCTURE by Pritchard, Stephens and Donnelly (2000)
     and Falush, Stephens and Pritchard (2003)
       Code by Pritchard, Falush and Hubisz
             Version 2.3.4 (Jul 2012)
----------------------------------------------------



Command line arguments:   structure -m wint.area.structureRun/wint.area.structureRun.k5.r5_mainparams -e wint.area.structureRun/wint.area.structureRun.k5.r5_extraparams -i wint.area.structureRun/wint.area.structureRun.k5.r5_data -o wint.area.structureRun/wint.area.structureRun.k5.r5_out 
Input File:    wint.area.structureRun/wint.area.structureRun.k5.r5_data

Run parameters:
   350 individuals
   298 loci
   5 populations assumed
   1000 Burn-in period
   10000 Reps


--------------------------------------------
Proportion of membership of each pre-defined
 population in each of the 5 clusters

Given    Inferred Clusters                     Number of
 Pop       1      2      3      4      5      Individuals

  1:     0.183  0.249  0.101  0.161  0.307       77
  2:     0.146  0.138  0.367  0.223  0.126      124
  3:     0.189  0.248  0.145  0.224  0.195      113
  4:     0.177  0.182  0.226  0.261  0.154       27
  5:     0.704  0.075  0.065  0.075  0.082        9
--------------------------------------------

Allele-freq. divergence among pops (Net nucleotide distance),
computed using point estimates of P.

      1       2       3       4       5      
 1      -    0.0277  0.0454  0.0209  0.0338  
 2   0.0277     -    0.0436  0.0158  0.0259  
 3   0.0454  0.0436     -    0.0301  0.0502  
 4   0.0209  0.0158  0.0301     -    0.0229  
 5   0.0338  0.0259  0.0502  0.0229     -    

Average distances (expected heterozygosity) between individuals in same cluster:
cluster  1  : 0.4250 
cluster  2  : 0.4416 
cluster  3  : 0.4115 
cluster  4  : 0.4438 
cluster  5  : 0.4291 

--------------------------------------------
Estimated Ln Prob of Data   = -135959.4
Mean value of ln likelihood = -134376.7
Variance of ln likelihood   = 3165.5
Mean value of alpha         = 1.0000

Mean value of Fst_1         = 0.0997
Mean value of Fst_2         = 0.0844
Mean value of Fst_3         = 0.1642
Mean value of Fst_4         = 0.0709
Mean value of Fst_5         = 0.1164


Inferred ancestry of individuals:
        Label (%Miss) Pop:  Inferred clusters
  1   207778    (1)    2 :  0.089 0.124 0.421 0.222 0.144 
  2 z0005757    (7)    3 :  0.169 0.164 0.102 0.262 0.302 
  3 z0005758    (0)    3 :  0.181 0.108 0.116 0.243 0.352 
  4 z0011944    (0)    1 :  0.773 0.037 0.093 0.059 0.038 
  5 z0012702    (8)    4 :  0.145 0.083 0.525 0.200 0.046 
  6 z0016577    (1)    3 :  0.114 0.223 0.194 0.245 0.224 
  7 z0016578   (20)    1 :  0.116 0.609 0.053 0.124 0.097 
  8 z0016579    (1)    3 :  0.215 0.098 0.106 0.408 0.173 
  9 z0018264    (0)    1 :  0.671 0.054 0.079 0.100 0.096 
 10 z0029828    (2)    3 :  0.076 0.535 0.099 0.166 0.124 
 11 z0029829   (13)    1 :  0.062 0.642 0.064 0.103 0.129 
 12 z0029846    (0)    1 :  0.129 0.315 0.183 0.181 0.192 
 13 z0029860    (0)    3 :  0.074 0.487 0.120 0.160 0.160 
 14 z0029863    (1)    1 :  0.427 0.186 0.110 0.192 0.085 
 15 z0029864    (8)    1 :  0.389 0.310 0.114 0.083 0.104 
 16 z0029865   (12)    3 :  0.111 0.117 0.043 0.347 0.382 
 17 z0037607    (1)    3 :  0.339 0.181 0.171 0.241 0.068 
 18 z0037609   (23)    3 :  0.197 0.270 0.092 0.296 0.144 
 19 z0037624   (20)    1 :  0.095 0.088 0.135 0.262 0.420 
 20 z0038417    (7)    2 :  0.130 0.075 0.556 0.134 0.104 
 21 z0040275    (8)    2 :  0.194 0.145 0.479 0.115 0.067 
 22 z0040287    (3)    2 :  0.279 0.204 0.157 0.241 0.119 
 23 z0040308    (0)    2 :  0.051 0.075 0.373 0.374 0.126 
 24 z0040333    (1)    2 :  0.085 0.176 0.266 0.400 0.073 
 25 z0040334    (1)    2 :  0.086 0.059 0.625 0.159 0.071 
 26 z0040337    (4)    2 :  0.203 0.147 0.218 0.327 0.104 
 27 z0040345    (1)    2 :  0.134 0.062 0.482 0.232 0.090 
 28 z0040357    (5)    2 :  0.135 0.140 0.386 0.195 0.143 
 29 z0040363   (19)    2 :  0.113 0.103 0.402 0.213 0.168 
 30 z0040364    (0)    2 :  0.071 0.079 0.618 0.129 0.103 
 31 z0040387    (0)    2 :  0.153 0.116 0.384 0.203 0.143 
 32 z0040403   (15)    2 :  0.157 0.180 0.328 0.166 0.170 
 33 z0040439    (0)    2 :  0.177 0.084 0.611 0.083 0.045 
 34 z0040465   (20)    2 :  0.076 0.323 0.333 0.167 0.102 
 35 z0040513   (24)    3 :  0.153 0.314 0.168 0.210 0.155 
 36 z0040961   (11)    2 :  0.257 0.108 0.245 0.271 0.120 
 37 z0040985   (14)    2 :  0.117 0.117 0.175 0.467 0.125 
 38 z0041026    (0)    2 :  0.107 0.174 0.386 0.214 0.119 
 39 z0041051   (30)    2 :  0.273 0.074 0.417 0.130 0.107 
 40 z0041115    (7)    2 :  0.071 0.082 0.447 0.098 0.302 
 41 z0041153   (23)    2 :  0.190 0.132 0.257 0.274 0.146 
 42 z0041233    (3)    2 :  0.089 0.165 0.285 0.284 0.178 
 43 z0041243    (0)    2 :  0.155 0.119 0.376 0.219 0.131 
 44 z0041248    (5)    2 :  0.158 0.089 0.451 0.162 0.140 
 45 z0041250    (1)    2 :  0.137 0.107 0.523 0.153 0.080 
 46 z0041274    (1)    2 :  0.217 0.242 0.210 0.236 0.096 
 47 z0041465   (16)    2 :  0.040 0.193 0.454 0.072 0.241 
 48 z0041472    (2)    2 :  0.089 0.115 0.338 0.233 0.225 
 49 z0041480    (9)    2 :  0.083 0.170 0.330 0.214 0.203 
 50 z0041483    (0)    2 :  0.084 0.101 0.572 0.088 0.155 
 51 z0041494   (12)    2 :  0.091 0.115 0.300 0.434 0.060 
 52 z0041498    (1)    2 :  0.143 0.168 0.446 0.115 0.128 
 53 z0041501    (1)    2 :  0.120 0.100 0.430 0.313 0.037 
 54 z0041507    (6)    2 :  0.150 0.091 0.363 0.315 0.080 
 55 z0041512    (0)    2 :  0.131 0.149 0.515 0.142 0.063 
 56 z0041522   (15)    2 :  0.170 0.136 0.440 0.100 0.154 
 57 z0041526    (0)    3 :  0.052 0.137 0.574 0.096 0.140 
 58 z0041527   (14)    2 :  0.079 0.186 0.320 0.251 0.164 
 59 z0043243    (1)    2 :  0.303 0.122 0.117 0.150 0.309 
 60 z0043278    (0)    2 :  0.177 0.129 0.484 0.140 0.070 
 61 z0043475   (16)    3 :  0.123 0.126 0.212 0.424 0.116 
 62 z0043477    (0)    2 :  0.233 0.094 0.304 0.223 0.147 
 63 z0043478    (2)    2 :  0.106 0.049 0.579 0.112 0.155 
 64 z0043481    (0)    2 :  0.095 0.092 0.435 0.257 0.121 
 65 z0043489    (5)    2 :  0.174 0.074 0.472 0.216 0.064 
 66 z0043491   (12)    2 :  0.241 0.168 0.293 0.202 0.096 
 67 z0043493    (2)    2 :  0.202 0.126 0.164 0.381 0.127 
 68 z0043494    (1)    2 :  0.089 0.219 0.346 0.271 0.075 
 69 z0043498    (1)    2 :  0.084 0.134 0.519 0.195 0.067 
 70 z0043504    (7)    2 :  0.225 0.059 0.265 0.226 0.225 
 71 z0043526    (3)    4 :  0.271 0.121 0.195 0.327 0.086 
 72 z0043566    (2)    2 :  0.095 0.058 0.380 0.320 0.147 
 73 z0043572    (0)    2 :  0.106 0.110 0.453 0.221 0.111 
 74 z0043599    (2)    2 :  0.099 0.201 0.299 0.234 0.167 
 75 z0043642    (0)    2 :  0.113 0.263 0.387 0.171 0.067 
 76 z0043649    (1)    2 :  0.099 0.146 0.563 0.100 0.092 
 77 z0043652    (1)    2 :  0.182 0.255 0.128 0.306 0.129 
 78 z0043668    (0)    2 :  0.087 0.079 0.251 0.342 0.241 
 79 z0043674    (0)    4 :  0.136 0.487 0.060 0.101 0.216 
 80 z0043686    (1)    2 :  0.228 0.124 0.404 0.122 0.121 
 81 z0043693    (1)    2 :  0.083 0.194 0.288 0.333 0.101 
 82 z0043704   (14)    2 :  0.100 0.098 0.661 0.066 0.075 
 83 z0043807    (1)    2 :  0.152 0.183 0.318 0.263 0.083 
 84 z0043819    (0)    2 :  0.201 0.163 0.117 0.355 0.164 
 85 z0043876    (7)    2 :  0.061 0.083 0.161 0.385 0.310 
 86 z0043877   (32)    2 :  0.080 0.111 0.250 0.333 0.226 
 87 z0043891   (21)    4 :  0.247 0.139 0.256 0.167 0.190 
 88 z0043915   (31)    2 :  0.337 0.136 0.223 0.174 0.131 
 89 z0043940   (10)    2 :  0.220 0.248 0.058 0.327 0.147 
 90 z0043954    (1)    2 :  0.219 0.239 0.230 0.176 0.137 
 91 z0043966    (5)    2 :  0.111 0.187 0.475 0.140 0.087 
 92 z0043980    (1)    2 :  0.119 0.147 0.244 0.332 0.157 
 93 z0044017   (11)    2 :  0.190 0.161 0.434 0.134 0.081 
 94 z0044019   (14)    2 :  0.098 0.090 0.277 0.322 0.214 
 95 z0044023   (35)    2 :  0.077 0.076 0.620 0.075 0.153 
 96 z0044033    (0)    2 :  0.043 0.068 0.740 0.088 0.061 
 97 z0044042    (3)    2 :  0.097 0.049 0.596 0.104 0.154 
 98 z0044047   (24)    2 :  0.113 0.132 0.414 0.272 0.069 
 99 z0044064   (13)    2 :  0.128 0.160 0.363 0.283 0.066 
100 z0044432   (14)    2 :  0.253 0.137 0.154 0.305 0.152 
101 z0045326    (0)    3 :  0.090 0.493 0.154 0.092 0.171 
102 z0045331    (5)    1 :  0.125 0.504 0.157 0.130 0.084 
103 z0045332    (1)    1 :  0.199 0.465 0.108 0.148 0.080 
104 z0045333    (6)    1 :  0.141 0.119 0.073 0.123 0.544 
105 z0045337    (4)    1 :  0.127 0.084 0.082 0.052 0.654 
106 z0045342   (12)    1 :  0.069 0.308 0.081 0.410 0.133 
107 z0045347    (1)    3 :  0.291 0.078 0.088 0.305 0.237 
108 z0045350    (0)    1 :  0.190 0.243 0.084 0.300 0.183 
109 z0045370    (0)    1 :  0.069 0.697 0.034 0.055 0.144 
110 z0045371    (1)    3 :  0.190 0.279 0.156 0.199 0.177 
111 z0045398    (1)    3 :  0.242 0.184 0.031 0.281 0.262 
112 z0045399    (1)    3 :  0.337 0.229 0.064 0.209 0.160 
113 z0045401   (23)    1 :  0.118 0.371 0.104 0.223 0.184 
114 z0045404    (0)    3 :  0.082 0.681 0.061 0.091 0.086 
115 z0045405    (4)    3 :  0.187 0.325 0.096 0.293 0.098 
116 z0045407    (1)    3 :  0.390 0.222 0.128 0.165 0.095 
117 z0045719    (0)    2 :  0.150 0.134 0.335 0.334 0.047 
118 z0045720    (1)    2 :  0.206 0.189 0.134 0.334 0.136 
119 z0045728    (0)    2 :  0.096 0.067 0.425 0.189 0.222 
120 z0045731    (0)    2 :  0.153 0.201 0.227 0.350 0.069 
121 z0045733    (0)    2 :  0.116 0.190 0.157 0.399 0.138 
122 z0045736    (1)    2 :  0.095 0.189 0.204 0.385 0.127 
123 z0045739    (1)    2 :  0.154 0.280 0.164 0.285 0.117 
124 z0045740    (1)    2 :  0.114 0.103 0.523 0.163 0.097 
125 z0045741    (0)    2 :  0.170 0.166 0.293 0.316 0.054 
126 z0045742    (0)    2 :  0.070 0.254 0.447 0.084 0.145 
127 z0045776    (0)    3 :  0.183 0.129 0.202 0.315 0.172 
128 z0045779    (0)    2 :  0.055 0.059 0.672 0.041 0.172 
129 z0045781    (0)    2 :  0.147 0.142 0.433 0.200 0.077 
130 z0045788    (5)    2 :  0.126 0.050 0.674 0.069 0.080 
131 z0045789    (2)    2 :  0.187 0.111 0.541 0.076 0.085 
132 z0045791    (4)    2 :  0.174 0.116 0.451 0.176 0.083 
133 z0045792   (22)    1 :  0.156 0.112 0.174 0.237 0.322 
134 z0045793    (0)    3 :  0.051 0.506 0.183 0.117 0.142 
135 z0047562   (14)    2 :  0.101 0.134 0.348 0.327 0.090 
136 z0047854    (1)    2 :  0.095 0.130 0.381 0.270 0.125 
137 z0051185    (0)    1 :  0.129 0.415 0.060 0.240 0.157 
138 z0051324    (0)    1 :  0.166 0.212 0.083 0.177 0.362 
139 z0051327    (3)    3 :  0.082 0.277 0.219 0.302 0.119 
140 z0051328    (1)    1 :  0.130 0.086 0.144 0.162 0.480 
141 z0051380    (0)    1 :  0.071 0.052 0.028 0.056 0.793 
142 z0051400    (0)    3 :  0.124 0.267 0.198 0.149 0.261 
143 z0051431   (21)    3 :  0.091 0.335 0.268 0.220 0.085 
144 z0051840   (33)    2 :  0.182 0.243 0.366 0.133 0.076 
145 z0051844   (27)    2 :  0.209 0.185 0.313 0.209 0.083 
146 z0051875   (28)    3 :  0.115 0.426 0.083 0.237 0.139 
147 z0051885    (7)    3 :  0.142 0.242 0.444 0.082 0.091 
148 z0051888    (0)    2 :  0.094 0.179 0.451 0.159 0.116 
149 z0051891    (0)    1 :  0.201 0.248 0.129 0.261 0.162 
150 z0051893    (2)    1 :  0.151 0.175 0.117 0.168 0.390 
151 z0051895    (0)    3 :  0.138 0.355 0.094 0.184 0.229 
152 z0051918    (0)    3 :  0.418 0.086 0.284 0.139 0.073 
153 z0051929    (1)    1 :  0.088 0.172 0.092 0.181 0.467 
154 z0051939   (11)    3 :  0.150 0.378 0.251 0.152 0.069 
155 z0051947    (3)    1 :  0.079 0.094 0.093 0.136 0.597 
156 z0051959    (1)    3 :  0.361 0.109 0.202 0.129 0.199 
157 z0052846    (0)    4 :  0.175 0.289 0.162 0.218 0.155 
158 z0052882    (1)    2 :  0.142 0.173 0.261 0.286 0.137 
159 z0053020   (20)    2 :  0.187 0.107 0.267 0.344 0.095 
160 z0053024   (12)    2 :  0.157 0.150 0.217 0.311 0.165 
161 z0053025    (3)    2 :  0.102 0.107 0.663 0.076 0.053 
162 z0053031    (0)    2 :  0.257 0.219 0.184 0.159 0.180 
163 z0053032    (0)    2 :  0.150 0.065 0.300 0.286 0.200 
164 z0053040    (5)    2 :  0.140 0.140 0.234 0.350 0.137 
165 z0053051    (0)    3 :  0.230 0.369 0.064 0.270 0.068 
166 z0053054    (5)    3 :  0.108 0.361 0.063 0.321 0.148 
167 z0053071    (2)    2 :  0.076 0.139 0.568 0.142 0.075 
168 z0053073    (1)    2 :  0.214 0.099 0.125 0.372 0.191 
169 z0053078    (0)    3 :  0.404 0.086 0.363 0.093 0.054 
170 z0053082    (1)    3 :  0.076 0.262 0.344 0.221 0.097 
171 z0053083   (12)    2 :  0.137 0.158 0.314 0.230 0.161 
172 z0053090   (10)    3 :  0.143 0.080 0.351 0.340 0.085 
173 z0053096    (0)    2 :  0.243 0.063 0.586 0.071 0.037 
174 z0053100    (6)    2 :  0.071 0.059 0.292 0.509 0.069 
175 z0053101    (0)    2 :  0.256 0.070 0.397 0.133 0.145 
176 z0053102    (8)    2 :  0.074 0.131 0.346 0.394 0.056 
177 z0053103    (0)    2 :  0.052 0.101 0.641 0.126 0.079 
178 z0053111    (2)    3 :  0.212 0.205 0.123 0.310 0.150 
179 z0053131    (0)    2 :  0.106 0.200 0.382 0.134 0.178 
180 z0053132    (0)    2 :  0.373 0.125 0.270 0.177 0.056 
181 z0053133    (0)    2 :  0.203 0.306 0.133 0.282 0.077 
182 z0053138    (0)    2 :  0.112 0.205 0.294 0.178 0.210 
183 z0053142    (2)    2 :  0.168 0.138 0.308 0.127 0.260 
184 z0053149    (0)    2 :  0.218 0.070 0.427 0.103 0.182 
185 z0053754    (1)    1 :  0.366 0.104 0.158 0.078 0.295 
186 z0053756    (1)    1 :  0.462 0.084 0.081 0.109 0.264 
187 z0053758   (17)    1 :  0.082 0.575 0.100 0.080 0.163 
188 z0053759    (0)    1 :  0.189 0.141 0.078 0.195 0.397 
189 z0053842    (1)    1 :  0.088 0.192 0.091 0.482 0.147 
190 z0053843    (6)    1 :  0.116 0.604 0.057 0.076 0.148 
191 z0053844    (7)    1 :  0.141 0.304 0.117 0.180 0.257 
192 z0053846    (2)    1 :  0.088 0.637 0.054 0.070 0.151 
193 z0053847    (0)    1 :  0.114 0.054 0.130 0.207 0.494 
194 z0053849    (1)    1 :  0.306 0.301 0.099 0.142 0.153 
195 z0055903    (1)    4 :  0.160 0.119 0.081 0.442 0.198 
196 z0055910   (34)    4 :  0.257 0.127 0.202 0.228 0.185 
197 z0055912    (7)    4 :  0.295 0.108 0.184 0.316 0.097 
198 z0055916   (15)    4 :  0.229 0.155 0.200 0.252 0.163 
199 z0055931    (2)    4 :  0.113 0.100 0.459 0.228 0.100 
200 z0055944    (3)    4 :  0.140 0.207 0.165 0.239 0.250 
201 z0055947    (9)    4 :  0.143 0.420 0.175 0.168 0.093 
202 z0055962    (6)    4 :  0.110 0.130 0.354 0.294 0.113 
203 z0055963   (21)    4 :  0.163 0.137 0.304 0.304 0.091 
204 z0055965   (25)    4 :  0.411 0.128 0.064 0.248 0.149 
205 z0055970   (15)    4 :  0.126 0.092 0.213 0.339 0.230 
206 z0055971    (7)    4 :  0.226 0.144 0.231 0.195 0.205 
207 z0055977    (6)    4 :  0.158 0.237 0.340 0.185 0.080 
208 z0055986   (19)    4 :  0.110 0.297 0.109 0.227 0.257 
209 z0055990    (6)    4 :  0.111 0.177 0.443 0.189 0.079 
210 z0055996    (2)    4 :  0.069 0.243 0.274 0.293 0.122 
211 z0055997    (3)    4 :  0.108 0.132 0.233 0.284 0.243 
212 z0055998    (4)    4 :  0.313 0.163 0.138 0.208 0.179 
213 z0055999    (2)    4 :  0.188 0.320 0.139 0.125 0.228 
214 z0056011    (7)    4 :  0.143 0.151 0.112 0.482 0.112 
215 z0056029    (4)    4 :  0.100 0.095 0.189 0.453 0.164 
216 z0056034    (0)    4 :  0.137 0.107 0.306 0.330 0.119 
217 z0056056   (25)    3 :  0.119 0.186 0.124 0.270 0.301 
218 z0056058    (5)    3 :  0.034 0.056 0.034 0.061 0.815 
219 z0056059    (8)    3 :  0.107 0.125 0.090 0.548 0.131 
220 z0056062    (1)    3 :  0.278 0.111 0.126 0.199 0.287 
221 z0056063    (4)    3 :  0.172 0.212 0.069 0.396 0.151 
222 z0056064    (0)    3 :  0.365 0.174 0.098 0.235 0.127 
223 z0056065    (0)    3 :  0.231 0.288 0.085 0.114 0.282 
224 z0056073    (0)    3 :  0.106 0.308 0.075 0.305 0.207 
225 z0056076    (4)    3 :  0.283 0.081 0.149 0.247 0.240 
226 z0056079    (9)    3 :  0.209 0.174 0.062 0.304 0.251 
227 z0056085    (0)    3 :  0.221 0.429 0.113 0.136 0.101 
228 z0056092    (1)    3 :  0.310 0.300 0.073 0.169 0.149 
229 z0056095    (1)    3 :  0.317 0.269 0.060 0.170 0.184 
230 z0056103    (7)    3 :  0.174 0.099 0.046 0.207 0.473 
231 z0056374    (7)    1 :  0.059 0.100 0.044 0.106 0.691 
232 z0056375    (0)    1 :  0.106 0.504 0.066 0.099 0.225 
233 z0056377    (0)    1 :  0.165 0.156 0.127 0.245 0.307 
234 z0056378    (0)    1 :  0.091 0.111 0.100 0.165 0.533 
235 z0056382    (0)    1 :  0.119 0.684 0.053 0.081 0.063 
236 z0056384    (3)    1 :  0.358 0.113 0.113 0.106 0.310 
237 z0056386    (7)    1 :  0.128 0.522 0.069 0.086 0.195 
238 z0056389    (0)    1 :  0.040 0.756 0.044 0.078 0.082 
239 z0056391    (1)    1 :  0.036 0.471 0.030 0.047 0.415 
240 z0056392   (11)    1 :  0.098 0.179 0.067 0.085 0.572 
241 z0056393    (8)    1 :  0.092 0.316 0.106 0.202 0.283 
242 z0056394    (0)    1 :  0.085 0.302 0.080 0.211 0.323 
243 z0056395    (1)    1 :  0.217 0.067 0.149 0.144 0.422 
244 z0056397    (0)    1 :  0.319 0.092 0.240 0.120 0.228 
245 z0061527    (2)    3 :  0.118 0.112 0.486 0.179 0.105 
246 z0061967    (1)    3 :  0.159 0.221 0.127 0.330 0.163 
247 z0061969    (0)    3 :  0.056 0.284 0.346 0.166 0.149 
248 z0061980    (1)    1 :  0.256 0.212 0.147 0.094 0.291 
249 z0066166    (3)    3 :  0.093 0.284 0.261 0.116 0.247 
250 z0066792    (2)    1 :  0.670 0.084 0.114 0.067 0.065 
251 z0066805    (1)    1 :  0.693 0.077 0.073 0.071 0.086 
252 z0068471    (2)    3 :  0.222 0.074 0.105 0.140 0.459 
253 z0075696    (6)    5 :  0.734 0.094 0.052 0.085 0.035 
254 z0101084    (7)    1 :  0.083 0.128 0.087 0.123 0.579 
255 z0107099    (2)    3 :  0.099 0.344 0.039 0.120 0.399 
256 z0107101    (0)    1 :  0.045 0.225 0.055 0.041 0.633 
257 z0108489    (0)    1 :  0.259 0.105 0.131 0.213 0.291 
258 z0108513    (0)    1 :  0.089 0.362 0.134 0.063 0.352 
259 z0108528    (0)    3 :  0.076 0.249 0.208 0.240 0.228 
260 z0113628    (1)    3 :  0.257 0.158 0.134 0.380 0.071 
261 z0133302   (16)    1 :  0.162 0.172 0.110 0.287 0.269 
262 z0173485    (1)    1 :  0.086 0.136 0.221 0.469 0.088 
263 z0175371    (1)    3 :  0.348 0.177 0.211 0.163 0.100 
264 z0175378    (0)    2 :  0.044 0.159 0.461 0.275 0.060 
265 z0175912    (0)    1 :  0.123 0.071 0.109 0.097 0.599 
266 z0175916    (1)    1 :  0.217 0.118 0.277 0.178 0.210 
267 z0175937    (1)    1 :  0.168 0.450 0.079 0.091 0.212 
268 z0178348   (12)    1 :  0.124 0.082 0.107 0.128 0.560 
269 z0187819    (7)    3 :  0.129 0.188 0.104 0.176 0.403 
270 z0187857    (1)    1 :  0.061 0.198 0.115 0.104 0.522 
271 z0187860    (0)    1 :  0.097 0.177 0.129 0.340 0.257 
272 z0187885    (0)    2 :  0.345 0.117 0.328 0.146 0.064 
273 z0187906    (9)    1 :  0.299 0.140 0.113 0.300 0.148 
274 z0195655    (0)    2 :  0.082 0.080 0.668 0.085 0.086 
275 z0195663    (0)    3 :  0.216 0.135 0.364 0.212 0.072 
276 z0195683    (1)    3 :  0.090 0.411 0.075 0.266 0.158 
277 z0195688    (0)    2 :  0.243 0.183 0.238 0.219 0.117 
278 z0195691    (0)    3 :  0.200 0.182 0.123 0.416 0.079 
279 z0195699    (0)    3 :  0.100 0.421 0.131 0.242 0.106 
280 z0195701    (7)    3 :  0.206 0.347 0.085 0.121 0.241 
281 z0195702    (0)    3 :  0.207 0.117 0.182 0.349 0.145 
282 z0195704    (0)    3 :  0.125 0.069 0.229 0.113 0.464 
283 z0195705    (0)    3 :  0.094 0.098 0.423 0.308 0.077 
284 z0195711    (0)    3 :  0.314 0.158 0.079 0.315 0.133 
285 z0195716    (0)    3 :  0.337 0.162 0.113 0.200 0.189 
286 z0195718   (12)    3 :  0.202 0.296 0.051 0.173 0.278 
287 z0195725    (5)    3 :  0.082 0.070 0.300 0.144 0.404 
288 z0195726   (16)    1 :  0.139 0.133 0.048 0.550 0.129 
289 z0195728   (14)    3 :  0.073 0.703 0.032 0.083 0.108 
290 z0195732   (16)    3 :  0.145 0.359 0.046 0.280 0.170 
291 z0195737    (0)    3 :  0.137 0.171 0.283 0.280 0.129 
292 z0195740   (26)    3 :  0.254 0.160 0.141 0.299 0.146 
293 z0195751    (1)    3 :  0.099 0.602 0.051 0.123 0.124 
294 z0195762    (1)    3 :  0.527 0.191 0.072 0.091 0.120 
295 z0195784    (0)    3 :  0.191 0.239 0.053 0.280 0.236 
296 z0196686    (0)    5 :  0.834 0.030 0.035 0.043 0.058 
297 z0196687    (0)    5 :  0.707 0.057 0.097 0.073 0.065 
298 z0196689    (0)    5 :  0.722 0.054 0.102 0.071 0.051 
299 z0196690    (2)    5 :  0.639 0.106 0.048 0.064 0.143 
300 z0196691    (7)    5 :  0.730 0.063 0.031 0.086 0.089 
301 z0196692    (1)    5 :  0.635 0.084 0.091 0.076 0.114 
302 z0196693    (1)    5 :  0.674 0.120 0.066 0.061 0.079 
303 z0196694    (1)    5 :  0.657 0.063 0.065 0.112 0.103 
304 z0196710    (0)    3 :  0.370 0.106 0.141 0.163 0.220 
305 z0196715   (22)    3 :  0.083 0.364 0.056 0.212 0.285 
306 z0196719    (0)    3 :  0.119 0.422 0.115 0.219 0.126 
307 z0196724   (20)    3 :  0.084 0.354 0.094 0.330 0.137 
308 z0196725    (0)    3 :  0.155 0.111 0.089 0.156 0.489 
309 z0196729    (1)    3 :  0.179 0.249 0.103 0.178 0.291 
310 z0196730    (3)    1 :  0.070 0.040 0.097 0.052 0.740 
311 z0196731    (0)    3 :  0.131 0.239 0.063 0.302 0.265 
312 z0196733   (13)    1 :  0.167 0.260 0.110 0.220 0.243 
313 z0196734    (1)    3 :  0.123 0.260 0.116 0.417 0.084 
314 z0196739   (17)    3 :  0.077 0.160 0.197 0.327 0.240 
315 z0196740   (11)    3 :  0.423 0.271 0.082 0.078 0.146 
316 z0196746    (1)    1 :  0.147 0.173 0.050 0.147 0.483 
317 z0196751    (0)    3 :  0.196 0.280 0.110 0.213 0.201 
318 z0196752    (0)    3 :  0.599 0.083 0.048 0.103 0.167 
319 z0196754    (0)    3 :  0.077 0.552 0.112 0.143 0.116 
320 z0196758    (1)    1 :  0.223 0.203 0.140 0.098 0.336 
321 z0196763    (1)    3 :  0.169 0.337 0.106 0.287 0.100 
322 z0196764    (0)    3 :  0.188 0.402 0.074 0.173 0.164 
323 z0196766    (0)    3 :  0.202 0.219 0.071 0.188 0.320 
324 z0196769    (1)    3 :  0.186 0.381 0.055 0.150 0.228 
325 z0196774    (0)    3 :  0.390 0.169 0.051 0.091 0.300 
326 z0196783    (0)    1 :  0.074 0.279 0.042 0.082 0.523 
327 z0196794    (2)    1 :  0.161 0.428 0.048 0.059 0.304 
328 z0196804   (14)    1 :  0.144 0.316 0.065 0.216 0.260 
329 z0196809    (0)    3 :  0.246 0.424 0.068 0.107 0.155 
330 z0196810    (1)    1 :  0.314 0.085 0.081 0.213 0.307 
331 z0196811    (0)    1 :  0.264 0.324 0.058 0.135 0.219 
332 z0196824    (0)    3 :  0.178 0.114 0.196 0.331 0.182 
333 z0196825    (0)    3 :  0.085 0.190 0.107 0.344 0.275 
334 z0196828    (1)    2 :  0.159 0.187 0.170 0.244 0.240 
335 z0196829    (0)    3 :  0.093 0.146 0.100 0.392 0.269 
336 z0196834   (26)    3 :  0.108 0.288 0.184 0.242 0.178 
337 z0196835    (0)    3 :  0.052 0.280 0.070 0.163 0.435 
338 z0196841   (20)    3 :  0.302 0.220 0.095 0.204 0.180 
339 z0196843   (25)    3 :  0.090 0.089 0.097 0.209 0.516 
340 z0196849    (0)    3 :  0.109 0.559 0.073 0.169 0.090 
341 z0196852    (0)    2 :  0.173 0.161 0.179 0.392 0.096 
342 z0196855    (0)    2 :  0.234 0.111 0.270 0.194 0.192 
343 z0196856    (0)    3 :  0.239 0.107 0.238 0.325 0.090 
344 z0196864    (1)    3 :  0.154 0.095 0.265 0.389 0.096 
345 z0196894    (0)    3 :  0.341 0.263 0.079 0.101 0.217 
346 z0197662    (2)    1 :  0.114 0.079 0.237 0.339 0.231 
347 z0197665    (2)    1 :  0.105 0.121 0.048 0.046 0.680 
348 z0197668   (20)    3 :  0.503 0.213 0.102 0.112 0.070 
349 z0197669    (0)    3 :  0.164 0.175 0.323 0.279 0.059 
350 z0197672    (1)    3 :  0.174 0.400 0.097 0.233 0.096 


Estimated Allele Frequencies in each cluster
First column gives estimated ancestral frequencies


Locus 1 : Mnov_gtseq_1 
2 alleles
0.0% missing data
   0   (0.429) 0.471 0.414 0.238 0.498 0.394 
   1   (0.571) 0.529 0.586 0.762 0.502 0.606 

Locus 2 : Mnov_gtseq_10 
2 alleles
0.3% missing data
   0   (0.813) 0.913 0.707 0.963 0.831 0.703 
   1   (0.187) 0.087 0.293 0.037 0.169 0.297 

Locus 3 : Mnov_gtseq_102 
2 alleles
0.9% missing data
   0   (0.546) 0.560 0.576 0.813 0.484 0.423 
   1   (0.454) 0.440 0.424 0.187 0.516 0.577 

Locus 4 : Mnov_gtseq_104 
2 alleles
0.3% missing data
   0   (0.865) 0.959 0.776 0.949 0.923 0.715 
   1   (0.135) 0.041 0.224 0.051 0.077 0.285 

Locus 5 : Mnov_gtseq_106 
2 alleles
14.9% missing data
   1   (0.761) 0.679 0.820 0.786 0.840 0.750 
   0   (0.239) 0.321 0.180 0.214 0.160 0.250 

Locus 6 : Mnov_gtseq_107 
2 alleles
37.4% missing data
   1   (0.216) 0.103 0.111 0.463 0.301 0.210 
   0   (0.784) 0.897 0.889 0.537 0.699 0.790 

Locus 7 : Mnov_gtseq_112 
2 alleles
0.9% missing data
   0   (0.609) 0.363 0.741 0.709 0.672 0.592 
   1   (0.391) 0.637 0.259 0.291 0.328 0.408 

Locus 8 : Mnov_gtseq_113 
2 alleles
2.0% missing data
   1   (0.718) 0.669 0.827 0.612 0.733 0.768 
   0   (0.282) 0.331 0.173 0.388 0.267 0.232 

Locus 9 : Mnov_gtseq_114 
3 alleles
4.3% missing data
   0   (0.517) 0.423 0.630 0.225 0.615 0.580 
   1   (0.450) 0.569 0.361 0.727 0.374 0.411 
   2   (0.032) 0.009 0.010 0.047 0.011 0.009 

Locus 10 : Mnov_gtseq_117 
2 alleles
26.9% missing data
   0   (0.635) 0.652 0.560 0.880 0.642 0.525 
   1   (0.365) 0.348 0.440 0.120 0.358 0.475 

Locus 11 : Mnov_gtseq_12 
2 alleles
0.3% missing data
   0   (0.457) 0.682 0.698 0.273 0.308 0.257 
   1   (0.543) 0.318 0.302 0.727 0.692 0.743 

Locus 12 : Mnov_gtseq_124 
4 alleles
5.1% missing data
   3   (0.717) 0.818 0.776 0.896 0.741 0.580 
   2   (0.221) 0.153 0.177 0.081 0.237 0.408 
   1   (0.033) 0.011 0.036 0.019 0.011 0.004 
   0   (0.029) 0.019 0.012 0.004 0.011 0.008 

Locus 13 : Mnov_gtseq_125 
3 alleles
1.7% missing data
   1   (0.229) 0.210 0.260 0.443 0.150 0.083 
   2   (0.676) 0.744 0.715 0.179 0.702 0.893 
   0   (0.096) 0.046 0.024 0.378 0.149 0.023 

Locus 14 : Mnov_gtseq_126 
2 alleles
0.0% missing data
   0   (0.353) 0.604 0.179 0.275 0.395 0.266 
   1   (0.647) 0.396 0.821 0.725 0.605 0.734 

Locus 15 : Mnov_gtseq_127 
2 alleles
6.9% missing data
   0   (0.627) 0.651 0.731 0.378 0.647 0.624 
   1   (0.373) 0.349 0.269 0.622 0.353 0.376 

Locus 16 : Mnov_gtseq_128 
2 alleles
30.9% missing data
   0   (0.684) 0.648 0.736 0.662 0.641 0.826 
   1   (0.316) 0.352 0.264 0.338 0.359 0.174 

Locus 17 : Mnov_gtseq_129 
3 alleles
2.0% missing data
   0   (0.513) 0.291 0.474 0.558 0.699 0.531 
   1   (0.316) 0.239 0.412 0.346 0.218 0.325 
   2   (0.172) 0.470 0.114 0.096 0.083 0.144 

Locus 18 : Mnov_gtseq_13 
3 alleles
0.0% missing data
   1   (0.417) 0.199 0.572 0.370 0.444 0.497 
   2   (0.173) 0.328 0.071 0.106 0.207 0.104 
   0   (0.410) 0.473 0.357 0.524 0.349 0.398 

Locus 19 : Mnov_gtseq_130 
2 alleles
28.6% missing data
   1   (0.499) 0.596 0.479 0.512 0.469 0.478 
   0   (0.501) 0.404 0.521 0.488 0.531 0.522 

Locus 20 : Mnov_gtseq_135 
2 alleles
0.6% missing data
   0   (0.465) 0.395 0.501 0.534 0.511 0.344 
   1   (0.535) 0.605 0.499 0.466 0.489 0.656 

Locus 21 : Mnov_gtseq_138 
3 alleles
0.6% missing data
   0   (0.262) 0.155 0.230 0.260 0.296 0.327 
   1   (0.509) 0.618 0.534 0.672 0.430 0.476 
   2   (0.229) 0.228 0.236 0.068 0.274 0.197 

Locus 22 : Mnov_gtseq_140 
2 alleles
1.1% missing data
   0   (0.465) 0.269 0.580 0.584 0.588 0.231 
   1   (0.535) 0.731 0.420 0.416 0.412 0.769 

Locus 23 : Mnov_gtseq_141 
2 alleles
0.3% missing data
   0   (0.553) 0.467 0.499 0.544 0.502 0.789 
   1   (0.447) 0.533 0.501 0.456 0.498 0.211 

Locus 24 : Mnov_gtseq_143 
2 alleles
2.6% missing data
   1   (0.546) 0.376 0.626 0.518 0.504 0.713 
   0   (0.454) 0.624 0.374 0.482 0.496 0.287 

Locus 25 : Mnov_gtseq_145 
2 alleles
2.0% missing data
   0   (0.458) 0.332 0.459 0.504 0.430 0.595 
   1   (0.542) 0.668 0.541 0.496 0.570 0.405 

Locus 26 : Mnov_gtseq_147 
3 alleles
25.4% missing data
   0   (0.766) 0.793 0.850 0.469 0.784 0.869 
   2   (0.146) 0.128 0.122 0.067 0.146 0.109 
   1   (0.088) 0.079 0.028 0.465 0.070 0.022 

Locus 27 : Mnov_gtseq_148 
3 alleles
9.1% missing data
   0   (0.302) 0.495 0.288 0.116 0.299 0.199 
   1   (0.445) 0.369 0.295 0.591 0.553 0.496 
   2   (0.253) 0.135 0.417 0.292 0.148 0.305 

Locus 28 : Mnov_gtseq_149 
2 alleles
0.3% missing data
   0   (0.600) 0.574 0.580 0.537 0.637 0.677 
   1   (0.400) 0.426 0.420 0.463 0.363 0.323 

Locus 29 : Mnov_gtseq_15 
2 alleles
0.0% missing data
   0   (0.485) 0.478 0.686 0.376 0.482 0.305 
   1   (0.515) 0.522 0.314 0.624 0.518 0.695 

Locus 30 : Mnov_gtseq_152 
2 alleles
0.9% missing data
   0   (0.351) 0.260 0.305 0.374 0.443 0.255 
   1   (0.649) 0.740 0.695 0.626 0.557 0.745 

Locus 31 : Mnov_gtseq_154 
3 alleles
3.4% missing data
   0   (0.339) 0.371 0.383 0.124 0.329 0.493 
   2   (0.223) 0.242 0.180 0.294 0.194 0.145 
   1   (0.438) 0.387 0.437 0.583 0.477 0.362 

Locus 32 : Mnov_gtseq_157 
2 alleles
0.6% missing data
   1   (0.551) 0.490 0.578 0.675 0.582 0.485 
   0   (0.449) 0.510 0.422 0.325 0.418 0.515 

Locus 33 : Mnov_gtseq_158 
2 alleles
0.6% missing data
   0   (0.407) 0.384 0.544 0.057 0.349 0.689 
   1   (0.593) 0.616 0.456 0.943 0.651 0.311 

Locus 34 : Mnov_gtseq_159 
3 alleles
24.0% missing data
   0   (0.595) 0.581 0.714 0.360 0.590 0.694 
   1   (0.195) 0.175 0.096 0.451 0.170 0.216 
   2   (0.210) 0.245 0.189 0.189 0.240 0.090 

Locus 35 : Mnov_gtseq_16 
2 alleles
0.0% missing data
   0   (0.641) 0.691 0.776 0.564 0.630 0.529 
   1   (0.359) 0.309 0.224 0.436 0.370 0.471 

Locus 36 : Mnov_gtseq_160 
2 alleles
2.3% missing data
   0   (0.492) 0.446 0.497 0.378 0.504 0.585 
   1   (0.508) 0.554 0.503 0.622 0.496 0.415 

Locus 37 : Mnov_gtseq_161 
2 alleles
1.7% missing data
   1   (0.752) 0.724 0.782 0.832 0.794 0.756 
   0   (0.248) 0.276 0.218 0.168 0.206 0.244 

Locus 38 : Mnov_gtseq_167 
3 alleles
1.1% missing data
   2   (0.733) 0.861 0.838 0.812 0.724 0.551 
   0   (0.191) 0.115 0.110 0.124 0.168 0.432 
   1   (0.076) 0.024 0.052 0.064 0.108 0.017 

Locus 39 : Mnov_gtseq_17 
2 alleles
0.3% missing data
   0   (0.532) 0.568 0.523 0.416 0.568 0.528 
   1   (0.468) 0.432 0.477 0.584 0.432 0.472 

Locus 40 : Mnov_gtseq_170 
2 alleles
0.0% missing data
   0   (0.320) 0.292 0.328 0.187 0.406 0.218 
   1   (0.680) 0.708 0.672 0.813 0.594 0.782 

Locus 41 : Mnov_gtseq_171 
3 alleles
41.4% missing data
   2   (0.587) 0.695 0.554 0.631 0.592 0.613 
   0   (0.320) 0.220 0.415 0.244 0.333 0.301 
   1   (0.093) 0.085 0.031 0.125 0.075 0.086 

Locus 42 : Mnov_gtseq_173 
4 alleles
21.4% missing data
   3   (0.425) 0.649 0.282 0.593 0.478 0.211 
   1   (0.501) 0.304 0.694 0.223 0.492 0.775 
   2   (0.057) 0.043 0.019 0.183 0.026 0.011 
   0   (0.016) 0.003 0.005 0.001 0.004 0.002 

Locus 43 : Mnov_gtseq_174 
2 alleles
2.6% missing data
   0   (0.262) 0.279 0.134 0.540 0.173 0.364 
   1   (0.738) 0.721 0.866 0.460 0.827 0.636 

Locus 44 : Mnov_gtseq_180 
3 alleles
14.3% missing data
   1   (0.621) 0.332 0.707 0.936 0.649 0.608 
   2   (0.285) 0.602 0.193 0.054 0.279 0.305 
   0   (0.094) 0.066 0.099 0.010 0.072 0.087 

Locus 45 : Mnov_gtseq_182 
2 alleles
8.6% missing data
   0   (0.826) 0.934 0.710 0.816 0.912 0.765 
   1   (0.174) 0.066 0.290 0.184 0.088 0.235 

Locus 46 : Mnov_gtseq_186 
3 alleles
28.0% missing data
   1   (0.470) 0.469 0.530 0.479 0.462 0.474 
   2   (0.092) 0.107 0.050 0.015 0.092 0.079 
   0   (0.438) 0.424 0.420 0.506 0.447 0.447 

Locus 47 : Mnov_gtseq_187 
2 alleles
7.1% missing data
   1   (0.582) 0.569 0.687 0.781 0.514 0.435 
   0   (0.418) 0.431 0.313 0.219 0.486 0.565 

Locus 48 : Mnov_gtseq_188 
2 alleles
13.4% missing data
   0   (0.551) 0.787 0.479 0.683 0.480 0.430 
   1   (0.449) 0.213 0.521 0.317 0.520 0.570 

Locus 49 : Mnov_gtseq_189 
2 alleles
3.7% missing data
   0   (0.448) 0.209 0.447 0.447 0.529 0.623 
   1   (0.552) 0.791 0.553 0.553 0.471 0.377 

Locus 50 : Mnov_gtseq_19 
3 alleles
0.0% missing data
   1   (0.854) 0.826 0.939 0.727 0.892 0.872 
   2   (0.089) 0.032 0.053 0.026 0.095 0.116 
   0   (0.057) 0.142 0.008 0.247 0.013 0.012 

Locus 51 : Mnov_gtseq_190 
2 alleles
0.0% missing data
   1   (0.436) 0.365 0.396 0.288 0.577 0.385 
   0   (0.564) 0.635 0.604 0.712 0.423 0.615 

Locus 52 : Mnov_gtseq_192 
2 alleles
20.9% missing data
   0   (0.814) 0.880 0.724 0.805 0.880 0.876 
   1   (0.186) 0.120 0.276 0.195 0.120 0.124 

Locus 53 : Mnov_gtseq_193 
2 alleles
0.0% missing data
   0   (0.712) 0.574 0.819 0.784 0.762 0.678 
   1   (0.288) 0.426 0.181 0.216 0.238 0.322 

Locus 54 : Mnov_gtseq_195 
3 alleles
0.0% missing data
   1   (0.541) 0.712 0.517 0.536 0.573 0.412 
   2   (0.429) 0.273 0.476 0.462 0.401 0.582 
   0   (0.030) 0.016 0.007 0.002 0.025 0.006 

Locus 55 : Mnov_gtseq_196 
2 alleles
0.3% missing data
   0   (0.314) 0.509 0.375 0.123 0.173 0.394 
   1   (0.686) 0.491 0.625 0.877 0.827 0.606 

Locus 56 : Mnov_gtseq_197 
3 alleles
0.3% missing data
   1   (0.380) 0.396 0.342 0.311 0.309 0.502 
   0   (0.443) 0.225 0.557 0.630 0.475 0.406 
   2   (0.178) 0.379 0.101 0.059 0.216 0.092 

Locus 57 : Mnov_gtseq_2 
3 alleles
0.3% missing data
   0   (0.195) 0.138 0.125 0.228 0.324 0.083 
   2   (0.764) 0.724 0.861 0.768 0.661 0.911 
   1   (0.041) 0.138 0.014 0.004 0.015 0.007 

Locus 58 : Mnov_gtseq_200 
2 alleles
2.3% missing data
   0   (0.413) 0.271 0.329 0.701 0.471 0.377 
   1   (0.587) 0.729 0.671 0.299 0.529 0.623 

Locus 59 : Mnov_gtseq_201 
4 alleles
0.0% missing data
   0   (0.584) 0.759 0.474 0.584 0.703 0.433 
   2   (0.155) 0.058 0.177 0.237 0.116 0.124 
   3   (0.154) 0.094 0.277 0.160 0.128 0.043 
   1   (0.107) 0.088 0.072 0.020 0.053 0.400 

Locus 60 : Mnov_gtseq_202 
2 alleles
0.0% missing data
   0   (0.428) 0.280 0.447 0.571 0.419 0.457 
   1   (0.572) 0.720 0.553 0.429 0.581 0.543 

Locus 61 : Mnov_gtseq_204 
2 alleles
3.4% missing data
   0   (0.429) 0.466 0.403 0.628 0.284 0.529 
   1   (0.571) 0.534 0.597 0.372 0.716 0.471 

Locus 62 : Mnov_gtseq_205 
5 alleles
0.0% missing data
   0   (0.205) 0.199 0.416 0.232 0.145 0.075 
   4   (0.042) 0.011 0.008 0.155 0.037 0.008 
   3   (0.668) 0.731 0.543 0.539 0.772 0.880 
   1   (0.066) 0.055 0.026 0.072 0.041 0.026 
   2   (0.020) 0.004 0.006 0.002 0.005 0.010 

Locus 63 : Mnov_gtseq_208 
2 alleles
0.0% missing data
   0   (0.645) 0.605 0.638 0.315 0.708 0.831 
   1   (0.355) 0.395 0.362 0.685 0.292 0.169 

Locus 64 : Mnov_gtseq_209 
3 alleles
0.0% missing data
   0   (0.466) 0.278 0.589 0.544 0.590 0.297 
   2   (0.487) 0.697 0.403 0.295 0.384 0.694 
   1   (0.047) 0.025 0.008 0.161 0.025 0.009 

Locus 65 : Mnov_gtseq_21 
2 alleles
0.0% missing data
   1   (0.522) 0.602 0.480 0.316 0.461 0.745 
   0   (0.478) 0.398 0.520 0.684 0.539 0.255 

Locus 66 : Mnov_gtseq_210 
2 alleles
4.6% missing data
   0   (0.374) 0.321 0.628 0.235 0.214 0.456 
   1   (0.626) 0.679 0.372 0.765 0.786 0.544 

Locus 67 : Mnov_gtseq_211 
2 alleles
1.1% missing data
   0   (0.417) 0.373 0.428 0.250 0.457 0.478 
   1   (0.583) 0.627 0.572 0.750 0.543 0.522 

Locus 68 : Mnov_gtseq_213 
2 alleles
5.4% missing data
   0   (0.505) 0.469 0.583 0.352 0.459 0.621 
   1   (0.495) 0.531 0.417 0.648 0.541 0.379 

Locus 69 : Mnov_gtseq_214 
2 alleles
5.1% missing data
   0   (0.543) 0.337 0.452 0.786 0.655 0.563 
   1   (0.457) 0.663 0.548 0.214 0.345 0.437 

Locus 70 : Mnov_gtseq_215 
2 alleles
0.0% missing data
   0   (0.461) 0.329 0.382 0.535 0.625 0.404 
   1   (0.539) 0.671 0.618 0.465 0.375 0.596 

Locus 71 : Mnov_gtseq_216 
3 alleles
0.0% missing data
   2   (0.524) 0.596 0.427 0.689 0.602 0.414 
   1   (0.449) 0.365 0.569 0.307 0.390 0.583 
   0   (0.027) 0.039 0.004 0.004 0.007 0.003 

Locus 72 : Mnov_gtseq_217 
2 alleles
23.7% missing data
   0   (0.319) 0.229 0.489 0.156 0.376 0.177 
   1   (0.681) 0.771 0.511 0.844 0.624 0.823 

Locus 73 : Mnov_gtseq_218 
2 alleles
0.6% missing data
   0   (0.601) 0.755 0.376 0.837 0.628 0.528 
   1   (0.399) 0.245 0.624 0.163 0.372 0.472 

Locus 74 : Mnov_gtseq_22 
4 alleles
3.4% missing data
   2   (0.501) 0.419 0.412 0.786 0.564 0.583 
   0   (0.226) 0.225 0.335 0.135 0.195 0.140 
   1   (0.209) 0.237 0.176 0.072 0.217 0.253 
   3   (0.065) 0.119 0.077 0.008 0.024 0.024 

Locus 75 : Mnov_gtseq_220 
3 alleles
0.0% missing data
   0   (0.512) 0.576 0.423 0.697 0.457 0.565 
   1   (0.441) 0.314 0.567 0.280 0.516 0.422 
   2   (0.047) 0.110 0.011 0.022 0.026 0.013 

Locus 76 : Mnov_gtseq_223 
2 alleles
2.6% missing data
   0   (0.642) 0.623 0.769 0.640 0.559 0.699 
   1   (0.358) 0.377 0.231 0.360 0.441 0.301 

Locus 77 : Mnov_gtseq_224 
3 alleles
0.6% missing data
   0   (0.230) 0.267 0.116 0.282 0.222 0.275 
   1   (0.717) 0.705 0.854 0.711 0.727 0.683 
   2   (0.053) 0.028 0.030 0.007 0.052 0.042 

Locus 78 : Mnov_gtseq_225 
2 alleles
0.0% missing data
   0   (0.510) 0.317 0.627 0.517 0.462 0.655 
   1   (0.490) 0.683 0.373 0.483 0.538 0.345 

Locus 79 : Mnov_gtseq_227 
2 alleles
0.3% missing data
   0   (0.515) 0.658 0.357 0.692 0.485 0.520 
   1   (0.485) 0.342 0.643 0.308 0.515 0.480 

Locus 80 : Mnov_gtseq_229 
2 alleles
0.9% missing data
   1   (0.526) 0.598 0.407 0.662 0.429 0.701 
   0   (0.474) 0.402 0.593 0.338 0.571 0.299 

Locus 81 : Mnov_gtseq_232 
2 alleles
0.0% missing data
   0   (0.476) 0.356 0.416 0.739 0.467 0.512 
   1   (0.524) 0.644 0.584 0.261 0.533 0.488 

Locus 82 : Mnov_gtseq_234 
2 alleles
9.1% missing data
   0   (0.744) 0.772 0.844 0.865 0.747 0.540 
   1   (0.256) 0.228 0.156 0.135 0.253 0.460 

Locus 83 : Mnov_gtseq_235 
2 alleles
0.0% missing data
   0   (0.786) 0.904 0.661 0.894 0.801 0.775 
   1   (0.214) 0.096 0.339 0.106 0.199 0.225 

Locus 84 : Mnov_gtseq_238 
2 alleles
0.0% missing data
   0   (0.610) 0.611 0.574 0.823 0.545 0.651 
   1   (0.390) 0.389 0.426 0.177 0.455 0.349 

Locus 85 : Mnov_gtseq_239 
2 alleles
0.0% missing data
   0   (0.721) 0.695 0.627 0.763 0.810 0.795 
   1   (0.279) 0.305 0.373 0.237 0.190 0.205 

Locus 86 : Mnov_gtseq_241 
2 alleles
0.0% missing data
   0   (0.844) 0.905 0.801 0.806 0.920 0.863 
   1   (0.156) 0.095 0.199 0.194 0.080 0.137 

Locus 87 : Mnov_gtseq_243 
2 alleles
0.0% missing data
   0   (0.589) 0.708 0.644 0.623 0.585 0.380 
   1   (0.411) 0.292 0.356 0.377 0.415 0.620 

Locus 88 : Mnov_gtseq_244 
2 alleles
0.0% missing data
   0   (0.340) 0.212 0.491 0.481 0.283 0.231 
   1   (0.660) 0.788 0.509 0.519 0.717 0.769 

Locus 89 : Mnov_gtseq_245 
2 alleles
20.0% missing data
   1   (0.503) 0.356 0.428 0.693 0.505 0.661 
   0   (0.497) 0.644 0.572 0.307 0.495 0.339 

Locus 90 : Mnov_gtseq_246 
2 alleles
0.3% missing data
   0   (0.431) 0.175 0.478 0.567 0.427 0.634 
   1   (0.569) 0.825 0.522 0.433 0.573 0.366 

Locus 91 : Mnov_gtseq_247 
2 alleles
3.1% missing data
   0   (0.292) 0.513 0.238 0.187 0.230 0.215 
   1   (0.708) 0.487 0.762 0.813 0.770 0.785 

Locus 92 : Mnov_gtseq_248 
2 alleles
0.3% missing data
   0   (0.232) 0.244 0.175 0.460 0.260 0.074 
   1   (0.768) 0.756 0.825 0.540 0.740 0.926 

Locus 93 : Mnov_gtseq_25 
2 alleles
0.3% missing data
   0   (0.455) 0.267 0.499 0.673 0.442 0.505 
   1   (0.545) 0.733 0.501 0.327 0.558 0.495 

Locus 94 : Mnov_gtseq_250 
2 alleles
3.4% missing data
   0   (0.771) 0.872 0.849 0.735 0.781 0.621 
   1   (0.229) 0.128 0.151 0.265 0.219 0.379 

Locus 95 : Mnov_gtseq_251 
2 alleles
2.0% missing data
   1   (0.220) 0.141 0.200 0.181 0.319 0.107 
   0   (0.780) 0.859 0.800 0.819 0.681 0.893 

Locus 96 : Mnov_gtseq_253 
2 alleles
16.3% missing data
   0   (0.486) 0.606 0.424 0.479 0.577 0.275 
   1   (0.514) 0.394 0.576 0.521 0.423 0.725 

Locus 97 : Mnov_gtseq_254 
2 alleles
0.0% missing data
   1   (0.922) 0.944 0.811 0.991 0.945 0.983 
   0   (0.078) 0.056 0.189 0.009 0.055 0.017 

Locus 98 : Mnov_gtseq_255 
3 alleles
0.0% missing data
   0   (0.332) 0.266 0.200 0.485 0.280 0.594 
   2   (0.394) 0.292 0.469 0.438 0.492 0.208 
   1   (0.273) 0.442 0.330 0.077 0.227 0.198 

Locus 99 : Mnov_gtseq_257 
2 alleles
0.0% missing data
   0   (0.627) 0.479 0.783 0.433 0.637 0.710 
   1   (0.373) 0.521 0.217 0.567 0.363 0.290 

Locus 100 : Mnov_gtseq_258 
2 alleles
0.0% missing data
   0   (0.523) 0.717 0.380 0.655 0.499 0.442 
   1   (0.477) 0.283 0.620 0.345 0.501 0.558 

Locus 101 : Mnov_gtseq_26 
2 alleles
0.0% missing data
   1   (0.893) 0.892 0.936 0.973 0.891 0.925 
   0   (0.107) 0.108 0.064 0.027 0.109 0.075 

Locus 102 : Mnov_gtseq_260 
2 alleles
0.6% missing data
   0   (0.754) 0.689 0.813 0.795 0.716 0.867 
   1   (0.246) 0.311 0.187 0.205 0.284 0.133 

Locus 103 : Mnov_gtseq_261 
3 alleles
0.3% missing data
   0   (0.468) 0.425 0.421 0.621 0.467 0.530 
   1   (0.281) 0.387 0.186 0.247 0.237 0.345 
   2   (0.251) 0.188 0.393 0.132 0.296 0.125 

Locus 104 : Mnov_gtseq_262 
3 alleles
3.1% missing data
