

----------------------------------------------------
STRUCTURE by Pritchard, Stephens and Donnelly (2000)
     and Falush, Stephens and Pritchard (2003)
       Code by Pritchard, Falush and Hubisz
             Version 2.3.4 (Jul 2012)
----------------------------------------------------



Command line arguments:   structure -m wint.area.structureRun/wint.area.structureRun.k7.r4_mainparams -e wint.area.structureRun/wint.area.structureRun.k7.r4_extraparams -i wint.area.structureRun/wint.area.structureRun.k7.r4_data -o wint.area.structureRun/wint.area.structureRun.k7.r4_out 
Input File:    wint.area.structureRun/wint.area.structureRun.k7.r4_data

Run parameters:
   357 individuals
   328 loci
   7 populations assumed
   1000 Burn-in period
   10000 Reps


--------------------------------------------
Proportion of membership of each pre-defined
 population in each of the 7 clusters

Given    Inferred Clusters                                   Number of
 Pop       1      2      3      4      5      6      7      Individuals

  1:     0.210  0.155  0.183  0.075  0.154  0.124  0.100       80
  2:     0.094  0.116  0.101  0.256  0.134  0.123  0.176      126
  3:     0.140  0.158  0.176  0.106  0.156  0.124  0.140      115
  4:     0.112  0.135  0.126  0.159  0.153  0.129  0.186       27
  5:     0.082  0.089  0.066  0.057  0.078  0.561  0.067        9
--------------------------------------------

Allele-freq. divergence among pops (Net nucleotide distance),
computed using point estimates of P.

      1       2       3       4       5       6       7      
 1      -    0.0402  0.0392  0.0763  0.0293  0.0497  0.0476  
 2   0.0402     -    0.0334  0.0651  0.0165  0.0375  0.0345  
 3   0.0392  0.0334     -    0.0709  0.0230  0.0437  0.0405  
 4   0.0763  0.0651  0.0709     -    0.0506  0.0673  0.0493  
 5   0.0293  0.0165  0.0230  0.0506     -    0.0277  0.0241  
 6   0.0497  0.0375  0.0437  0.0673  0.0277     -    0.0359  
 7   0.0476  0.0345  0.0405  0.0493  0.0241  0.0359     -    

Average distances (expected heterozygosity) between individuals in same cluster:
cluster  1  : 0.3901 
cluster  2  : 0.3921 
cluster  3  : 0.3995 
cluster  4  : 0.3595 
cluster  5  : 0.4137 
cluster  6  : 0.3812 
cluster  7  : 0.3898 

--------------------------------------------
Estimated Ln Prob of Data   = -242253.5
Mean value of ln likelihood = -132574.8
Variance of ln likelihood   = 219357.4
Mean value of alpha         = 1.0000

Mean value of Fst_1         = 0.1884
Mean value of Fst_2         = 0.1596
Mean value of Fst_3         = 0.1586
Mean value of Fst_4         = 0.2584
Mean value of Fst_5         = 0.0997
Mean value of Fst_6         = 0.1731
Mean value of Fst_7         = 0.1692


Inferred ancestry of individuals:
        Label (%Miss) Pop:  Inferred clusters
  1   207778    (2)    2 :  0.101 0.148 0.095 0.188 0.098 0.082 0.289 
  2 z0005757    (7)    3 :  0.196 0.109 0.100 0.094 0.111 0.184 0.206 
  3 z0005758    (0)    3 :  0.195 0.238 0.104 0.048 0.245 0.106 0.064 
  4 z0011944    (0)    1 :  0.055 0.060 0.061 0.083 0.060 0.602 0.078 
  5 z0012702   (10)    4 :  0.040 0.041 0.049 0.273 0.058 0.100 0.440 
  6 z0016577    (2)    3 :  0.099 0.173 0.114 0.137 0.217 0.098 0.162 
  7 z0016578   (21)    1 :  0.069 0.080 0.351 0.038 0.210 0.161 0.091 
  8 z0016579    (1)    3 :  0.102 0.106 0.102 0.080 0.294 0.149 0.167 
  9 z0018264    (0)    1 :  0.078 0.058 0.051 0.072 0.102 0.533 0.106 
 10 z0029828    (2)    3 :  0.067 0.087 0.489 0.084 0.078 0.062 0.133 
 11 z0029829   (14)    1 :  0.082 0.079 0.528 0.068 0.078 0.062 0.103 
 12 z0029846   (14)    1 :  0.150 0.185 0.104 0.072 0.182 0.177 0.131 
 13 z0029860    (1)    3 :  0.105 0.092 0.429 0.064 0.134 0.060 0.115 
 14 z0029863    (2)    1 :  0.072 0.273 0.086 0.084 0.175 0.221 0.090 
 15 z0029864    (8)    1 :  0.137 0.326 0.119 0.062 0.123 0.139 0.094 
 16 z0029865   (13)    3 :  0.226 0.272 0.094 0.064 0.181 0.073 0.090 
 17 z0037607    (2)    3 :  0.053 0.246 0.124 0.111 0.210 0.147 0.109 
 18 z0037609   (25)    3 :  0.100 0.259 0.130 0.087 0.186 0.130 0.109 
 19 z0037624   (21)    1 :  0.268 0.102 0.066 0.089 0.267 0.073 0.135 
 20 z0038417    (8)    2 :  0.069 0.071 0.054 0.393 0.115 0.142 0.156 
 21 z0040275    (9)    2 :  0.057 0.138 0.064 0.243 0.140 0.176 0.182 
 22 z0040287    (3)    2 :  0.075 0.151 0.132 0.156 0.145 0.199 0.142 
 23 z0040308    (1)    2 :  0.082 0.163 0.058 0.227 0.182 0.054 0.234 
 24 z0040333    (1)    2 :  0.097 0.094 0.091 0.193 0.191 0.088 0.245 
 25 z0040334    (1)    2 :  0.068 0.057 0.043 0.439 0.100 0.098 0.194 
 26 z0040337    (6)    2 :  0.086 0.115 0.124 0.146 0.246 0.120 0.163 
 27 z0040345    (1)    2 :  0.056 0.101 0.038 0.264 0.129 0.142 0.270 
 28 z0040357    (5)    2 :  0.085 0.096 0.067 0.338 0.185 0.102 0.126 
 29 z0040363   (20)    2 :  0.151 0.095 0.077 0.275 0.155 0.087 0.159 
 30 z0040364    (0)    2 :  0.091 0.116 0.083 0.385 0.082 0.065 0.178 
 31 z0040387    (1)    2 :  0.076 0.089 0.099 0.333 0.118 0.078 0.206 
 32 z0040403   (15)    2 :  0.132 0.149 0.079 0.204 0.100 0.103 0.233 
 33 z0040413   (43)    2 :  0.092 0.179 0.074 0.138 0.114 0.113 0.290 
 34 z0040439    (0)    2 :  0.048 0.159 0.056 0.492 0.059 0.102 0.083 
 35 z0040465   (20)    2 :  0.082 0.144 0.177 0.173 0.137 0.096 0.191 
 36 z0040513   (17)    3 :  0.192 0.086 0.184 0.114 0.073 0.091 0.259 
 37 z0040961   (12)    2 :  0.093 0.076 0.074 0.206 0.096 0.246 0.209 
 38 z0040985   (16)    2 :  0.071 0.123 0.070 0.150 0.272 0.124 0.190 
 39 z0041026    (0)    2 :  0.075 0.053 0.148 0.407 0.106 0.090 0.121 
 40 z0041051   (28)    2 :  0.080 0.106 0.069 0.234 0.117 0.236 0.159 
 41 z0041115    (7)    2 :  0.133 0.087 0.082 0.360 0.123 0.107 0.107 
 42 z0041153   (23)    2 :  0.092 0.120 0.088 0.172 0.151 0.188 0.188 
 43 z0041233    (4)    2 :  0.152 0.131 0.101 0.171 0.153 0.086 0.206 
 44 z0041243    (1)    2 :  0.121 0.175 0.064 0.213 0.132 0.161 0.134 
 45 z0041248    (6)    2 :  0.134 0.112 0.060 0.366 0.151 0.086 0.091 
 46 z0041250    (1)    2 :  0.052 0.093 0.080 0.280 0.114 0.100 0.280 
 47 z0041274    (2)    2 :  0.050 0.079 0.181 0.178 0.072 0.190 0.248 
 48 z0041465   (15)    2 :  0.163 0.138 0.113 0.373 0.074 0.053 0.086 
 49 z0041472    (2)    2 :  0.150 0.107 0.088 0.319 0.102 0.087 0.147 
 50 z0041480   (10)    2 :  0.150 0.143 0.091 0.161 0.226 0.081 0.147 
 51 z0041483    (0)    2 :  0.072 0.057 0.074 0.421 0.125 0.127 0.123 
 52 z0041494   (12)    2 :  0.055 0.077 0.092 0.194 0.158 0.111 0.313 
 53 z0041498    (1)    2 :  0.135 0.074 0.126 0.321 0.140 0.119 0.085 
 54 z0041501    (1)    2 :  0.038 0.074 0.066 0.299 0.082 0.057 0.384 
 55 z0041507    (7)    2 :  0.077 0.115 0.095 0.315 0.105 0.105 0.189 
 56 z0041512    (0)    2 :  0.062 0.137 0.103 0.417 0.092 0.071 0.118 
 57 z0041522   (17)    2 :  0.095 0.076 0.141 0.341 0.173 0.105 0.069 
 58 z0041526    (1)    3 :  0.129 0.151 0.073 0.401 0.122 0.061 0.063 
 59 z0041527   (16)    2 :  0.089 0.163 0.097 0.242 0.075 0.089 0.245 
 60 z0043243    (2)    2 :  0.227 0.111 0.080 0.071 0.167 0.194 0.150 
 61 z0043278    (2)    2 :  0.062 0.048 0.062 0.449 0.082 0.190 0.108 
 62 z0043475   (17)    3 :  0.129 0.072 0.152 0.174 0.174 0.114 0.185 
 63 z0043477    (0)    2 :  0.069 0.151 0.076 0.206 0.252 0.130 0.116 
 64 z0043478    (2)    2 :  0.083 0.073 0.067 0.547 0.087 0.059 0.083 
 65 z0043481    (0)    2 :  0.077 0.064 0.077 0.277 0.204 0.088 0.213 
 66 z0043489    (7)    2 :  0.046 0.071 0.057 0.356 0.106 0.126 0.237 
 67 z0043491   (13)    2 :  0.082 0.200 0.084 0.252 0.128 0.154 0.101 
 68 z0043493    (3)    2 :  0.053 0.286 0.057 0.106 0.112 0.124 0.263 
 69 z0043494    (2)    2 :  0.082 0.166 0.118 0.150 0.109 0.192 0.182 
 70 z0043498    (2)    2 :  0.094 0.047 0.129 0.429 0.101 0.069 0.131 
 71 z0043504    (7)    2 :  0.083 0.291 0.052 0.167 0.164 0.131 0.113 
 72 z0043526    (3)    4 :  0.093 0.101 0.094 0.106 0.115 0.104 0.387 
 73 z0043566    (3)    2 :  0.172 0.126 0.051 0.251 0.168 0.067 0.166 
 74 z0043572    (0)    2 :  0.068 0.096 0.126 0.360 0.175 0.064 0.112 
 75 z0043599    (5)    2 :  0.067 0.153 0.150 0.182 0.146 0.106 0.196 
 76 z0043642    (1)    2 :  0.048 0.120 0.243 0.155 0.167 0.086 0.180 
 77 z0043649    (1)    2 :  0.075 0.091 0.059 0.302 0.081 0.101 0.290 
 78 z0043652    (1)    2 :  0.081 0.148 0.149 0.113 0.114 0.128 0.268 
 79 z0043668    (1)    2 :  0.244 0.049 0.078 0.099 0.129 0.122 0.280 
 80 z0043674    (1)    4 :  0.102 0.155 0.330 0.044 0.125 0.130 0.113 
 81 z0043686    (1)    2 :  0.143 0.119 0.091 0.207 0.163 0.165 0.111 
 82 z0043693    (1)    2 :  0.125 0.085 0.154 0.152 0.084 0.100 0.299 
 83 z0043704   (15)    2 :  0.056 0.190 0.082 0.458 0.071 0.063 0.081 
 84 z0043807    (1)    2 :  0.081 0.135 0.170 0.246 0.134 0.086 0.148 
 85 z0043819    (1)    2 :  0.074 0.085 0.143 0.055 0.220 0.106 0.317 
 86 z0043876    (7)    2 :  0.159 0.187 0.108 0.123 0.231 0.062 0.129 
 87 z0043877   (33)    2 :  0.223 0.106 0.086 0.217 0.112 0.068 0.188 
 88 z0043891   (21)    4 :  0.133 0.150 0.133 0.138 0.205 0.154 0.086 
 89 z0043915   (33)    2 :  0.122 0.080 0.104 0.108 0.132 0.269 0.184 
 90 z0043940   (10)    2 :  0.077 0.221 0.113 0.042 0.202 0.147 0.198 
 91 z0043954    (2)    2 :  0.144 0.118 0.089 0.133 0.156 0.171 0.188 
 92 z0043966    (5)    2 :  0.068 0.093 0.100 0.443 0.120 0.092 0.083 
 93 z0043980    (0)    2 :  0.137 0.052 0.162 0.167 0.146 0.117 0.218 
 94 z0043994    (1)    3 :  0.060 0.049 0.058 0.453 0.098 0.160 0.121 
 95 z0044017   (12)    2 :  0.083 0.119 0.076 0.142 0.086 0.230 0.264 
 96 z0044019   (14)    2 :  0.185 0.088 0.081 0.235 0.117 0.126 0.169 
 97 z0044023   (36)    2 :  0.183 0.073 0.050 0.521 0.068 0.044 0.061 
 98 z0044033    (0)    2 :  0.060 0.038 0.076 0.628 0.066 0.042 0.090 
 99 z0044042    (3)    2 :  0.132 0.098 0.063 0.423 0.070 0.121 0.093 
100 z0044047   (25)    2 :  0.068 0.101 0.056 0.176 0.076 0.102 0.422 
101 z0044064   (13)    2 :  0.046 0.108 0.090 0.183 0.168 0.193 0.212 
102 z0044432   (14)    2 :  0.131 0.095 0.138 0.125 0.089 0.112 0.310 
103 z0045326    (0)    3 :  0.087 0.270 0.236 0.104 0.170 0.053 0.079 
104 z0045331    (5)    1 :  0.095 0.107 0.301 0.119 0.171 0.138 0.069 
105 z0045332    (2)    1 :  0.083 0.114 0.223 0.072 0.130 0.162 0.216 
106 z0045333    (6)    1 :  0.353 0.153 0.125 0.080 0.115 0.070 0.103 
107 z0045337    (5)    1 :  0.440 0.074 0.120 0.088 0.112 0.102 0.064 
108 z0045342   (13)    1 :  0.142 0.074 0.333 0.071 0.088 0.082 0.210 
109 z0045347    (1)    3 :  0.110 0.181 0.095 0.078 0.202 0.183 0.153 
110 z0045350    (0)    1 :  0.099 0.091 0.178 0.081 0.214 0.205 0.132 
111 z0045370    (1)    1 :  0.109 0.191 0.451 0.030 0.071 0.079 0.068 
112 z0045371    (1)    3 :  0.128 0.290 0.093 0.127 0.165 0.103 0.094 
113 z0045398    (1)    3 :  0.085 0.200 0.210 0.037 0.277 0.078 0.112 
114 z0045399    (1)    3 :  0.168 0.176 0.134 0.048 0.106 0.279 0.090 
115 z0045401   (26)    1 :  0.101 0.101 0.203 0.068 0.202 0.116 0.209 
116 z0045404    (0)    3 :  0.076 0.180 0.369 0.041 0.185 0.058 0.090 
117 z0045405    (5)    3 :  0.049 0.222 0.233 0.042 0.201 0.123 0.129 
118 z0045407    (2)    3 :  0.065 0.200 0.122 0.066 0.257 0.193 0.096 
119 z0045719    (0)    2 :  0.045 0.097 0.133 0.346 0.120 0.091 0.169 
120 z0045720    (1)    2 :  0.065 0.092 0.169 0.151 0.153 0.152 0.217 
121 z0045728    (1)    2 :  0.111 0.081 0.051 0.372 0.251 0.067 0.067 
122 z0045731    (1)    2 :  0.047 0.233 0.081 0.152 0.103 0.102 0.281 
123 z0045733    (0)    2 :  0.106 0.073 0.187 0.129 0.108 0.166 0.230 
124 z0045736    (1)    2 :  0.081 0.162 0.112 0.096 0.163 0.191 0.195 
125 z0045739    (1)    2 :  0.063 0.169 0.133 0.104 0.327 0.087 0.116 
126 z0045740    (1)    2 :  0.076 0.122 0.050 0.331 0.099 0.092 0.231 
127 z0045741    (0)    2 :  0.036 0.145 0.093 0.184 0.076 0.058 0.408 
128 z0045742    (0)    2 :  0.094 0.116 0.148 0.266 0.074 0.074 0.228 
129 z0045776    (1)    3 :  0.097 0.059 0.058 0.078 0.053 0.075 0.581 
130 z0045779    (0)    2 :  0.161 0.059 0.049 0.515 0.078 0.082 0.055 
131 z0045781    (0)    2 :  0.047 0.235 0.066 0.336 0.155 0.083 0.078 
132 z0045788    (5)    2 :  0.078 0.082 0.057 0.473 0.071 0.119 0.120 
133 z0045789    (2)    2 :  0.069 0.072 0.114 0.465 0.092 0.096 0.093 
134 z0045791    (5)    2 :  0.072 0.054 0.130 0.339 0.092 0.169 0.144 
135 z0045792   (23)    1 :  0.195 0.183 0.104 0.186 0.141 0.092 0.098 
136 z0045793    (0)    3 :  0.190 0.055 0.353 0.193 0.090 0.068 0.051 
137 z0047562   (15)    2 :  0.074 0.092 0.090 0.214 0.145 0.156 0.229 
138 z0047854    (1)    2 :  0.101 0.144 0.059 0.225 0.218 0.133 0.122 
139 z0051185    (1)    1 :  0.073 0.158 0.276 0.050 0.300 0.076 0.068 
140 z0051324    (6)    1 :  0.226 0.155 0.204 0.071 0.175 0.108 0.061 
141 z0051326    (0)    1 :  0.209 0.165 0.196 0.069 0.199 0.104 0.058 
142 z0051327    (4)    3 :  0.078 0.216 0.137 0.200 0.161 0.084 0.124 
143 z0051328    (3)    1 :  0.220 0.093 0.212 0.100 0.223 0.071 0.080 
144 z0051380    (0)    1 :  0.418 0.130 0.052 0.029 0.265 0.055 0.052 
145 z0051400    (0)    3 :  0.175 0.114 0.210 0.115 0.125 0.097 0.164 
146 z0051431   (23)    3 :  0.062 0.180 0.124 0.187 0.235 0.076 0.135 
147 z0051840   (34)    2 :  0.077 0.062 0.169 0.329 0.082 0.191 0.090 
148 z0051844   (27)    2 :  0.064 0.154 0.062 0.171 0.117 0.159 0.272 
149 z0051875   (29)    3 :  0.122 0.119 0.268 0.074 0.222 0.089 0.106 
150 z0051885    (8)    3 :  0.080 0.173 0.109 0.364 0.100 0.097 0.077 
151 z0051888    (1)    2 :  0.078 0.068 0.338 0.302 0.065 0.066 0.084 
152 z0051891    (1)    1 :  0.099 0.220 0.158 0.076 0.109 0.094 0.243 
153 z0051893    (4)    1 :  0.180 0.095 0.294 0.068 0.145 0.099 0.119 
154 z0051895    (0)    3 :  0.125 0.103 0.382 0.074 0.145 0.078 0.092 
155 z0051918    (1)    3 :  0.043 0.111 0.063 0.225 0.159 0.263 0.136 
156 z0051929    (1)    1 :  0.202 0.218 0.153 0.075 0.218 0.056 0.078 
157 z0051939   (12)    3 :  0.071 0.118 0.234 0.202 0.144 0.118 0.113 
158 z0051947    (3)    1 :  0.629 0.043 0.062 0.060 0.080 0.054 0.073 
159 z0051959    (2)    3 :  0.103 0.184 0.082 0.153 0.242 0.136 0.100 
160 z0052846    (0)    4 :  0.083 0.125 0.183 0.157 0.179 0.092 0.181 
161 z0052882    (1)    2 :  0.170 0.089 0.126 0.204 0.111 0.131 0.169 
162 z0053020   (22)    2 :  0.055 0.115 0.054 0.095 0.105 0.151 0.425 
163 z0053024   (13)    2 :  0.112 0.209 0.110 0.132 0.223 0.117 0.096 
164 z0053025    (5)    2 :  0.032 0.260 0.052 0.483 0.070 0.051 0.051 
165 z0053031    (0)    2 :  0.117 0.187 0.092 0.157 0.116 0.181 0.151 
166 z0053032    (1)    2 :  0.145 0.079 0.065 0.144 0.110 0.142 0.315 
167 z0053040    (5)    2 :  0.113 0.059 0.078 0.162 0.236 0.137 0.216 
168 z0053051    (1)    3 :  0.069 0.220 0.235 0.039 0.145 0.108 0.183 
169 z0053054    (6)    3 :  0.102 0.128 0.235 0.054 0.241 0.096 0.144 
170 z0053071    (3)    2 :  0.097 0.088 0.114 0.340 0.100 0.072 0.188 
171 z0053073    (2)    2 :  0.152 0.154 0.097 0.060 0.167 0.125 0.246 
172 z0053078    (1)    3 :  0.040 0.083 0.044 0.205 0.069 0.417 0.141 
173 z0053082    (2)    3 :  0.084 0.092 0.136 0.240 0.105 0.074 0.268 
174 z0053083   (12)    2 :  0.114 0.097 0.087 0.194 0.159 0.139 0.211 
175 z0053090   (11)    3 :  0.092 0.184 0.046 0.235 0.105 0.123 0.215 
176 z0053096    (0)    2 :  0.043 0.041 0.074 0.401 0.065 0.246 0.130 
177 z0053100    (8)    2 :  0.083 0.085 0.075 0.198 0.262 0.086 0.211 
178 z0053101    (0)    2 :  0.069 0.097 0.063 0.280 0.102 0.300 0.088 
179 z0053102    (9)    2 :  0.053 0.055 0.118 0.229 0.224 0.092 0.229 
180 z0053103    (1)    2 :  0.077 0.093 0.069 0.483 0.077 0.052 0.149 
181 z0053111    (2)    3 :  0.118 0.160 0.174 0.089 0.210 0.135 0.113 
182 z0053131    (0)    2 :  0.126 0.118 0.150 0.293 0.114 0.134 0.064 
183 z0053132    (0)    2 :  0.037 0.059 0.089 0.175 0.088 0.403 0.149 
184 z0053133    (1)    2 :  0.091 0.154 0.182 0.071 0.159 0.186 0.158 
185 z0053138    (0)    2 :  0.150 0.175 0.118 0.194 0.201 0.084 0.079 
186 z0053142    (3)    2 :  0.148 0.097 0.100 0.363 0.101 0.107 0.084 
187 z0053149    (1)    2 :  0.146 0.098 0.047 0.276 0.169 0.119 0.147 
188 z0053754    (1)    1 :  0.142 0.139 0.060 0.075 0.401 0.113 0.070 
189 z0053756    (2)    1 :  0.073 0.138 0.068 0.054 0.472 0.117 0.078 
190 z0053758   (17)    1 :  0.160 0.079 0.398 0.054 0.076 0.172 0.062 
191 z0053759    (1)    1 :  0.339 0.153 0.138 0.064 0.128 0.097 0.081 
192 z0053760    (0)    1 :  0.140 0.189 0.139 0.075 0.188 0.132 0.137 
193 z0053842    (2)    1 :  0.085 0.464 0.081 0.066 0.135 0.045 0.123 
194 z0053843    (6)    1 :  0.110 0.087 0.506 0.072 0.080 0.084 0.061 
195 z0053844    (9)    1 :  0.141 0.131 0.216 0.087 0.221 0.098 0.106 
196 z0053846    (3)    1 :  0.246 0.051 0.458 0.043 0.073 0.070 0.059 
197 z0053847    (1)    1 :  0.621 0.034 0.059 0.122 0.059 0.063 0.041 
198 z0053849    (1)    1 :  0.077 0.541 0.050 0.059 0.096 0.094 0.084 
199 z0055903    (1)    4 :  0.115 0.134 0.091 0.068 0.094 0.166 0.332 
200 z0055910   (35)    4 :  0.118 0.079 0.140 0.204 0.126 0.147 0.186 
201 z0055912    (7)    4 :  0.074 0.145 0.077 0.141 0.167 0.265 0.130 
202 z0055916   (17)    4 :  0.109 0.320 0.124 0.103 0.091 0.101 0.152 
203 z0055931    (4)    4 :  0.080 0.064 0.069 0.372 0.153 0.098 0.164 
204 z0055944    (4)    4 :  0.125 0.239 0.090 0.106 0.106 0.123 0.211 
205 z0055947   (10)    4 :  0.058 0.251 0.179 0.116 0.105 0.121 0.170 
206 z0055962    (6)    4 :  0.093 0.241 0.082 0.201 0.200 0.078 0.106 
207 z0055963   (21)    4 :  0.094 0.082 0.201 0.198 0.125 0.167 0.133 
208 z0055965   (26)    4 :  0.199 0.100 0.100 0.050 0.148 0.225 0.178 
209 z0055970   (16)    4 :  0.182 0.142 0.070 0.142 0.154 0.084 0.226 
210 z0055971    (8)    4 :  0.230 0.147 0.095 0.120 0.108 0.149 0.152 
211 z0055977    (6)    4 :  0.062 0.185 0.104 0.262 0.140 0.120 0.128 
212 z0055986   (21)    4 :  0.168 0.109 0.192 0.090 0.185 0.079 0.177 
213 z0055990    (7)    4 :  0.072 0.093 0.120 0.354 0.098 0.146 0.117 
214 z0055996    (3)    4 :  0.096 0.096 0.190 0.175 0.289 0.062 0.092 
215 z0055997    (4)    4 :  0.155 0.051 0.111 0.250 0.217 0.075 0.141 
216 z0055998    (5)    4 :  0.090 0.109 0.126 0.113 0.206 0.229 0.128 
217 z0055999    (3)    4 :  0.202 0.075 0.182 0.086 0.159 0.177 0.119 
218 z0056011    (9)    4 :  0.062 0.198 0.102 0.061 0.195 0.107 0.276 
219 z0056029    (5)    4 :  0.105 0.113 0.110 0.085 0.189 0.074 0.324 
220 z0056034    (2)    4 :  0.085 0.097 0.062 0.276 0.194 0.107 0.179 
221 z0056056   (26)    3 :  0.155 0.153 0.124 0.124 0.191 0.108 0.144 
222 z0056058    (5)    3 :  0.575 0.066 0.071 0.034 0.078 0.072 0.105 
223 z0056059    (8)    3 :  0.135 0.098 0.095 0.051 0.160 0.192 0.270 
224 z0056062    (1)    3 :  0.212 0.058 0.066 0.083 0.081 0.135 0.365 
225 z0056063    (4)    3 :  0.108 0.135 0.235 0.086 0.165 0.122 0.148 
226 z0056064    (0)    3 :  0.200 0.099 0.138 0.068 0.118 0.226 0.151 
227 z0056065    (0)    3 :  0.174 0.079 0.299 0.060 0.125 0.142 0.120 
228 z0056069    (1)    3 :  0.094 0.053 0.057 0.081 0.047 0.080 0.588 
229 z0056073    (0)    3 :  0.109 0.245 0.205 0.035 0.213 0.052 0.141 
230 z0056076    (5)    3 :  0.354 0.036 0.116 0.178 0.111 0.130 0.076 
231 z0056079   (10)    3 :  0.151 0.219 0.212 0.040 0.130 0.133 0.116 
232 z0056085    (1)    3 :  0.153 0.129 0.280 0.067 0.190 0.104 0.078 
233 z0056092    (1)    3 :  0.096 0.151 0.220 0.063 0.175 0.179 0.116 
234 z0056095    (1)    3 :  0.171 0.094 0.199 0.049 0.127 0.208 0.153 
235 z0056103    (8)    3 :  0.295 0.205 0.083 0.043 0.143 0.113 0.119 
236 z0056374    (8)    1 :  0.382 0.173 0.088 0.037 0.133 0.077 0.110 
237 z0056375    (0)    1 :  0.232 0.120 0.267 0.058 0.098 0.110 0.115 
238 z0056377    (0)    1 :  0.189 0.352 0.043 0.048 0.215 0.071 0.081 
239 z0056378    (2)    1 :  0.412 0.060 0.126 0.080 0.071 0.053 0.198 
240 z0056382    (1)    1 :  0.107 0.057 0.524 0.045 0.087 0.100 0.080 
241 z0056384    (3)    1 :  0.255 0.124 0.129 0.095 0.098 0.193 0.106 
242 z0056386    (8)    1 :  0.148 0.086 0.473 0.053 0.074 0.107 0.059 
243 z0056389    (1)    1 :  0.077 0.061 0.572 0.036 0.094 0.115 0.045 
244 z0056391    (2)    1 :  0.413 0.093 0.339 0.022 0.059 0.042 0.032 
245 z0056392   (12)    1 :  0.255 0.115 0.141 0.069 0.325 0.043 0.052 
246 z0056393    (9)    1 :  0.081 0.280 0.159 0.081 0.146 0.113 0.140 
247 z0056394    (1)    1 :  0.101 0.313 0.193 0.052 0.178 0.068 0.094 
248 z0056395    (2)    1 :  0.260 0.202 0.054 0.087 0.203 0.085 0.109 
249 z0056397    (1)    1 :  0.094 0.129 0.077 0.187 0.291 0.122 0.100 
250 z0061527    (3)    3 :  0.108 0.129 0.095 0.263 0.154 0.079 0.172 
251 z0061967    (1)    3 :  0.130 0.213 0.138 0.134 0.214 0.075 0.096 
252 z0061969    (1)    3 :  0.114 0.166 0.119 0.212 0.215 0.048 0.126 
253 z0061980    (1)    1 :  0.145 0.106 0.215 0.184 0.185 0.094 0.069 
254 z0066166    (3)    3 :  0.209 0.247 0.139 0.107 0.087 0.126 0.084 
255 z0066792    (2)    1 :  0.101 0.072 0.100 0.079 0.060 0.542 0.047 
256 z0066805    (2)    1 :  0.085 0.077 0.060 0.058 0.071 0.522 0.127 
257 z0068471    (3)    3 :  0.448 0.109 0.038 0.079 0.111 0.115 0.099 
258 z0075696    (7)    5 :  0.035 0.059 0.085 0.066 0.058 0.631 0.066 
259 z0101084    (8)    1 :  0.367 0.055 0.229 0.071 0.097 0.061 0.120 
260 z0107099    (3)    3 :  0.291 0.182 0.255 0.024 0.101 0.066 0.080 
261 z0107101    (0)    1 :  0.606 0.050 0.199 0.034 0.035 0.041 0.035 
262 z0108489    (1)    1 :  0.177 0.196 0.067 0.117 0.096 0.134 0.214 
263 z0108513    (0)    1 :  0.285 0.097 0.311 0.131 0.089 0.050 0.036 
264 z0108528    (1)    3 :  0.161 0.181 0.125 0.151 0.173 0.078 0.132 
265 z0113628    (2)    3 :  0.059 0.142 0.162 0.073 0.154 0.183 0.227 
266 z0133302   (18)    1 :  0.338 0.063 0.125 0.139 0.132 0.111 0.092 
267 z0173485    (0)    1 :  0.056 0.160 0.152 0.125 0.254 0.073 0.181 
268 z0175371    (1)    3 :  0.060 0.121 0.090 0.172 0.200 0.269 0.088 
269 z0175378    (0)    2 :  0.054 0.057 0.147 0.398 0.139 0.052 0.153 
270 z0175912    (6)    1 :  0.348 0.171 0.057 0.074 0.156 0.109 0.085 
271 z0175916    (3)    1 :  0.108 0.083 0.122 0.241 0.183 0.178 0.086 
272 z0175937    (1)    1 :  0.150 0.163 0.313 0.062 0.109 0.087 0.115 
273 z0178348   (13)    1 :  0.355 0.182 0.057 0.062 0.206 0.072 0.067 
274 z0187857    (3)    1 :  0.408 0.165 0.156 0.068 0.059 0.055 0.089 
275 z0187860    (0)    1 :  0.159 0.123 0.143 0.105 0.166 0.094 0.210 
276 z0187885    (0)    2 :  0.076 0.101 0.103 0.195 0.106 0.274 0.145 
277 z0187906   (10)    1 :  0.086 0.074 0.121 0.057 0.217 0.255 0.191 
278 z0195655    (0)    2 :  0.075 0.148 0.072 0.508 0.081 0.055 0.062 
279 z0195663    (1)    3 :  0.049 0.149 0.098 0.246 0.149 0.105 0.204 
280 z0195683    (1)    3 :  0.206 0.154 0.296 0.051 0.086 0.070 0.138 
281 z0195687   (22)    3 :  0.102 0.123 0.258 0.035 0.303 0.093 0.086 
282 z0195688    (0)    2 :  0.073 0.116 0.113 0.145 0.176 0.210 0.166 
283 z0195691    (1)    3 :  0.062 0.186 0.097 0.043 0.158 0.193 0.261 
284 z0195699    (0)    3 :  0.044 0.290 0.294 0.058 0.121 0.080 0.114 
285 z0195701    (8)    3 :  0.236 0.134 0.274 0.095 0.086 0.101 0.074 
286 z0195702    (0)    3 :  0.158 0.180 0.105 0.122 0.146 0.176 0.113 
287 z0195704    (1)    3 :  0.354 0.089 0.053 0.106 0.155 0.111 0.132 
288 z0195705    (1)    3 :  0.044 0.161 0.085 0.189 0.110 0.069 0.343 
289 z0195711    (0)    3 :  0.061 0.214 0.156 0.052 0.135 0.257 0.125 
290 z0195716    (0)    3 :  0.165 0.213 0.122 0.083 0.126 0.212 0.078 
291 z0195718   (13)    3 :  0.179 0.113 0.251 0.048 0.149 0.166 0.094 
292 z0195725    (5)    3 :  0.208 0.190 0.079 0.196 0.158 0.072 0.096 
293 z0195726   (17)    1 :  0.068 0.406 0.106 0.057 0.111 0.105 0.147 
294 z0195728   (14)    3 :  0.144 0.064 0.538 0.031 0.081 0.060 0.082 
295 z0195732   (16)    3 :  0.124 0.272 0.213 0.036 0.140 0.087 0.129 
296 z0195737    (1)    3 :  0.069 0.066 0.193 0.189 0.080 0.160 0.244 
297 z0195740   (30)    3 :  0.071 0.236 0.151 0.082 0.193 0.102 0.165 
298 z0195751    (1)    3 :  0.095 0.148 0.477 0.057 0.067 0.072 0.084 
299 z0195762    (2)    3 :  0.117 0.298 0.113 0.055 0.110 0.238 0.070 
300 z0195784    (0)    3 :  0.119 0.068 0.343 0.039 0.147 0.121 0.162 
301 z0196686    (0)    5 :  0.074 0.044 0.042 0.030 0.042 0.716 0.052 
302 z0196687    (0)    5 :  0.083 0.090 0.046 0.087 0.080 0.560 0.054 
303 z0196689    (1)    5 :  0.037 0.088 0.071 0.073 0.104 0.568 0.060 
304 z0196690    (3)    5 :  0.152 0.064 0.080 0.035 0.074 0.531 0.064 
305 z0196691    (9)    5 :  0.073 0.074 0.079 0.040 0.113 0.530 0.091 
306 z0196692    (1)    5 :  0.087 0.138 0.069 0.073 0.083 0.476 0.074 
307 z0196693    (2)    5 :  0.111 0.161 0.063 0.052 0.060 0.502 0.050 
308 z0196694    (3)    5 :  0.083 0.079 0.064 0.061 0.091 0.533 0.088 
309 z0196710    (0)    3 :  0.123 0.111 0.128 0.161 0.206 0.149 0.121 
310 z0196715   (23)    3 :  0.125 0.257 0.230 0.052 0.164 0.072 0.101 
311 z0196719    (0)    3 :  0.089 0.293 0.192 0.098 0.127 0.107 0.095 
312 z0196724   (20)    3 :  0.123 0.196 0.209 0.081 0.206 0.062 0.124 
313 z0196725    (1)    3 :  0.388 0.075 0.105 0.055 0.104 0.115 0.158 
314 z0196729    (3)    3 :  0.134 0.146 0.194 0.124 0.227 0.091 0.083 
315 z0196730    (3)    1 :  0.587 0.044 0.040 0.064 0.077 0.129 0.058 
316 z0196731    (1)    3 :  0.175 0.219 0.150 0.035 0.247 0.095 0.078 
317 z0196733   (17)    1 :  0.103 0.281 0.134 0.049 0.276 0.079 0.078 
318 z0196734    (2)    3 :  0.075 0.140 0.182 0.080 0.230 0.082 0.211 
319 z0196739   (18)    3 :  0.274 0.133 0.125 0.156 0.124 0.071 0.117 
320 z0196740   (10)    3 :  0.126 0.285 0.129 0.073 0.210 0.122 0.056 
321 z0196746    (3)    1 :  0.381 0.069 0.132 0.060 0.080 0.100 0.178 
322 z0196751    (0)    3 :  0.202 0.131 0.212 0.149 0.104 0.116 0.087 
323 z0196752    (0)    3 :  0.102 0.061 0.132 0.049 0.259 0.307 0.089 
324 z0196754    (0)    3 :  0.118 0.102 0.335 0.064 0.140 0.093 0.147 
325 z0196758    (2)    1 :  0.199 0.089 0.129 0.064 0.310 0.121 0.089 
326 z0196763    (2)    3 :  0.068 0.193 0.169 0.045 0.214 0.100 0.211 
327 z0196764    (1)    3 :  0.081 0.177 0.222 0.116 0.180 0.123 0.102 
328 z0196766    (0)    3 :  0.178 0.094 0.214 0.094 0.192 0.130 0.098 
329 z0196769    (1)    3 :  0.132 0.092 0.336 0.064 0.166 0.138 0.073 
330 z0196774    (1)    3 :  0.148 0.083 0.207 0.059 0.207 0.217 0.079 
331 z0196783    (0)    1 :  0.392 0.051 0.334 0.029 0.078 0.068 0.047 
332 z0196794    (2)    1 :  0.252 0.065 0.391 0.036 0.091 0.111 0.055 
333 z0196804   (15)    1 :  0.102 0.204 0.211 0.066 0.261 0.076 0.081 
334 z0196809   (15)    3 :  0.066 0.612 0.069 0.035 0.060 0.113 0.045 
335 z0196810    (2)    1 :  0.166 0.158 0.066 0.057 0.354 0.101 0.099 
336 z0196811    (1)    1 :  0.131 0.575 0.057 0.028 0.084 0.063 0.063 
337 z0196824    (0)    3 :  0.120 0.102 0.133 0.144 0.166 0.169 0.167 
338 z0196825    (1)    3 :  0.139 0.122 0.216 0.132 0.184 0.060 0.146 
339 z0196828    (1)    2 :  0.099 0.282 0.176 0.093 0.160 0.081 0.110 
340 z0196829    (0)    3 :  0.124 0.240 0.074 0.065 0.300 0.076 0.122 
341 z0196834   (28)    3 :  0.252 0.121 0.149 0.143 0.121 0.114 0.100 
342 z0196835    (0)    3 :  0.275 0.095 0.250 0.092 0.159 0.040 0.090 
343 z0196838    (2)    1 :  0.074 0.613 0.063 0.030 0.070 0.116 0.034 
344 z0196841   (22)    3 :  0.197 0.113 0.173 0.062 0.199 0.155 0.101 
345 z0196843   (27)    3 :  0.371 0.201 0.072 0.046 0.077 0.073 0.160 
346 z0196849    (1)    3 :  0.091 0.168 0.345 0.073 0.131 0.119 0.073 
347 z0196852    (1)    2 :  0.066 0.102 0.119 0.105 0.206 0.205 0.198 
348 z0196855    (0)    2 :  0.102 0.143 0.121 0.124 0.210 0.148 0.152 
349 z0196856    (1)    3 :  0.072 0.203 0.117 0.085 0.207 0.128 0.187 
350 z0196857    (0)    2 :  0.084 0.066 0.369 0.292 0.062 0.057 0.070 
351 z0196864    (2)    3 :  0.049 0.189 0.122 0.147 0.136 0.120 0.237 
352 z0196894    (0)    3 :  0.186 0.257 0.132 0.044 0.085 0.149 0.147 
353 z0197662    (3)    1 :  0.146 0.196 0.065 0.108 0.177 0.110 0.199 
354 z0197665    (2)    1 :  0.483 0.090 0.112 0.075 0.083 0.108 0.050 
355 z0197668   (20)    3 :  0.061 0.162 0.140 0.071 0.127 0.327 0.112 
356 z0197669    (1)    3 :  0.078 0.087 0.134 0.115 0.125 0.123 0.339 
357 z0197672    (1)    3 :  0.082 0.101 0.352 0.101 0.128 0.123 0.113 


Estimated Allele Frequencies in each cluster
First column gives estimated ancestral frequencies


Locus 1 : HI.v.HI.SEAK 
5 alleles
66.2% missing data
   0   (0.219) 0.129 0.137 0.121 0.142 0.184 0.311 0.292 
   4   (0.371) 0.478 0.647 0.708 0.034 0.485 0.282 0.153 
   1   (0.216) 0.093 0.125 0.070 0.793 0.184 0.217 0.350 
   2   (0.058) 0.022 0.022 0.015 0.015 0.049 0.035 0.049 
   3   (0.136) 0.278 0.069 0.086 0.017 0.098 0.154 0.157 

Locus 2 : Mnov_gtseq_1 
2 alleles
0.0% missing data
   0   (0.400) 0.341 0.490 0.417 0.288 0.287 0.504 0.459 
   1   (0.600) 0.659 0.510 0.583 0.712 0.713 0.496 0.541 

Locus 3 : Mnov_gtseq_10 
2 alleles
0.3% missing data
   0   (0.802) 0.779 0.832 0.642 0.957 0.702 0.926 0.923 
   1   (0.198) 0.221 0.168 0.358 0.043 0.298 0.074 0.077 

Locus 4 : Mnov_gtseq_102 
2 alleles
0.8% missing data
   0   (0.558) 0.333 0.755 0.485 0.801 0.523 0.528 0.621 
   1   (0.442) 0.667 0.245 0.515 0.199 0.477 0.472 0.379 

Locus 5 : Mnov_gtseq_104 
2 alleles
0.3% missing data
   0   (0.855) 0.637 0.905 0.786 0.969 0.860 0.963 0.935 
   1   (0.145) 0.363 0.095 0.214 0.031 0.140 0.037 0.065 

Locus 6 : Mnov_gtseq_106 
2 alleles
15.4% missing data
   1   (0.758) 0.692 0.796 0.860 0.761 0.761 0.702 0.877 
   0   (0.242) 0.308 0.204 0.140 0.239 0.239 0.298 0.123 

Locus 7 : Mnov_gtseq_107 
2 alleles
37.8% missing data
   1   (0.217) 0.222 0.134 0.095 0.489 0.160 0.079 0.533 
   0   (0.783) 0.778 0.866 0.905 0.511 0.840 0.921 0.467 

Locus 8 : Mnov_gtseq_111 
2 alleles
39.2% missing data
   1   (0.696) 0.749 0.841 0.458 0.346 0.660 0.846 0.829 
   0   (0.304) 0.251 0.159 0.542 0.654 0.340 0.154 0.171 

Locus 9 : Mnov_gtseq_112 
2 alleles
1.1% missing data
   0   (0.595) 0.641 0.581 0.830 0.809 0.482 0.367 0.617 
   1   (0.405) 0.359 0.419 0.170 0.191 0.518 0.633 0.383 

Locus 10 : Mnov_gtseq_113 
2 alleles
1.7% missing data
   1   (0.703) 0.729 0.744 0.864 0.593 0.667 0.662 0.770 
   0   (0.297) 0.271 0.256 0.136 0.407 0.333 0.338 0.230 

Locus 11 : Mnov_gtseq_114 
2 alleles
4.5% missing data
   0   (0.550) 0.507 0.615 0.652 0.158 0.614 0.438 0.640 
   1   (0.450) 0.493 0.385 0.348 0.842 0.386 0.562 0.360 

Locus 12 : Mnov_gtseq_117 
2 alleles
27.2% missing data
   0   (0.643) 0.557 0.626 0.571 0.933 0.648 0.667 0.555 
   1   (0.357) 0.443 0.374 0.429 0.067 0.352 0.333 0.445 

Locus 13 : Mnov_gtseq_118 
2 alleles
8.1% missing data
   0   (0.728) 0.322 0.760 0.760 0.924 0.760 0.791 0.774 
   1   (0.272) 0.678 0.240 0.240 0.076 0.240 0.209 0.226 

Locus 14 : Mnov_gtseq_12 
2 alleles
0.3% missing data
   0   (0.445) 0.244 0.551 0.766 0.257 0.257 0.759 0.273 
   1   (0.555) 0.756 0.449 0.234 0.743 0.743 0.241 0.727 

Locus 15 : Mnov_gtseq_124 
2 alleles
4.8% missing data
   1   (0.770) 0.718 0.790 0.758 0.915 0.572 0.917 0.860 
   0   (0.230) 0.282 0.210 0.242 0.085 0.428 0.083 0.140 

Locus 16 : Mnov_gtseq_125 
2 alleles
1.1% missing data
   1   (0.890) 0.980 0.890 0.981 0.536 0.920 0.965 0.838 
   0   (0.110) 0.020 0.110 0.019 0.464 0.080 0.035 0.162 

Locus 17 : Mnov_gtseq_126 
2 alleles
0.0% missing data
   0   (0.336) 0.143 0.404 0.110 0.246 0.438 0.596 0.455 
   1   (0.664) 0.857 0.596 0.890 0.754 0.562 0.404 0.545 

Locus 18 : Mnov_gtseq_127 
2 alleles
7.0% missing data
   0   (0.619) 0.644 0.456 0.782 0.402 0.720 0.665 0.587 
   1   (0.381) 0.356 0.544 0.218 0.598 0.280 0.335 0.413 

Locus 19 : Mnov_gtseq_128 
2 alleles
31.4% missing data
   0   (0.667) 0.844 0.743 0.786 0.682 0.613 0.655 0.618 
   1   (0.333) 0.156 0.257 0.214 0.318 0.387 0.345 0.382 

Locus 20 : Mnov_gtseq_129 
2 alleles
2.0% missing data
   0   (0.510) 0.551 0.607 0.395 0.559 0.436 0.222 0.798 
   1   (0.490) 0.449 0.393 0.605 0.441 0.564 0.778 0.202 

Locus 21 : Mnov_gtseq_13 
2 alleles
0.0% missing data
   0   (0.564) 0.627 0.478 0.382 0.602 0.452 0.835 0.701 
   1   (0.436) 0.373 0.522 0.618 0.398 0.548 0.165 0.299 

Locus 22 : Mnov_gtseq_130 
2 alleles
28.9% missing data
   1   (0.504) 0.504 0.626 0.417 0.500 0.483 0.708 0.317 
   0   (0.496) 0.496 0.374 0.583 0.500 0.517 0.292 0.683 

Locus 23 : Mnov_gtseq_135 
2 alleles
0.6% missing data
   1   (0.459) 0.292 0.376 0.588 0.618 0.405 0.362 0.578 
   0   (0.541) 0.708 0.624 0.412 0.382 0.595 0.638 0.422 

Locus 24 : Mnov_gtseq_138 
2 alleles
0.6% missing data
   0   (0.478) 0.537 0.479 0.375 0.296 0.501 0.403 0.603 
   1   (0.522) 0.463 0.521 0.625 0.704 0.499 0.597 0.397 

Locus 25 : Mnov_gtseq_140 
2 alleles
1.1% missing data
   0   (0.445) 0.157 0.429 0.635 0.648 0.497 0.176 0.597 
   1   (0.555) 0.843 0.571 0.365 0.352 0.503 0.824 0.403 

Locus 26 : Mnov_gtseq_141 
2 alleles
0.3% missing data
   0   (0.550) 0.848 0.552 0.526 0.545 0.533 0.356 0.573 
   1   (0.450) 0.152 0.448 0.474 0.455 0.467 0.644 0.427 

Locus 27 : Mnov_gtseq_143 
2 alleles
2.8% missing data
   1   (0.550) 0.802 0.667 0.552 0.494 0.550 0.291 0.518 
   0   (0.450) 0.198 0.333 0.448 0.506 0.450 0.709 0.482 

Locus 28 : Mnov_gtseq_145 
2 alleles
2.0% missing data
   0   (0.468) 0.692 0.261 0.552 0.602 0.487 0.365 0.272 
   1   (0.532) 0.308 0.739 0.448 0.398 0.513 0.635 0.728 

Locus 29 : Mnov_gtseq_147 
2 alleles
26.3% missing data
   0   (0.782) 0.869 0.932 0.857 0.299 0.842 0.702 0.754 
   1   (0.218) 0.131 0.068 0.143 0.701 0.158 0.298 0.246 

Locus 30 : Mnov_gtseq_148 
2 alleles
9.2% missing data
   0   (0.299) 0.154 0.548 0.247 0.071 0.267 0.481 0.209 
   1   (0.701) 0.846 0.452 0.753 0.929 0.733 0.519 0.791 

Locus 31 : Mnov_gtseq_149 
2 alleles
0.6% missing data
   0   (0.591) 0.656 0.730 0.565 0.551 0.539 0.527 0.624 
   1   (0.409) 0.344 0.270 0.435 0.449 0.461 0.473 0.376 

Locus 32 : Mnov_gtseq_15 
2 alleles
0.0% missing data
   0   (0.479) 0.366 0.353 0.782 0.460 0.427 0.506 0.360 
   1   (0.521) 0.634 0.647 0.218 0.540 0.573 0.494 0.640 

Locus 33 : Mnov_gtseq_152 
2 alleles
0.8% missing data
   0   (0.342) 0.328 0.182 0.385 0.358 0.286 0.229 0.530 
   1   (0.658) 0.672 0.818 0.615 0.642 0.714 0.771 0.470 

Locus 34 : Mnov_gtseq_154 
2 alleles
3.4% missing data
   0   (0.547) 0.686 0.547 0.643 0.373 0.545 0.563 0.457 
   1   (0.453) 0.314 0.453 0.357 0.627 0.455 0.437 0.543 

Locus 35 : Mnov_gtseq_155 
2 alleles
41.7% missing data
   0   (0.659) 0.654 0.619 0.690 0.660 0.694 0.635 0.777 
   1   (0.341) 0.346 0.381 0.310 0.340 0.306 0.365 0.223 

Locus 36 : Mnov_gtseq_157 
2 alleles
0.6% missing data
   1   (0.548) 0.540 0.697 0.554 0.643 0.423 0.449 0.651 
   0   (0.452) 0.460 0.303 0.446 0.357 0.577 0.551 0.349 

Locus 37 : Mnov_gtseq_158 
2 alleles
0.6% missing data
   0   (0.392) 0.740 0.304 0.639 0.041 0.522 0.359 0.158 
   1   (0.608) 0.260 0.696 0.361 0.959 0.478 0.641 0.842 

Locus 38 : Mnov_gtseq_159 
2 alleles
24.6% missing data
   0   (0.599) 0.631 0.801 0.713 0.286 0.666 0.449 0.584 
   1   (0.401) 0.369 0.199 0.287 0.714 0.334 0.551 0.416 

Locus 39 : Mnov_gtseq_16 
2 alleles
0.0% missing data
   0   (0.639) 0.529 0.552 0.816 0.461 0.537 0.836 0.719 
   1   (0.361) 0.471 0.448 0.184 0.539 0.463 0.164 0.281 

Locus 40 : Mnov_gtseq_160 
2 alleles
2.5% missing data
   0   (0.504) 0.520 0.689 0.473 0.305 0.522 0.403 0.455 
   1   (0.496) 0.480 0.311 0.527 0.695 0.478 0.597 0.545 

Locus 41 : Mnov_gtseq_161 
2 alleles
2.0% missing data
   1   (0.747) 0.803 0.765 0.690 0.816 0.680 0.848 0.850 
   0   (0.253) 0.197 0.235 0.310 0.184 0.320 0.152 0.150 

Locus 42 : Mnov_gtseq_162 
2 alleles
2.2% missing data
   1   (0.412) 0.612 0.329 0.599 0.508 0.266 0.218 0.510 
   0   (0.588) 0.388 0.671 0.401 0.492 0.734 0.782 0.490 

Locus 43 : Mnov_gtseq_167 
2 alleles
1.1% missing data
   1   (0.797) 0.487 0.821 0.879 0.869 0.827 0.864 0.925 
   0   (0.203) 0.513 0.179 0.121 0.131 0.173 0.136 0.075 

Locus 44 : Mnov_gtseq_17 
2 alleles
0.0% missing data
   0   (0.518) 0.593 0.324 0.628 0.474 0.605 0.566 0.424 
   1   (0.482) 0.407 0.676 0.372 0.526 0.395 0.434 0.576 

Locus 45 : Mnov_gtseq_170 
2 alleles
0.0% missing data
   0   (0.331) 0.210 0.380 0.318 0.122 0.298 0.325 0.349 
   1   (0.669) 0.790 0.620 0.682 0.878 0.702 0.675 0.651 

Locus 46 : Mnov_gtseq_171 
2 alleles
42.0% missing data
   1   (0.678) 0.691 0.768 0.469 0.738 0.696 0.762 0.774 
   0   (0.322) 0.309 0.232 0.531 0.262 0.304 0.238 0.226 

Locus 47 : Mnov_gtseq_173 
2 alleles
21.8% missing data
   1   (0.482) 0.166 0.366 0.343 0.845 0.500 0.737 0.558 
   0   (0.518) 0.834 0.634 0.657 0.155 0.500 0.263 0.442 

Locus 48 : Mnov_gtseq_174 
2 alleles
2.8% missing data
   0   (0.284) 0.421 0.183 0.128 0.570 0.277 0.236 0.280 
   1   (0.716) 0.579 0.817 0.872 0.430 0.723 0.764 0.720 

Locus 49 : Mnov_gtseq_180 
2 alleles
14.0% missing data
   0   (0.649) 0.456 0.723 0.679 0.942 0.725 0.244 0.769 
   1   (0.351) 0.544 0.277 0.321 0.058 0.275 0.756 0.231 

Locus 50 : Mnov_gtseq_182 
2 alleles
9.0% missing data
   0   (0.820) 0.685 0.892 0.681 0.804 0.877 0.942 0.901 
   1   (0.180) 0.315 0.108 0.319 0.196 0.123 0.058 0.099 

Locus 51 : Mnov_gtseq_186 
2 alleles
27.7% missing data
   0   (0.522) 0.554 0.577 0.507 0.500 0.518 0.592 0.401 
   1   (0.478) 0.446 0.423 0.493 0.500 0.482 0.408 0.599 

Locus 52 : Mnov_gtseq_187 
2 alleles
7.6% missing data
   1   (0.589) 0.406 0.610 0.776 0.861 0.612 0.510 0.374 
   0   (0.411) 0.594 0.390 0.224 0.139 0.388 0.490 0.626 

Locus 53 : Mnov_gtseq_188 
2 alleles
13.4% missing data
   0   (0.556) 0.432 0.294 0.597 0.755 0.375 0.882 0.675 
   1   (0.444) 0.568 0.706 0.403 0.245 0.625 0.118 0.325 

Locus 54 : Mnov_gtseq_189 
2 alleles
3.6% missing data
   0   (0.446) 0.718 0.348 0.456 0.461 0.444 0.173 0.576 
   1   (0.554) 0.282 0.652 0.544 0.539 0.556 0.827 0.424 

Locus 55 : Mnov_gtseq_19 
2 alleles
0.0% missing data
   1   (0.939) 0.990 0.979 0.993 0.664 0.976 0.815 0.981 
   0   (0.061) 0.010 0.021 0.007 0.336 0.024 0.185 0.019 

Locus 56 : Mnov_gtseq_190 
2 alleles
0.0% missing data
   1   (0.444) 0.327 0.394 0.448 0.236 0.531 0.433 0.409 
   0   (0.556) 0.673 0.606 0.552 0.764 0.469 0.567 0.591 

Locus 57 : Mnov_gtseq_191 
2 alleles
26.3% missing data
   0   (0.897) 0.788 0.812 0.970 0.991 0.939 0.835 0.971 
   1   (0.103) 0.212 0.188 0.030 0.009 0.061 0.165 0.029 

Locus 58 : Mnov_gtseq_192 
2 alleles
21.0% missing data
   0   (0.813) 0.882 0.635 0.809 0.817 0.875 0.910 0.887 
   1   (0.187) 0.118 0.365 0.191 0.183 0.125 0.090 0.113 

Locus 59 : Mnov_gtseq_193 
2 alleles
0.0% missing data
   0   (0.704) 0.711 0.723 0.814 0.754 0.626 0.581 0.881 
   1   (0.296) 0.289 0.277 0.186 0.246 0.374 0.419 0.119 

Locus 60 : Mnov_gtseq_195 
2 alleles
0.0% missing data
   0   (0.552) 0.378 0.576 0.436 0.428 0.571 0.764 0.676 
   1   (0.448) 0.622 0.424 0.564 0.572 0.429 0.236 0.324 

Locus 61 : Mnov_gtseq_196 
2 alleles
0.3% missing data
   0   (0.298) 0.546 0.247 0.409 0.087 0.192 0.497 0.196 
   1   (0.702) 0.454 0.753 0.591 0.913 0.808 0.503 0.804 

Locus 62 : Mnov_gtseq_197 
3 alleles
0.3% missing data
   1   (0.388) 0.584 0.351 0.386 0.227 0.310 0.351 0.399 
   0   (0.431) 0.276 0.520 0.538 0.723 0.510 0.167 0.476 
   2   (0.181) 0.140 0.129 0.076 0.050 0.180 0.482 0.125 

Locus 63 : Mnov_gtseq_2 
2 alleles
0.3% missing data
   0   (0.197) 0.059 0.421 0.076 0.166 0.169 0.152 0.274 
   1   (0.803) 0.941 0.579 0.924 0.834 0.831 0.848 0.726 

Locus 64 : Mnov_gtseq_200 
2 alleles
2.8% missing data
   0   (0.413) 0.331 0.311 0.314 0.779 0.434 0.235 0.586 
   1   (0.587) 0.669 0.689 0.686 0.221 0.566 0.765 0.414 

Locus 65 : Mnov_gtseq_201 
2 alleles
0.0% missing data
   0   (0.882) 0.547 0.940 0.935 0.987 0.807 0.939 0.966 
   1   (0.118) 0.453 0.060 0.065 0.013 0.193 0.061 0.034 

Locus 66 : Mnov_gtseq_202 
2 alleles
0.0% missing data
   0   (0.432) 0.358 0.485 0.502 0.737 0.407 0.281 0.280 
   1   (0.568) 0.642 0.515 0.498 0.263 0.593 0.719 0.720 

Locus 67 : Mnov_gtseq_204 
2 alleles
3.9% missing data
   0   (0.437) 0.574 0.319 0.386 0.687 0.423 0.478 0.333 
   1   (0.563) 0.426 0.681 0.614 0.313 0.577 0.522 0.667 

