

----------------------------------------------------
STRUCTURE by Pritchard, Stephens and Donnelly (2000)
     and Falush, Stephens and Pritchard (2003)
       Code by Pritchard, Falush and Hubisz
             Version 2.3.4 (Jul 2012)
----------------------------------------------------



Command line arguments:   structure -m wint.area.structureRun/wint.area.structureRun.k4.r3_mainparams -e wint.area.structureRun/wint.area.structureRun.k4.r3_extraparams -i wint.area.structureRun/wint.area.structureRun.k4.r3_data -o wint.area.structureRun/wint.area.structureRun.k4.r3_out 
Input File:    wint.area.structureRun/wint.area.structureRun.k4.r3_data

Run parameters:
   350 individuals
   298 loci
   4 populations assumed
   1000 Burn-in period
   10000 Reps


--------------------------------------------
Proportion of membership of each pre-defined
 population in each of the 4 clusters

Given    Inferred Clusters              Number of
 Pop       1      2      3      4      Individuals

  1:     0.364  0.296  0.216  0.124       77
  2:     0.166  0.183  0.186  0.465      124
  3:     0.251  0.315  0.240  0.194      113
  4:     0.205  0.246  0.238  0.310       27
  5:     0.084  0.078  0.766  0.072        9
--------------------------------------------

Allele-freq. divergence among pops (Net nucleotide distance),
computed using point estimates of P.

      1       2       3       4      
 1      -    0.0149  0.0218  0.0354  
 2   0.0149     -    0.0173  0.0301  
 3   0.0218  0.0173     -    0.0328  
 4   0.0354  0.0301  0.0328     -    

Average distances (expected heterozygosity) between individuals in same cluster:
cluster  1  : 0.4396 
cluster  2  : 0.4481 
cluster  3  : 0.4343 
cluster  4  : 0.4238 

--------------------------------------------
Estimated Ln Prob of Data   = -135835.2
Mean value of ln likelihood = -134713.0
Variance of ln likelihood   = 2244.2
Mean value of alpha         = 1.0000

Mean value of Fst_1         = 0.0766
Mean value of Fst_2         = 0.0524
Mean value of Fst_3         = 0.0707
Mean value of Fst_4         = 0.1270


Inferred ancestry of individuals:
        Label (%Miss) Pop:  Inferred clusters
  1   207778    (1)    2 :  0.200 0.163 0.105 0.532 
  2 z0005757    (7)    3 :  0.425 0.207 0.221 0.147 
  3 z0005758    (0)    3 :  0.445 0.175 0.221 0.158 
  4 z0011944    (0)    1 :  0.047 0.038 0.808 0.106 
  5 z0012702    (8)    4 :  0.047 0.100 0.169 0.684 
  6 z0016577    (1)    3 :  0.288 0.316 0.142 0.255 
  7 z0016578   (20)    1 :  0.095 0.707 0.134 0.063 
  8 z0016579    (1)    3 :  0.270 0.208 0.335 0.187 
  9 z0018264    (0)    1 :  0.110 0.070 0.707 0.113 
 10 z0029828    (2)    3 :  0.142 0.647 0.102 0.109 
 11 z0029829   (13)    1 :  0.153 0.721 0.060 0.065 
 12 z0029846    (0)    1 :  0.231 0.400 0.149 0.219 
 13 z0029860    (0)    3 :  0.173 0.571 0.107 0.149 
 14 z0029863    (1)    1 :  0.093 0.236 0.528 0.143 
 15 z0029864    (8)    1 :  0.102 0.350 0.434 0.115 
 16 z0029865   (12)    3 :  0.588 0.180 0.162 0.070 
 17 z0037607    (1)    3 :  0.074 0.263 0.430 0.232 
 18 z0037609   (23)    3 :  0.207 0.353 0.284 0.156 
 19 z0037624   (20)    1 :  0.564 0.141 0.134 0.161 
 20 z0038417    (7)    2 :  0.097 0.087 0.175 0.642 
 21 z0040275    (8)    2 :  0.078 0.147 0.200 0.575 
 22 z0040287    (3)    2 :  0.167 0.242 0.352 0.239 
 23 z0040308    (0)    2 :  0.220 0.135 0.075 0.571 
 24 z0040333    (1)    2 :  0.115 0.317 0.105 0.462 
 25 z0040334    (1)    2 :  0.101 0.062 0.099 0.737 
 26 z0040337    (4)    2 :  0.132 0.245 0.280 0.343 
 27 z0040345    (1)    2 :  0.104 0.082 0.194 0.620 
 28 z0040357    (5)    2 :  0.177 0.161 0.173 0.488 
 29 z0040363   (19)    2 :  0.233 0.109 0.156 0.502 
 30 z0040364    (0)    2 :  0.106 0.096 0.102 0.695 
 31 z0040387    (0)    2 :  0.177 0.137 0.196 0.490 
 32 z0040403   (15)    2 :  0.205 0.198 0.205 0.392 
 33 z0040439    (0)    2 :  0.054 0.085 0.187 0.675 
 34 z0040465   (20)    2 :  0.124 0.391 0.092 0.392 
 35 z0040513   (24)    3 :  0.183 0.425 0.180 0.212 
 36 z0040961   (11)    2 :  0.154 0.160 0.319 0.367 
 37 z0040985   (14)    2 :  0.233 0.228 0.227 0.313 
 38 z0041026    (0)    2 :  0.160 0.220 0.136 0.484 
 39 z0041051   (30)    2 :  0.120 0.088 0.307 0.485 
 40 z0041115    (7)    2 :  0.319 0.099 0.071 0.510 
 41 z0041153   (23)    2 :  0.187 0.191 0.252 0.369 
 42 z0041233    (3)    2 :  0.232 0.264 0.105 0.400 
 43 z0041243    (0)    2 :  0.170 0.157 0.213 0.460 
 44 z0041248    (5)    2 :  0.157 0.116 0.196 0.531 
 45 z0041250    (1)    2 :  0.104 0.112 0.161 0.623 
 46 z0041274    (1)    2 :  0.155 0.277 0.268 0.299 
 47 z0041465   (16)    2 :  0.287 0.179 0.048 0.486 
 48 z0041472    (2)    2 :  0.298 0.142 0.117 0.443 
 49 z0041480    (9)    2 :  0.256 0.208 0.099 0.438 
 50 z0041483    (0)    2 :  0.179 0.100 0.089 0.633 
 51 z0041494   (12)    2 :  0.088 0.246 0.144 0.522 
 52 z0041498    (1)    2 :  0.153 0.160 0.164 0.522 
 53 z0041501    (1)    2 :  0.052 0.167 0.170 0.611 
 54 z0041507    (6)    2 :  0.129 0.135 0.206 0.531 
 55 z0041512    (0)    2 :  0.065 0.168 0.155 0.611 
 56 z0041522   (15)    2 :  0.166 0.145 0.206 0.484 
 57 z0041526    (0)    3 :  0.125 0.165 0.063 0.647 
 58 z0041527   (14)    2 :  0.226 0.264 0.093 0.418 
 59 z0043243    (1)    2 :  0.356 0.150 0.350 0.144 
 60 z0043278    (0)    2 :  0.081 0.147 0.198 0.573 
 61 z0043475   (16)    3 :  0.238 0.196 0.174 0.392 
 62 z0043477    (0)    2 :  0.184 0.117 0.307 0.392 
 63 z0043478    (2)    2 :  0.162 0.055 0.123 0.660 
 64 z0043481    (0)    2 :  0.143 0.124 0.142 0.591 
 65 z0043489    (5)    2 :  0.069 0.109 0.228 0.595 
 66 z0043491   (12)    2 :  0.123 0.203 0.307 0.368 
 67 z0043493    (2)    2 :  0.184 0.219 0.306 0.291 
 68 z0043494    (1)    2 :  0.118 0.315 0.120 0.447 
 69 z0043498    (1)    2 :  0.096 0.159 0.100 0.645 
 70 z0043504    (7)    2 :  0.262 0.092 0.314 0.332 
 71 z0043526    (3)    4 :  0.131 0.176 0.385 0.308 
 72 z0043566    (2)    2 :  0.250 0.089 0.141 0.521 
 73 z0043572    (0)    2 :  0.138 0.169 0.127 0.567 
 74 z0043599    (2)    2 :  0.179 0.311 0.124 0.386 
 75 z0043642    (0)    2 :  0.078 0.312 0.131 0.479 
 76 z0043649    (1)    2 :  0.118 0.133 0.123 0.626 
 77 z0043652    (1)    2 :  0.191 0.333 0.264 0.212 
 78 z0043668    (0)    2 :  0.367 0.125 0.135 0.373 
 79 z0043674    (0)    4 :  0.220 0.565 0.144 0.071 
 80 z0043686    (1)    2 :  0.148 0.125 0.242 0.486 
 81 z0043693    (1)    2 :  0.136 0.327 0.119 0.419 
 82 z0043704   (14)    2 :  0.078 0.085 0.104 0.733 
 83 z0043807    (1)    2 :  0.115 0.267 0.182 0.436 
 84 z0043819    (0)    2 :  0.271 0.237 0.281 0.211 
 85 z0043876    (7)    2 :  0.488 0.138 0.101 0.273 
 86 z0043877   (32)    2 :  0.344 0.168 0.121 0.367 
 87 z0043891   (21)    4 :  0.198 0.182 0.306 0.315 
 88 z0043915   (31)    2 :  0.181 0.170 0.351 0.297 
 89 z0043940   (10)    2 :  0.175 0.407 0.316 0.102 
 90 z0043954    (1)    2 :  0.187 0.265 0.291 0.257 
 91 z0043966    (5)    2 :  0.093 0.231 0.114 0.562 
 92 z0043980    (1)    2 :  0.235 0.226 0.159 0.379 
 93 z0044017   (11)    2 :  0.108 0.167 0.199 0.526 
 94 z0044019   (14)    2 :  0.325 0.145 0.137 0.393 
 95 z0044023   (35)    2 :  0.143 0.080 0.085 0.692 
 96 z0044033    (0)    2 :  0.060 0.068 0.040 0.832 
 97 z0044042    (3)    2 :  0.166 0.060 0.104 0.670 
 98 z0044047   (24)    2 :  0.111 0.164 0.140 0.585 
 99 z0044064   (13)    2 :  0.087 0.233 0.186 0.495 
100 z0044432   (14)    2 :  0.237 0.172 0.335 0.256 
101 z0045326    (0)    3 :  0.178 0.567 0.093 0.162 
102 z0045331    (5)    1 :  0.120 0.548 0.150 0.183 
103 z0045332    (1)    1 :  0.093 0.533 0.238 0.136 
104 z0045333    (6)    1 :  0.615 0.121 0.178 0.086 
105 z0045337    (4)    1 :  0.725 0.074 0.117 0.084 
106 z0045342   (12)    1 :  0.244 0.485 0.106 0.165 
107 z0045347    (1)    3 :  0.288 0.129 0.428 0.155 
108 z0045350    (0)    1 :  0.249 0.359 0.260 0.132 
109 z0045370    (0)    1 :  0.175 0.707 0.079 0.039 
110 z0045371    (1)    3 :  0.207 0.364 0.228 0.202 
111 z0045398    (1)    3 :  0.373 0.241 0.346 0.040 
112 z0045399    (1)    3 :  0.209 0.286 0.423 0.082 
113 z0045401   (23)    1 :  0.201 0.489 0.147 0.163 
114 z0045404    (0)    3 :  0.100 0.719 0.096 0.085 
115 z0045405    (4)    3 :  0.121 0.479 0.253 0.146 
116 z0045407    (1)    3 :  0.120 0.269 0.457 0.154 
117 z0045719    (0)    2 :  0.070 0.223 0.230 0.478 
118 z0045720    (1)    2 :  0.236 0.265 0.291 0.208 
119 z0045728    (0)    2 :  0.269 0.091 0.111 0.529 
120 z0045731    (0)    2 :  0.087 0.347 0.216 0.350 
121 z0045733    (0)    2 :  0.250 0.290 0.168 0.292 
122 z0045736    (1)    2 :  0.207 0.280 0.162 0.351 
123 z0045739    (1)    2 :  0.137 0.421 0.214 0.229 
124 z0045740    (1)    2 :  0.131 0.122 0.142 0.605 
125 z0045741    (0)    2 :  0.074 0.261 0.239 0.426 
126 z0045742    (0)    2 :  0.144 0.257 0.082 0.516 
127 z0045776    (0)    3 :  0.245 0.164 0.269 0.322 
128 z0045779    (0)    2 :  0.180 0.065 0.061 0.693 
129 z0045781    (0)    2 :  0.100 0.161 0.208 0.532 
130 z0045788    (5)    2 :  0.081 0.046 0.130 0.743 
131 z0045789    (2)    2 :  0.085 0.119 0.194 0.603 
132 z0045791    (4)    2 :  0.101 0.167 0.187 0.545 
133 z0045792   (22)    1 :  0.401 0.165 0.212 0.222 
134 z0045793    (0)    3 :  0.215 0.515 0.057 0.213 
135 z0047562   (14)    2 :  0.143 0.207 0.136 0.513 
136 z0047854    (1)    2 :  0.154 0.189 0.139 0.518 
137 z0051185    (0)    1 :  0.181 0.589 0.158 0.073 
138 z0051324    (0)    1 :  0.442 0.261 0.193 0.104 
139 z0051327    (3)    3 :  0.183 0.402 0.124 0.290 
140 z0051328    (1)    1 :  0.579 0.094 0.150 0.177 
141 z0051380    (0)    1 :  0.814 0.057 0.100 0.030 
142 z0051400    (0)    3 :  0.331 0.285 0.139 0.245 
143 z0051431   (21)    3 :  0.106 0.433 0.116 0.346 
144 z0051840   (33)    2 :  0.100 0.250 0.200 0.451 
145 z0051844   (27)    2 :  0.110 0.203 0.282 0.406 
146 z0051875   (28)    3 :  0.226 0.501 0.141 0.132 
147 z0051885    (7)    3 :  0.085 0.259 0.186 0.470 
148 z0051888    (0)    2 :  0.141 0.236 0.111 0.512 
149 z0051891    (0)    1 :  0.199 0.369 0.248 0.184 
150 z0051893    (2)    1 :  0.493 0.179 0.170 0.158 
151 z0051895    (0)    3 :  0.325 0.381 0.180 0.115 
152 z0051918    (0)    3 :  0.093 0.103 0.458 0.347 
153 z0051929    (1)    1 :  0.575 0.204 0.116 0.106 
154 z0051939   (11)    3 :  0.099 0.452 0.172 0.277 
155 z0051947    (3)    1 :  0.715 0.100 0.088 0.097 
156 z0051959    (1)    3 :  0.206 0.137 0.441 0.216 
157 z0052846    (0)    4 :  0.163 0.366 0.234 0.238 
158 z0052882    (1)    2 :  0.189 0.247 0.212 0.353 
159 z0053020   (20)    2 :  0.136 0.143 0.296 0.426 
160 z0053024   (12)    2 :  0.240 0.222 0.218 0.320 
161 z0053025    (3)    2 :  0.062 0.118 0.100 0.720 
162 z0053031    (0)    2 :  0.240 0.253 0.290 0.217 
163 z0053032    (0)    2 :  0.289 0.094 0.239 0.379 
164 z0053040    (5)    2 :  0.203 0.210 0.215 0.372 
165 z0053051    (0)    3 :  0.098 0.472 0.336 0.094 
166 z0053054    (5)    3 :  0.170 0.571 0.162 0.096 
167 z0053071    (2)    2 :  0.095 0.136 0.095 0.674 
168 z0053073    (1)    2 :  0.300 0.173 0.326 0.201 
169 z0053078    (0)    3 :  0.056 0.085 0.426 0.433 
170 z0053082    (1)    3 :  0.117 0.322 0.101 0.460 
171 z0053083   (12)    2 :  0.240 0.159 0.189 0.413 
172 z0053090   (10)    3 :  0.124 0.139 0.221 0.516 
173 z0053096    (0)    2 :  0.047 0.074 0.222 0.658 
174 z0053100    (6)    2 :  0.182 0.123 0.131 0.565 
175 z0053101    (0)    2 :  0.160 0.098 0.291 0.451 
176 z0053102    (8)    2 :  0.082 0.229 0.110 0.579 
177 z0053103    (0)    2 :  0.102 0.105 0.078 0.715 
178 z0053111    (2)    3 :  0.204 0.323 0.284 0.188 
179 z0053131    (0)    2 :  0.230 0.232 0.117 0.421 
180 z0053132    (0)    2 :  0.062 0.157 0.432 0.349 
181 z0053133    (0)    2 :  0.124 0.419 0.261 0.196 
182 z0053138    (0)    2 :  0.238 0.281 0.134 0.347 
183 z0053142    (2)    2 :  0.282 0.144 0.252 0.322 
184 z0053149    (0)    2 :  0.170 0.090 0.253 0.487 
185 z0053754    (1)    1 :  0.262 0.133 0.429 0.176 
186 z0053756    (1)    1 :  0.229 0.118 0.559 0.094 
187 z0053758   (17)    1 :  0.194 0.620 0.080 0.106 
188 z0053759    (0)    1 :  0.493 0.193 0.217 0.097 
189 z0053842    (1)    1 :  0.273 0.379 0.191 0.158 
190 z0053843    (6)    1 :  0.200 0.590 0.138 0.071 
191 z0053844    (7)    1 :  0.292 0.394 0.162 0.152 
192 z0053846    (2)    1 :  0.194 0.635 0.098 0.073 
193 z0053847    (0)    1 :  0.640 0.101 0.121 0.139 
194 z0053849    (1)    1 :  0.172 0.358 0.370 0.101 
195 z0055903    (1)    4 :  0.369 0.185 0.297 0.149 
196 z0055910   (34)    4 :  0.232 0.160 0.350 0.257 
197 z0055912    (7)    4 :  0.136 0.180 0.400 0.284 
198 z0055916   (15)    4 :  0.237 0.218 0.303 0.243 
199 z0055931    (2)    4 :  0.143 0.121 0.156 0.580 
200 z0055944    (3)    4 :  0.292 0.318 0.176 0.214 
201 z0055947    (9)    4 :  0.102 0.499 0.201 0.198 
202 z0055962    (6)    4 :  0.130 0.250 0.139 0.481 
203 z0055963   (21)    4 :  0.152 0.179 0.206 0.463 
204 z0055965   (25)    4 :  0.210 0.172 0.535 0.083 
205 z0055970   (15)    4 :  0.345 0.132 0.168 0.355 
206 z0055971    (7)    4 :  0.259 0.194 0.251 0.296 
207 z0055977    (6)    4 :  0.100 0.282 0.200 0.418 
208 z0055986   (19)    4 :  0.332 0.370 0.155 0.143 
209 z0055990    (6)    4 :  0.113 0.189 0.153 0.545 
210 z0055996    (2)    4 :  0.161 0.376 0.092 0.371 
211 z0055997    (3)    4 :  0.334 0.193 0.140 0.334 
212 z0055998    (4)    4 :  0.198 0.230 0.395 0.177 
213 z0055999    (2)    4 :  0.276 0.380 0.201 0.144 
214 z0056011    (7)    4 :  0.190 0.282 0.298 0.231 
215 z0056029    (4)    4 :  0.302 0.174 0.164 0.360 
216 z0056034    (0)    4 :  0.177 0.175 0.210 0.438 
217 z0056056   (25)    3 :  0.401 0.262 0.149 0.187 
218 z0056058    (5)    3 :  0.856 0.062 0.046 0.036 
219 z0056059    (8)    3 :  0.290 0.277 0.195 0.239 
220 z0056062    (1)    3 :  0.340 0.129 0.353 0.179 
221 z0056063    (4)    3 :  0.278 0.340 0.264 0.117 
222 z0056064    (0)    3 :  0.179 0.227 0.453 0.141 
223 z0056065    (0)    3 :  0.319 0.313 0.281 0.087 
224 z0056073    (0)    3 :  0.319 0.424 0.142 0.114 
225 z0056076    (4)    3 :  0.381 0.122 0.296 0.201 
226 z0056079    (9)    3 :  0.321 0.301 0.293 0.085 
227 z0056085    (0)    3 :  0.117 0.487 0.262 0.134 
228 z0056092    (1)    3 :  0.179 0.336 0.392 0.093 
229 z0056095    (1)    3 :  0.266 0.299 0.353 0.083 
230 z0056103    (7)    3 :  0.580 0.132 0.229 0.059 
231 z0056374    (7)    1 :  0.759 0.114 0.077 0.049 
232 z0056375    (0)    1 :  0.275 0.504 0.143 0.077 
233 z0056377    (0)    1 :  0.373 0.244 0.223 0.160 
234 z0056378    (0)    1 :  0.687 0.103 0.103 0.107 
235 z0056382    (0)    1 :  0.110 0.703 0.121 0.067 
236 z0056384    (3)    1 :  0.391 0.121 0.376 0.112 
237 z0056386    (7)    1 :  0.281 0.515 0.137 0.067 
238 z0056389    (0)    1 :  0.090 0.811 0.049 0.050 
239 z0056391    (1)    1 :  0.430 0.495 0.043 0.032 
240 z0056392   (11)    1 :  0.617 0.208 0.102 0.073 
241 z0056393    (8)    1 :  0.296 0.459 0.109 0.135 
242 z0056394    (0)    1 :  0.373 0.415 0.098 0.114 
243 z0056395    (1)    1 :  0.492 0.091 0.245 0.172 
244 z0056397    (0)    1 :  0.225 0.134 0.374 0.267 
245 z0061527    (2)    3 :  0.138 0.145 0.124 0.594 
246 z0061967    (1)    3 :  0.233 0.359 0.220 0.188 
247 z0061969    (0)    3 :  0.177 0.349 0.063 0.411 
248 z0061980    (1)    1 :  0.330 0.256 0.280 0.133 
249 z0066166    (3)    3 :  0.294 0.333 0.113 0.261 
250 z0066792    (2)    1 :  0.074 0.098 0.702 0.127 
251 z0066805    (1)    1 :  0.085 0.071 0.756 0.088 
252 z0068471    (2)    3 :  0.514 0.107 0.242 0.137 
253 z0075696    (6)    5 :  0.043 0.076 0.827 0.054 
254 z0101084    (7)    1 :  0.661 0.141 0.096 0.101 
255 z0107099    (2)    3 :  0.493 0.350 0.117 0.040 
256 z0107101    (0)    1 :  0.702 0.208 0.043 0.047 
257 z0108489    (0)    1 :  0.338 0.140 0.344 0.179 
258 z0108513    (0)    1 :  0.379 0.415 0.097 0.110 
259 z0108528    (0)    3 :  0.321 0.303 0.097 0.278 
260 z0113628    (1)    3 :  0.112 0.284 0.374 0.230 
261 z0133302   (16)    1 :  0.410 0.277 0.175 0.139 
262 z0173485    (1)    1 :  0.166 0.309 0.155 0.370 
263 z0175371    (1)    3 :  0.141 0.174 0.389 0.295 
264 z0175378    (0)    2 :  0.107 0.212 0.058 0.624 
265 z0175912    (0)    1 :  0.649 0.092 0.127 0.132 
266 z0175916    (1)    1 :  0.272 0.148 0.243 0.337 
267 z0175937    (1)    1 :  0.232 0.468 0.210 0.090 
268 z0178348   (12)    1 :  0.594 0.117 0.154 0.135 
269 z0187819    (7)    3 :  0.465 0.243 0.167 0.126 
270 z0187857    (1)    1 :  0.584 0.231 0.063 0.122 
271 z0187860    (0)    1 :  0.356 0.300 0.149 0.195 
272 z0187885    (0)    2 :  0.077 0.149 0.376 0.397 
273 z0187906    (9)    1 :  0.214 0.194 0.402 0.189 
274 z0195655    (0)    2 :  0.103 0.103 0.085 0.708 
275 z0195663    (0)    3 :  0.073 0.178 0.285 0.465 
276 z0195683    (1)    3 :  0.252 0.536 0.119 0.093 
277 z0195688    (0)    2 :  0.144 0.250 0.279 0.327 
278 z0195691    (0)    3 :  0.121 0.351 0.327 0.201 
279 z0195699    (0)    3 :  0.145 0.557 0.129 0.169 
280 z0195701    (7)    3 :  0.338 0.338 0.233 0.090 
281 z0195702    (0)    3 :  0.249 0.195 0.296 0.259 
282 z0195704    (0)    3 :  0.534 0.076 0.138 0.252 
283 z0195705    (0)    3 :  0.108 0.132 0.145 0.615 
284 z0195711    (0)    3 :  0.215 0.195 0.447 0.144 
285 z0195716    (0)    3 :  0.234 0.219 0.414 0.133 
286 z0195718   (12)    3 :  0.388 0.291 0.262 0.060 
287 z0195725    (5)    3 :  0.413 0.119 0.110 0.358 
288 z0195726   (16)    1 :  0.285 0.332 0.288 0.095 
289 z0195728   (14)    3 :  0.150 0.720 0.089 0.041 
290 z0195732   (16)    3 :  0.282 0.430 0.223 0.065 
291 z0195737    (0)    3 :  0.177 0.239 0.182 0.402 
292 z0195740   (26)    3 :  0.194 0.224 0.345 0.237 
293 z0195751    (1)    3 :  0.176 0.651 0.110 0.062 
294 z0195762    (1)    3 :  0.130 0.189 0.612 0.069 
295 z0195784    (0)    3 :  0.292 0.343 0.292 0.073 
296 z0196686    (0)    5 :  0.065 0.034 0.863 0.038 
297 z0196687    (0)    5 :  0.069 0.067 0.744 0.120 
298 z0196689    (0)    5 :  0.056 0.057 0.773 0.114 
299 z0196690    (2)    5 :  0.134 0.101 0.710 0.054 
300 z0196691    (7)    5 :  0.097 0.068 0.792 0.044 
301 z0196692    (1)    5 :  0.098 0.102 0.710 0.090 
302 z0196693    (1)    5 :  0.079 0.116 0.736 0.069 
303 z0196694    (1)    5 :  0.113 0.077 0.742 0.068 
304 z0196710    (0)    3 :  0.226 0.153 0.447 0.174 
305 z0196715   (22)    3 :  0.306 0.515 0.095 0.084 
306 z0196719    (0)    3 :  0.148 0.523 0.165 0.164 
307 z0196724   (20)    3 :  0.205 0.518 0.110 0.167 
308 z0196725    (0)    3 :  0.552 0.152 0.196 0.099 
309 z0196729    (1)    3 :  0.340 0.329 0.218 0.113 
310 z0196730    (3)    1 :  0.779 0.051 0.078 0.092 
311 z0196731    (0)    3 :  0.370 0.371 0.169 0.089 
312 z0196733   (13)    1 :  0.345 0.303 0.224 0.128 
313 z0196734    (1)    3 :  0.148 0.474 0.176 0.202 
314 z0196739   (17)    3 :  0.359 0.225 0.106 0.310 
315 z0196740   (11)    3 :  0.150 0.288 0.477 0.085 
316 z0196746    (1)    1 :  0.594 0.190 0.154 0.063 
317 z0196751    (0)    3 :  0.280 0.358 0.224 0.138 
318 z0196752    (0)    3 :  0.163 0.089 0.709 0.039 
319 z0196754    (0)    3 :  0.147 0.617 0.086 0.149 
320 z0196758    (1)    1 :  0.378 0.206 0.267 0.149 
321 z0196763    (1)    3 :  0.128 0.480 0.239 0.153 
322 z0196764    (0)    3 :  0.198 0.484 0.226 0.092 
323 z0196766    (0)    3 :  0.389 0.265 0.271 0.075 
324 z0196769    (1)    3 :  0.249 0.455 0.244 0.053 
325 z0196774    (0)    3 :  0.320 0.156 0.465 0.058 
326 z0196783    (0)    1 :  0.655 0.228 0.070 0.047 
327 z0196794    (2)    1 :  0.404 0.373 0.172 0.051 
328 z0196804   (14)    1 :  0.301 0.403 0.204 0.092 
329 z0196809    (0)    3 :  0.154 0.491 0.281 0.074 
330 z0196810    (1)    1 :  0.348 0.132 0.420 0.100 
331 z0196811    (0)    1 :  0.236 0.455 0.247 0.061 
332 z0196824    (0)    3 :  0.276 0.154 0.240 0.330 
333 z0196825    (0)    3 :  0.385 0.311 0.130 0.174 
334 z0196828    (1)    2 :  0.320 0.273 0.181 0.226 
335 z0196829    (0)    3 :  0.374 0.291 0.142 0.192 
336 z0196834   (26)    3 :  0.314 0.301 0.133 0.251 
337 z0196835    (0)    3 :  0.546 0.307 0.060 0.088 
338 z0196841   (20)    3 :  0.268 0.296 0.319 0.117 
339 z0196843   (25)    3 :  0.631 0.135 0.107 0.127 
340 z0196849    (0)    3 :  0.146 0.633 0.123 0.098 
341 z0196852    (0)    2 :  0.166 0.255 0.269 0.310 
342 z0196855    (0)    2 :  0.203 0.159 0.294 0.343 
343 z0196856    (0)    3 :  0.118 0.181 0.349 0.352 
344 z0196864    (1)    3 :  0.145 0.185 0.235 0.435 
345 z0196894    (0)    3 :  0.227 0.259 0.436 0.079 
346 z0197662    (2)    1 :  0.352 0.122 0.169 0.357 
347 z0197665    (2)    1 :  0.764 0.091 0.097 0.048 
348 z0197668   (20)    3 :  0.074 0.231 0.571 0.123 
349 z0197669    (0)    3 :  0.070 0.225 0.235 0.470 
350 z0197672    (1)    3 :  0.135 0.504 0.232 0.130 


Estimated Allele Frequencies in each cluster
First column gives estimated ancestral frequencies


Locus 1 : Mnov_gtseq_1 
2 alleles
0.0% missing data
   0   (0.425) 0.419 0.427 0.478 0.296 
   1   (0.575) 0.581 0.573 0.522 0.704 

Locus 2 : Mnov_gtseq_10 
2 alleles
0.3% missing data
   0   (0.806) 0.718 0.740 0.884 0.952 
   1   (0.194) 0.282 0.260 0.116 0.048 

Locus 3 : Mnov_gtseq_102 
2 alleles
0.9% missing data
   0   (0.546) 0.415 0.562 0.550 0.748 
   1   (0.454) 0.585 0.438 0.450 0.252 

Locus 4 : Mnov_gtseq_104 
2 alleles
0.3% missing data
   0   (0.850) 0.756 0.804 0.950 0.948 
   1   (0.150) 0.244 0.196 0.050 0.052 

Locus 5 : Mnov_gtseq_106 
2 alleles
14.9% missing data
   1   (0.757) 0.773 0.814 0.706 0.805 
   0   (0.243) 0.227 0.186 0.294 0.195 

Locus 6 : Mnov_gtseq_107 
2 alleles
37.4% missing data
   1   (0.203) 0.238 0.135 0.117 0.456 
   0   (0.797) 0.762 0.865 0.883 0.544 

Locus 7 : Mnov_gtseq_112 
2 alleles
0.9% missing data
   0   (0.607) 0.638 0.705 0.410 0.705 
   1   (0.393) 0.362 0.295 0.590 0.295 

Locus 8 : Mnov_gtseq_113 
2 alleles
2.0% missing data
   1   (0.725) 0.763 0.794 0.697 0.636 
   0   (0.275) 0.237 0.206 0.303 0.364 

Locus 9 : Mnov_gtseq_114 
3 alleles
4.3% missing data
   0   (0.518) 0.584 0.637 0.459 0.305 
   1   (0.451) 0.406 0.352 0.531 0.657 
   2   (0.031) 0.010 0.011 0.009 0.037 

Locus 10 : Mnov_gtseq_117 
2 alleles
26.9% missing data
   0   (0.625) 0.546 0.578 0.635 0.846 
   1   (0.375) 0.454 0.422 0.365 0.154 

Locus 11 : Mnov_gtseq_12 
2 alleles
0.3% missing data
   0   (0.482) 0.290 0.609 0.627 0.255 
   1   (0.518) 0.710 0.391 0.373 0.745 

Locus 12 : Mnov_gtseq_124 
4 alleles
5.1% missing data
   3   (0.713) 0.649 0.728 0.795 0.873 
   2   (0.226) 0.339 0.225 0.178 0.106 
   1   (0.034) 0.005 0.031 0.010 0.017 
   0   (0.028) 0.007 0.016 0.016 0.003 

Locus 13 : Mnov_gtseq_125 
3 alleles
1.7% missing data
   1   (0.229) 0.096 0.236 0.193 0.386 
   2   (0.696) 0.879 0.734 0.753 0.239 
   0   (0.075) 0.025 0.030 0.054 0.374 

Locus 14 : Mnov_gtseq_126 
2 alleles
0.0% missing data
   0   (0.341) 0.280 0.226 0.575 0.299 
   1   (0.659) 0.720 0.774 0.425 0.701 

Locus 15 : Mnov_gtseq_127 
2 alleles
6.9% missing data
   0   (0.631) 0.646 0.704 0.661 0.424 
   1   (0.369) 0.354 0.296 0.339 0.576 

Locus 16 : Mnov_gtseq_128 
2 alleles
30.9% missing data
   0   (0.697) 0.793 0.721 0.642 0.656 
   1   (0.303) 0.207 0.279 0.358 0.344 

Locus 17 : Mnov_gtseq_129 
3 alleles
2.0% missing data
   0   (0.494) 0.572 0.505 0.362 0.605 
   1   (0.325) 0.302 0.375 0.243 0.306 
   2   (0.181) 0.126 0.120 0.395 0.089 

Locus 18 : Mnov_gtseq_13 
3 alleles
0.0% missing data
   1   (0.418) 0.485 0.552 0.249 0.379 
   2   (0.172) 0.130 0.098 0.295 0.134 
   0   (0.410) 0.385 0.350 0.456 0.487 

Locus 19 : Mnov_gtseq_130 
2 alleles
28.6% missing data
   1   (0.509) 0.487 0.484 0.568 0.491 
   0   (0.491) 0.513 0.516 0.432 0.509 

Locus 20 : Mnov_gtseq_135 
2 alleles
0.6% missing data
   0   (0.460) 0.374 0.508 0.423 0.526 
   1   (0.540) 0.626 0.492 0.577 0.474 

Locus 21 : Mnov_gtseq_138 
3 alleles
0.6% missing data
   0   (0.254) 0.319 0.240 0.165 0.288 
   1   (0.518) 0.465 0.508 0.585 0.619 
   2   (0.228) 0.217 0.252 0.250 0.093 

Locus 22 : Mnov_gtseq_140 
2 alleles
1.1% missing data
   0   (0.449) 0.298 0.574 0.328 0.599 
   1   (0.551) 0.702 0.426 0.672 0.401 

Locus 23 : Mnov_gtseq_141 
2 alleles
0.3% missing data
   0   (0.557) 0.735 0.507 0.482 0.517 
   1   (0.443) 0.265 0.493 0.518 0.483 

Locus 24 : Mnov_gtseq_143 
2 alleles
2.6% missing data
   1   (0.555) 0.678 0.614 0.414 0.485 
   0   (0.445) 0.322 0.386 0.586 0.515 

Locus 25 : Mnov_gtseq_145 
2 alleles
2.0% missing data
   0   (0.467) 0.566 0.468 0.355 0.468 
   1   (0.533) 0.434 0.532 0.645 0.532 

Locus 26 : Mnov_gtseq_147 
3 alleles
25.4% missing data
   0   (0.777) 0.844 0.851 0.812 0.513 
   2   (0.143) 0.133 0.115 0.116 0.094 
   1   (0.080) 0.024 0.034 0.072 0.392 

Locus 27 : Mnov_gtseq_148 
3 alleles
9.1% missing data
   0   (0.297) 0.220 0.307 0.470 0.128 
   1   (0.424) 0.494 0.337 0.371 0.634 
   2   (0.279) 0.286 0.357 0.159 0.238 

Locus 28 : Mnov_gtseq_149 
2 alleles
0.3% missing data
   0   (0.600) 0.661 0.608 0.597 0.542 
   1   (0.400) 0.339 0.392 0.403 0.458 

Locus 29 : Mnov_gtseq_15 
2 alleles
0.0% missing data
   0   (0.493) 0.363 0.628 0.472 0.403 
   1   (0.507) 0.637 0.372 0.528 0.597 

Locus 30 : Mnov_gtseq_152 
2 alleles
0.9% missing data
   0   (0.332) 0.296 0.324 0.280 0.408 
   1   (0.668) 0.704 0.676 0.720 0.592 

Locus 31 : Mnov_gtseq_154 
3 alleles
3.4% missing data
   0   (0.353) 0.460 0.366 0.383 0.159 
   2   (0.220) 0.173 0.179 0.228 0.263 
   1   (0.427) 0.367 0.455 0.390 0.578 

Locus 32 : Mnov_gtseq_157 
2 alleles
0.6% missing data
   1   (0.547) 0.526 0.556 0.508 0.656 
   0   (0.453) 0.474 0.444 0.492 0.344 

Locus 33 : Mnov_gtseq_158 
2 alleles
0.6% missing data
   0   (0.430) 0.644 0.501 0.405 0.078 
   1   (0.570) 0.356 0.499 0.595 0.922 

Locus 34 : Mnov_gtseq_159 
3 alleles
24.0% missing data
   0   (0.602) 0.677 0.701 0.592 0.388 
   1   (0.195) 0.201 0.116 0.168 0.395 
   2   (0.203) 0.121 0.184 0.240 0.216 

Locus 35 : Mnov_gtseq_16 
2 alleles
0.0% missing data
   0   (0.649) 0.551 0.746 0.675 0.580 
   1   (0.351) 0.449 0.254 0.325 0.420 

Locus 36 : Mnov_gtseq_160 
2 alleles
2.3% missing data
   0   (0.494) 0.553 0.514 0.461 0.402 
   1   (0.506) 0.447 0.486 0.539 0.598 

Locus 37 : Mnov_gtseq_161 
2 alleles
1.7% missing data
   1   (0.751) 0.766 0.775 0.740 0.826 
   0   (0.249) 0.234 0.225 0.260 0.174 

Locus 38 : Mnov_gtseq_167 
3 alleles
1.1% missing data
   2   (0.735) 0.595 0.789 0.848 0.795 
   0   (0.193) 0.378 0.139 0.123 0.120 
   1   (0.072) 0.027 0.072 0.030 0.084 

Locus 39 : Mnov_gtseq_17 
2 alleles
0.3% missing data
   0   (0.529) 0.562 0.514 0.552 0.458 
   1   (0.471) 0.438 0.486 0.448 0.542 

Locus 40 : Mnov_gtseq_170 
2 alleles
0.0% missing data
   0   (0.317) 0.258 0.355 0.301 0.237 
   1   (0.683) 0.742 0.645 0.699 0.763 

Locus 41 : Mnov_gtseq_171 
3 alleles
41.4% missing data
   2   (0.592) 0.592 0.562 0.690 0.626 
   0   (0.318) 0.324 0.398 0.226 0.261 
   1   (0.090) 0.084 0.039 0.084 0.113 

Locus 42 : Mnov_gtseq_173 
4 alleles
21.4% missing data
   3   (0.411) 0.247 0.310 0.621 0.591 
   1   (0.519) 0.738 0.663 0.335 0.259 
   2   (0.055) 0.013 0.022 0.041 0.148 
   0   (0.016) 0.002 0.006 0.003 0.001 

Locus 43 : Mnov_gtseq_174 
2 alleles
2.6% missing data
   0   (0.272) 0.311 0.163 0.261 0.453 
   1   (0.728) 0.689 0.837 0.739 0.547 

Locus 44 : Mnov_gtseq_180 
3 alleles
14.3% missing data
   1   (0.617) 0.596 0.687 0.378 0.914 
   2   (0.291) 0.308 0.223 0.550 0.075 
   0   (0.092) 0.096 0.090 0.072 0.011 

Locus 45 : Mnov_gtseq_182 
2 alleles
8.6% missing data
   0   (0.813) 0.788 0.757 0.927 0.845 
   1   (0.187) 0.212 0.243 0.073 0.155 

Locus 46 : Mnov_gtseq_186 
3 alleles
28.0% missing data
   1   (0.477) 0.452 0.512 0.459 0.504 
   2   (0.089) 0.077 0.071 0.112 0.016 
   0   (0.434) 0.471 0.416 0.429 0.480 

Locus 47 : Mnov_gtseq_187 
2 alleles
7.1% missing data
   1   (0.583) 0.466 0.643 0.550 0.723 
   0   (0.417) 0.534 0.357 0.450 0.277 

Locus 48 : Mnov_gtseq_188 
2 alleles
13.4% missing data
   0   (0.555) 0.443 0.463 0.744 0.638 
   1   (0.445) 0.557 0.537 0.256 0.362 

Locus 49 : Mnov_gtseq_189 
2 alleles
3.7% missing data
   0   (0.445) 0.626 0.453 0.251 0.473 
   1   (0.555) 0.374 0.547 0.749 0.527 

Locus 50 : Mnov_gtseq_19 
3 alleles
0.0% missing data
   1   (0.849) 0.881 0.916 0.841 0.767 
   2   (0.091) 0.104 0.073 0.037 0.046 
   0   (0.060) 0.015 0.011 0.123 0.187 

Locus 51 : Mnov_gtseq_190 
2 alleles
0.0% missing data
   1   (0.418) 0.450 0.421 0.392 0.354 
   0   (0.582) 0.550 0.579 0.608 0.646 

Locus 52 : Mnov_gtseq_192 
2 alleles
20.9% missing data
   0   (0.811) 0.858 0.771 0.878 0.826 
   1   (0.189) 0.142 0.229 0.122 0.174 

Locus 53 : Mnov_gtseq_193 
2 alleles
0.0% missing data
   0   (0.712) 0.704 0.796 0.601 0.789 
   1   (0.288) 0.296 0.204 0.399 0.211 

Locus 54 : Mnov_gtseq_195 
3 alleles
0.0% missing data
   1   (0.538) 0.435 0.516 0.685 0.566 
   2   (0.433) 0.556 0.472 0.293 0.431 
   0   (0.029) 0.009 0.012 0.022 0.003 

Locus 55 : Mnov_gtseq_196 
2 alleles
0.3% missing data
   0   (0.341) 0.370 0.332 0.451 0.111 
   1   (0.659) 0.630 0.668 0.549 0.889 

Locus 56 : Mnov_gtseq_197 
3 alleles
0.3% missing data
   1   (0.383) 0.454 0.345 0.384 0.305 
   0   (0.435) 0.426 0.519 0.275 0.608 
   2   (0.182) 0.120 0.137 0.341 0.088 

Locus 57 : Mnov_gtseq_2 
3 alleles
0.3% missing data
   0   (0.183) 0.107 0.180 0.148 0.282 
   2   (0.778) 0.885 0.804 0.740 0.714 
   1   (0.039) 0.009 0.017 0.113 0.004 

Locus 58 : Mnov_gtseq_200 
2 alleles
2.3% missing data
   0   (0.400) 0.395 0.358 0.302 0.658 
   1   (0.600) 0.605 0.642 0.698 0.342 

Locus 59 : Mnov_gtseq_201 
4 alleles
0.0% missing data
   0   (0.575) 0.492 0.526 0.735 0.613 
   2   (0.155) 0.133 0.159 0.071 0.205 
   3   (0.150) 0.055 0.237 0.102 0.162 
   1   (0.119) 0.320 0.078 0.091 0.020 

Locus 60 : Mnov_gtseq_202 
2 alleles
0.0% missing data
   0   (0.420) 0.454 0.438 0.299 0.541 
   1   (0.580) 0.546 0.562 0.701 0.459 

Locus 61 : Mnov_gtseq_204 
2 alleles
3.4% missing data
   0   (0.445) 0.456 0.399 0.438 0.545 
   1   (0.555) 0.544 0.601 0.562 0.455 

Locus 62 : Mnov_gtseq_205 
5 alleles
0.0% missing data
   0   (0.219) 0.099 0.347 0.193 0.213 
   4   (0.035) 0.009 0.010 0.011 0.139 
   3   (0.661) 0.855 0.606 0.738 0.581 
   1   (0.064) 0.028 0.030 0.053 0.065 
   2   (0.021) 0.008 0.007 0.005 0.002 

Locus 63 : Mnov_gtseq_208 
2 alleles
0.0% missing data
   0   (0.650) 0.801 0.671 0.635 0.380 
   1   (0.350) 0.199 0.329 0.365 0.620 

Locus 64 : Mnov_gtseq_209 
3 alleles
0.0% missing data
   0   (0.455) 0.361 0.578 0.318 0.578 
   2   (0.501) 0.628 0.412 0.652 0.293 
   1   (0.043) 0.011 0.010 0.030 0.129 

Locus 65 : Mnov_gtseq_21 
2 alleles
0.0% missing data
   1   (0.535) 0.703 0.463 0.587 0.336 
   0   (0.465) 0.297 0.537 0.413 0.664 

Locus 66 : Mnov_gtseq_210 
2 alleles
4.6% missing data
   0   (0.404) 0.416 0.537 0.318 0.214 
   1   (0.596) 0.584 0.463 0.682 0.786 

Locus 67 : Mnov_gtseq_211 
2 alleles
1.1% missing data
   0   (0.418) 0.462 0.448 0.389 0.294 
   1   (0.582) 0.538 0.552 0.611 0.706 

Locus 68 : Mnov_gtseq_213 
2 alleles
5.4% missing data
   0   (0.518) 0.558 0.567 0.493 0.372 
   1   (0.482) 0.442 0.433 0.507 0.628 

Locus 69 : Mnov_gtseq_214 
2 alleles
5.1% missing data
   0   (0.522) 0.570 0.495 0.381 0.778 
   1   (0.478) 0.430 0.505 0.619 0.222 

Locus 70 : Mnov_gtseq_215 
2 alleles
0.0% missing data
   0   (0.443) 0.457 0.418 0.364 0.580 
   1   (0.557) 0.543 0.582 0.636 0.420 

Locus 71 : Mnov_gtseq_216 
3 alleles
0.0% missing data
   2   (0.506) 0.447 0.446 0.573 0.707 
   1   (0.468) 0.549 0.549 0.395 0.288 
   0   (0.025) 0.004 0.005 0.032 0.005 

Locus 72 : Mnov_gtseq_217 
2 alleles
23.7% missing data
   0   (0.320) 0.214 0.474 0.263 0.191 
   1   (0.680) 0.786 0.526 0.737 0.809 

Locus 73 : Mnov_gtseq_218 
2 alleles
0.6% missing data
   0   (0.586) 0.524 0.430 0.721 0.819 
   1   (0.414) 0.476 0.570 0.279 0.181 

Locus 74 : Mnov_gtseq_22 
4 alleles
3.4% missing data
   2   (0.488) 0.566 0.443 0.449 0.748 
   0   (0.232) 0.166 0.298 0.216 0.145 
   1   (0.212) 0.235 0.202 0.233 0.097 
   3   (0.068) 0.033 0.057 0.102 0.010 

Locus 75 : Mnov_gtseq_220 
3 alleles
0.0% missing data
   0   (0.509) 0.517 0.425 0.565 0.663 
   1   (0.445) 0.467 0.562 0.339 0.315 
   2   (0.046) 0.015 0.013 0.096 0.022 

Locus 76 : Mnov_gtseq_223 
2 alleles
2.6% missing data
   0   (0.658) 0.665 0.723 0.630 0.611 
   1   (0.342) 0.335 0.277 0.370 0.389 

Locus 77 : Mnov_gtseq_224 
3 alleles
0.6% missing data
   0   (0.225) 0.266 0.137 0.242 0.280 
   1   (0.723) 0.678 0.828 0.729 0.712 
   2   (0.052) 0.057 0.035 0.029 0.008 

Locus 78 : Mnov_gtseq_225 
2 alleles
0.0% missing data
   0   (0.517) 0.612 0.593 0.349 0.504 
   1   (0.483) 0.388 0.407 0.651 0.496 

Locus 79 : Mnov_gtseq_227 
2 alleles
0.3% missing data
   0   (0.515) 0.498 0.409 0.616 0.642 
   1   (0.485) 0.502 0.591 0.384 0.358 

Locus 80 : Mnov_gtseq_229 
2 alleles
0.9% missing data
   1   (0.530) 0.655 0.406 0.559 0.609 
   0   (0.470) 0.345 0.594 0.441 0.391 

Locus 81 : Mnov_gtseq_232 
2 alleles
0.0% missing data
   0   (0.468) 0.481 0.432 0.379 0.693 
   1   (0.532) 0.519 0.568 0.621 0.307 

Locus 82 : Mnov_gtseq_234 
2 alleles
9.1% missing data
   0   (0.741) 0.594 0.807 0.769 0.843 
   1   (0.259) 0.406 0.193 0.231 0.157 

Locus 83 : Mnov_gtseq_235 
2 alleles
0.0% missing data
   0   (0.783) 0.760 0.703 0.888 0.879 
   1   (0.217) 0.240 0.297 0.112 0.121 

Locus 84 : Mnov_gtseq_238 
2 alleles
0.0% missing data
   0   (0.611) 0.626 0.567 0.582 0.781 
   1   (0.389) 0.374 0.433 0.418 0.219 

Locus 85 : Mnov_gtseq_239 
2 alleles
0.0% missing data
   0   (0.712) 0.806 0.663 0.704 0.781 
   1   (0.288) 0.194 0.337 0.296 0.219 

Locus 86 : Mnov_gtseq_241 
2 alleles
0.0% missing data
   0   (0.837) 0.863 0.833 0.906 0.839 
   1   (0.163) 0.137 0.167 0.094 0.161 

Locus 87 : Mnov_gtseq_243 
2 alleles
0.0% missing data
   0   (0.588) 0.436 0.623 0.690 0.608 
   1   (0.412) 0.564 0.377 0.310 0.392 

Locus 88 : Mnov_gtseq_244 
2 alleles
0.0% missing data
   0   (0.343) 0.244 0.430 0.240 0.439 
   1   (0.657) 0.756 0.570 0.760 0.561 

Locus 89 : Mnov_gtseq_245 
2 alleles
20.0% missing data
   1   (0.499) 0.621 0.442 0.382 0.664 
   0   (0.501) 0.379 0.558 0.618 0.336 

Locus 90 : Mnov_gtseq_246 
2 alleles
0.3% missing data
   0   (0.441) 0.585 0.483 0.226 0.526 
   1   (0.559) 0.415 0.517 0.774 0.474 

Locus 91 : Mnov_gtseq_247 
2 alleles
3.1% missing data
   0   (0.297) 0.223 0.246 0.466 0.176 
   1   (0.703) 0.777 0.754 0.534 0.824 

Locus 92 : Mnov_gtseq_248 
2 alleles
0.3% missing data
   0   (0.220) 0.088 0.205 0.235 0.434 
   1   (0.780) 0.912 0.795 0.765 0.566 

Locus 93 : Mnov_gtseq_25 
2 alleles
0.3% missing data
   0   (0.456) 0.512 0.469 0.304 0.617 
   1   (0.544) 0.488 0.531 0.696 0.383 

Locus 94 : Mnov_gtseq_250 
2 alleles
3.4% missing data
   0   (0.779) 0.648 0.848 0.862 0.733 
   1   (0.221) 0.352 0.152 0.138 0.267 

Locus 95 : Mnov_gtseq_251 
2 alleles
2.0% missing data
   1   (0.210) 0.140 0.238 0.170 0.214 
   0   (0.790) 0.860 0.762 0.830 0.786 

Locus 96 : Mnov_gtseq_253 
2 alleles
16.3% missing data
   0   (0.469) 0.325 0.462 0.582 0.516 
   1   (0.531) 0.675 0.538 0.418 0.484 

Locus 97 : Mnov_gtseq_254 
2 alleles
0.0% missing data
   1   (0.921) 0.977 0.834 0.939 0.990 
   0   (0.079) 0.023 0.166 0.061 0.010 

Locus 98 : Mnov_gtseq_255 
3 alleles
0.0% missing data
   0   (0.332) 0.525 0.216 0.276 0.440 
   2   (0.387) 0.255 0.472 0.323 0.468 
   1   (0.281) 0.220 0.312 0.401 0.092 

Locus 99 : Mnov_gtseq_257 
2 alleles
0.0% missing data
   0   (0.632) 0.696 0.742 0.531 0.471 
   1   (0.368) 0.304 0.258 0.469 0.529 

Locus 100 : Mnov_gtseq_258 
2 alleles
0.0% missing data
   0   (0.519) 0.447 0.407 0.681 0.620 
   1   (0.481) 0.553 0.593 0.319 0.380 

Locus 101 : Mnov_gtseq_26 
2 alleles
0.0% missing data
   1   (0.894) 0.927 0.909 0.887 0.966 
   0   (0.106) 0.073 0.091 0.113 0.034 

Locus 102 : Mnov_gtseq_260 
2 alleles
0.6% missing data
   0   (0.761) 0.849 0.785 0.698 0.771 
   1   (0.239) 0.151 0.215 0.302 0.229 

Locus 103 : Mnov_gtseq_261 
3 alleles
0.3% missing data
   0   (0.467) 0.498 0.444 0.451 0.573 
   1   (0.285) 0.324 0.208 0.349 0.241 
   2   (0.248) 0.177 0.348 0.200 0.185 

Locus 104 : Mnov_gtseq_262 
3 alleles
3.1% missing data
   0   (0.397) 0.427 0.308 0.445 0.546 
   1   (0.446) 0.380 0.569 0.434 0.348 
   2   (0.157) 0.192 0.123 0.120 0.106 

Locus 105 : Mnov_gtseq_263 
2 alleles
0.0% missing data
   1   (0.817) 0.761 0.838 0.864 0.910 
   0   (0.183) 0.239 0.162 0.136 0.090 

Locus 106 : Mnov_gtseq_265 
2 alleles
0.0% missing data
   0   (0.441) 0.352 0.449 0.418 0.602 
   1   (0.559) 0.648 0.551 0.582 0.398 

Locus 107 : Mnov_gtseq_268 
2 alleles
0.0% missing data
   0   (0.560) 0.426 0.488 0.697 0.722 
   1   (0.440) 0.574 0.512 0.303 0.278 

Locus 108 : Mnov_gtseq_269 
2 alleles
1.1% missing data
   1   (0.482) 0.496 0.511 0.448 0.452 
   0   (0.518) 0.504 0.489 0.552 0.548 

Locus 109 : Mnov_gtseq_270 
2 alleles
11.1% missing data
   1   (0.771) 0.836 0.747 0.796 0.813 
   0   (0.229) 0.164 0.253 0.204 0.187 

Locus 110 : Mnov_gtseq_271 
3 alleles
9.7% missing data
   1   (0.586) 0.638 0.573 0.620 0.578 
   2   (0.362) 0.347 0.399 0.308 0.407 
   0   (0.052) 0.015 0.027 0.071 0.015 

Locus 111 : Mnov_gtseq_273 
2 alleles
1.4% missing data
   1   (0.533) 0.509 0.583 0.459 0.606 
   0   (0.467) 0.491 0.417 0.541 0.394 

Locus 112 : Mnov_gtseq_274 
2 alleles
0.0% missing data
   1   (0.502) 0.383 0.580 0.559 0.412 
   0   (0.498) 0.617 0.420 0.441 0.588 

Locus 113 : Mnov_gtseq_275 
3 alleles
13.4% missing data
   2   (0.740) 0.774 0.723 0.836 0.743 
   1   (0.229) 0.220 0.256 0.143 0.252 
   0   (0.030) 0.006 0.020 0.021 0.005 

Locus 114 : Mnov_gtseq_277 
2 alleles
0.0% missing data
   0   (0.804) 0.815 0.852 0.763 0.888 
   1   (0.196) 0.185 0.148 0.237 0.112 

Locus 115 : Mnov_gtseq_278 
2 alleles
1.1% missing data
   0   (0.890) 0.772 0.910 0.935 0.980 
   1   (0.110) 0.228 0.090 0.065 0.020 

Locus 116 : Mnov_gtseq_28 
2 alleles
0.3% missing data
   0   (0.775) 0.847 0.753 0.804 0.776 
   1   (0.225) 0.153 0.247 0.196 0.224 

Locus 117 : Mnov_gtseq_281 
3 alleles
1.7% missing data
   2   (0.850) 0.912 0.877 0.872 0.839 
   0   (0.120) 0.040 0.114 0.118 0.158 
   1   (0.030) 0.048 0.009 0.010 0.003 

Locus 118 : Mnov_gtseq_283 
2 alleles
20.6% missing data
   0   (0.755) 0.784 0.766 0.754 0.815 
   1   (0.245) 0.216 0.234 0.246 0.185 

Locus 119 : Mnov_gtseq_284 
2 alleles
0.0% missing data
   1   (0.651) 0.642 0.725 0.637 0.591 
   0   (0.349) 0.358 0.275 0.363 0.409 

Locus 120 : Mnov_gtseq_285 
3 alleles
0.0% missing data
   2   (0.558) 0.524 0.560 0.705 0.481 
   0   (0.220) 0.243 0.262 0.139 0.146 
   1   (0.222) 0.233 0.178 0.156 0.373 

Locus 121 : Mnov_gtseq_287 
2 alleles
0.0% missing data
   0   (0.782) 0.840 0.782 0.860 0.644 
   1   (0.218) 0.160 0.218 0.140 0.356 

Locus 122 : Mnov_gtseq_288 
3 alleles
15.7% missing data
   0   (0.566) 0.605 0.477 0.628 0.701 
   2   (0.399) 0.337 0.504 0.363 0.296 
   1   (0.035) 0.058 0.018 0.009 0.003 

Locus 123 : Mnov_gtseq_289 
4 alleles
0.0% missing data
   0   (0.445) 0.411 0.495 0.469 0.447 
   1   (0.387) 0.427 0.339 0.380 0.512 
   2   (0.136) 0.154 0.143 0.137 0.034 
   3   (0.032) 0.007 0.023 0.014 0.007 

Locus 124 : Mnov_gtseq_291 
4 alleles
0.6% missing data
   3   (0.693) 0.732 0.745 0.760 0.566 
   1   (0.146) 0.154 0.173 0.109 0.039 
   2   (0.040) 0.025 0.026 0.022 0.004 
   0   (0.122) 0.089 0.056 0.110 0.391 

Locus 125 : Mnov_gtseq_298 
2 alleles
35.7% missing data
   1   (0.611) 0.512 0.690 0.480 0.827 
   0   (0.389) 0.488 0.310 0.520 0.173 

Locus 126 : Mnov_gtseq_299 
2 alleles
0.9% missing data
   1   (0.575) 0.491 0.622 0.632 0.509 
   0   (0.425) 0.509 0.378 0.368 0.491 

Locus 127 : Mnov_gtseq_30 
2 alleles
16.9% missing data
   0   (0.941) 0.911 0.944 0.980 0.993 
   1   (0.059) 0.089 0.056 0.020 0.007 

Locus 128 : Mnov_gtseq_300 
2 alleles
4.6% missing data
   0   (0.589) 0.611 0.588 0.570 0.627 
