

----------------------------------------------------
STRUCTURE by Pritchard, Stephens and Donnelly (2000)
     and Falush, Stephens and Pritchard (2003)
       Code by Pritchard, Falush and Hubisz
             Version 2.3.4 (Jul 2012)
----------------------------------------------------



Command line arguments:   structure -m wint.area.structureRun/wint.area.structureRun.k7.r1_mainparams -e wint.area.structureRun/wint.area.structureRun.k7.r1_extraparams -i wint.area.structureRun/wint.area.structureRun.k7.r1_data -o wint.area.structureRun/wint.area.structureRun.k7.r1_out 
Input File:    wint.area.structureRun/wint.area.structureRun.k7.r1_data

Run parameters:
   350 individuals
   298 loci
   7 populations assumed
   1000 Burn-in period
   10000 Reps


--------------------------------------------
Proportion of membership of each pre-defined
 population in each of the 7 clusters

Given    Inferred Clusters                                   Number of
 Pop       1      2      3      4      5      6      7      Individuals

  1:     0.136  0.088  0.239  0.092  0.139  0.138  0.168       77
  2:     0.140  0.234  0.084  0.184  0.103  0.140  0.114      124
  3:     0.160  0.112  0.149  0.121  0.136  0.156  0.165      113
  4:     0.157  0.156  0.112  0.159  0.120  0.158  0.138       27
  5:     0.089  0.070  0.082  0.065  0.538  0.082  0.074        9
--------------------------------------------

Allele-freq. divergence among pops (Net nucleotide distance),
computed using point estimates of P.

      1       2       3       4       5       6       7      
 1      -    0.0225  0.0279  0.0131  0.0238  0.0054  0.0082  
 2   0.0225     -    0.0636  0.0297  0.0553  0.0315  0.0365  
 3   0.0279  0.0636     -    0.0533  0.0557  0.0331  0.0315  
 4   0.0131  0.0297  0.0533     -    0.0409  0.0202  0.0256  
 5   0.0238  0.0553  0.0557  0.0409     -    0.0312  0.0366  
 6   0.0054  0.0315  0.0331  0.0202  0.0312     -    0.0145  
 7   0.0082  0.0365  0.0315  0.0256  0.0366  0.0145     -    

Average distances (expected heterozygosity) between individuals in same cluster:
cluster  1  : 0.4589 
cluster  2  : 0.4135 
cluster  3  : 0.4146 
cluster  4  : 0.4241 
cluster  5  : 0.4050 
cluster  6  : 0.4374 
cluster  7  : 0.4456 

--------------------------------------------
Estimated Ln Prob of Data   = -312106.4
Mean value of ln likelihood = -134299.6
Variance of ln likelihood   = 355613.7
Mean value of alpha         = 1.0000

Mean value of Fst_1         = 0.0127
Mean value of Fst_2         = 0.1817
Mean value of Fst_3         = 0.2021
Mean value of Fst_4         = 0.1427
Mean value of Fst_5         = 0.1768
Mean value of Fst_6         = 0.0970
Mean value of Fst_7         = 0.1039


Inferred ancestry of individuals:
        Label (%Miss) Pop:  Inferred clusters
  1   207778    (1)    2 :  0.116 0.285 0.086 0.137 0.071 0.182 0.122 
  2 z0005757    (7)    3 :  0.150 0.078 0.216 0.195 0.107 0.130 0.124 
  3 z0005758    (0)    3 :  0.132 0.114 0.187 0.066 0.121 0.275 0.105 
  4 z0011944    (0)    1 :  0.063 0.066 0.039 0.141 0.592 0.060 0.038 
  5 z0012702    (8)    4 :  0.064 0.139 0.027 0.573 0.068 0.063 0.065 
  6 z0016577    (1)    3 :  0.177 0.156 0.144 0.104 0.074 0.184 0.162 
  7 z0016578   (20)    1 :  0.154 0.064 0.120 0.065 0.110 0.098 0.390 
  8 z0016579    (1)    3 :  0.238 0.102 0.101 0.111 0.149 0.205 0.094 
  9 z0018264    (0)    1 :  0.097 0.085 0.082 0.104 0.492 0.079 0.060 
 10 z0029828    (2)    3 :  0.114 0.079 0.121 0.148 0.067 0.131 0.339 
 11 z0029829   (13)    1 :  0.100 0.070 0.191 0.090 0.056 0.106 0.388 
 12 z0029846    (0)    1 :  0.155 0.133 0.173 0.107 0.097 0.125 0.210 
 13 z0029860    (0)    3 :  0.102 0.116 0.132 0.131 0.072 0.127 0.320 
 14 z0029863    (1)    1 :  0.152 0.104 0.059 0.077 0.328 0.134 0.147 
 15 z0029864    (8)    1 :  0.107 0.096 0.098 0.098 0.266 0.131 0.204 
 16 z0029865   (12)    3 :  0.093 0.050 0.234 0.052 0.084 0.389 0.098 
 17 z0037607    (1)    3 :  0.176 0.117 0.038 0.130 0.223 0.185 0.130 
 18 z0037609   (23)    3 :  0.168 0.092 0.112 0.092 0.150 0.209 0.178 
 19 z0037624   (20)    1 :  0.176 0.104 0.230 0.108 0.072 0.229 0.081 
 20 z0038417    (7)    2 :  0.122 0.377 0.076 0.124 0.101 0.111 0.088 
 21 z0040275    (8)    2 :  0.124 0.317 0.048 0.160 0.146 0.081 0.124 
 22 z0040287    (3)    2 :  0.134 0.115 0.092 0.138 0.202 0.171 0.148 
 23 z0040308    (0)    2 :  0.123 0.266 0.067 0.154 0.041 0.261 0.088 
 24 z0040333    (1)    2 :  0.105 0.099 0.044 0.447 0.063 0.121 0.122 
 25 z0040334    (1)    2 :  0.112 0.342 0.045 0.252 0.064 0.112 0.073 
 26 z0040337    (4)    2 :  0.183 0.143 0.061 0.194 0.125 0.171 0.123 
 27 z0040345    (1)    2 :  0.100 0.316 0.060 0.182 0.097 0.166 0.078 
 28 z0040357    (5)    2 :  0.160 0.230 0.103 0.191 0.082 0.120 0.115 
 29 z0040363   (19)    2 :  0.171 0.224 0.105 0.216 0.078 0.124 0.082 
 30 z0040364    (0)    2 :  0.120 0.431 0.059 0.121 0.064 0.117 0.088 
 31 z0040387    (0)    2 :  0.103 0.143 0.099 0.393 0.097 0.084 0.081 
 32 z0040403   (15)    2 :  0.160 0.237 0.127 0.111 0.110 0.111 0.144 
 33 z0040439    (0)    2 :  0.091 0.425 0.037 0.098 0.158 0.105 0.085 
 34 z0040465   (20)    2 :  0.138 0.237 0.074 0.123 0.063 0.149 0.216 
 35 z0040513   (24)    3 :  0.156 0.097 0.114 0.240 0.094 0.118 0.181 
 36 z0040961   (11)    2 :  0.125 0.118 0.093 0.310 0.159 0.095 0.100 
 37 z0040985   (14)    2 :  0.202 0.135 0.083 0.142 0.095 0.205 0.139 
 38 z0041026    (0)    2 :  0.155 0.238 0.075 0.198 0.079 0.111 0.144 
 39 z0041051   (30)    2 :  0.130 0.299 0.074 0.115 0.193 0.110 0.078 
 40 z0041115    (7)    2 :  0.110 0.274 0.184 0.167 0.064 0.111 0.091 
 41 z0041153   (23)    2 :  0.163 0.179 0.086 0.165 0.123 0.165 0.120 
 42 z0041233    (3)    2 :  0.137 0.168 0.116 0.201 0.076 0.177 0.127 
 43 z0041243    (0)    2 :  0.096 0.264 0.070 0.114 0.107 0.257 0.092 
 44 z0041248    (5)    2 :  0.125 0.220 0.093 0.254 0.101 0.109 0.097 
 45 z0041250    (1)    2 :  0.152 0.362 0.046 0.126 0.094 0.123 0.098 
 46 z0041274    (1)    2 :  0.197 0.141 0.068 0.154 0.155 0.118 0.167 
 47 z0041465   (16)    2 :  0.126 0.343 0.175 0.077 0.038 0.107 0.134 
 48 z0041472    (2)    2 :  0.115 0.170 0.142 0.250 0.065 0.166 0.092 
 49 z0041480    (9)    2 :  0.154 0.258 0.125 0.096 0.064 0.174 0.128 
 50 z0041483    (0)    2 :  0.102 0.419 0.112 0.107 0.067 0.086 0.106 
 51 z0041494   (12)    2 :  0.113 0.106 0.037 0.458 0.067 0.114 0.105 
 52 z0041498    (1)    2 :  0.132 0.323 0.104 0.107 0.089 0.111 0.134 
 53 z0041501    (1)    2 :  0.084 0.109 0.023 0.586 0.052 0.090 0.055 
 54 z0041507    (6)    2 :  0.120 0.213 0.052 0.279 0.099 0.149 0.088 
 55 z0041512    (0)    2 :  0.098 0.276 0.039 0.271 0.091 0.103 0.122 
 56 z0041522   (15)    2 :  0.153 0.315 0.103 0.086 0.107 0.116 0.120 
 57 z0041526    (0)    3 :  0.102 0.406 0.100 0.119 0.047 0.106 0.121 
 58 z0041527   (14)    2 :  0.138 0.208 0.110 0.201 0.062 0.140 0.140 
 59 z0043243    (1)    2 :  0.143 0.077 0.223 0.136 0.201 0.124 0.096 
 60 z0043278    (0)    2 :  0.117 0.313 0.049 0.203 0.107 0.117 0.094 
 61 z0043475   (16)    3 :  0.185 0.158 0.098 0.236 0.078 0.121 0.124 
 62 z0043477    (0)    2 :  0.122 0.206 0.072 0.129 0.175 0.198 0.098 
 63 z0043478    (2)    2 :  0.092 0.436 0.098 0.100 0.091 0.113 0.072 
 64 z0043481    (0)    2 :  0.112 0.224 0.082 0.311 0.065 0.118 0.088 
 65 z0043489    (5)    2 :  0.102 0.250 0.039 0.307 0.115 0.105 0.082 
 66 z0043491   (12)    2 :  0.167 0.189 0.073 0.128 0.141 0.179 0.123 
 67 z0043493    (2)    2 :  0.156 0.117 0.057 0.121 0.122 0.340 0.088 
 68 z0043494    (1)    2 :  0.181 0.217 0.058 0.164 0.074 0.148 0.158 
 69 z0043498    (1)    2 :  0.115 0.289 0.054 0.270 0.056 0.097 0.120 
 70 z0043504    (7)    2 :  0.113 0.223 0.092 0.091 0.171 0.234 0.076 
 71 z0043526    (3)    4 :  0.088 0.069 0.072 0.417 0.142 0.111 0.102 
 72 z0043566    (2)    2 :  0.132 0.244 0.112 0.200 0.066 0.157 0.088 
 73 z0043572    (0)    2 :  0.114 0.276 0.067 0.204 0.087 0.144 0.108 
 74 z0043599    (2)    2 :  0.236 0.194 0.083 0.123 0.059 0.143 0.163 
 75 z0043642    (0)    2 :  0.152 0.244 0.051 0.211 0.072 0.105 0.165 
 76 z0043649    (1)    2 :  0.114 0.302 0.068 0.260 0.076 0.077 0.104 
 77 z0043652    (1)    2 :  0.140 0.104 0.113 0.189 0.125 0.148 0.181 
 78 z0043668    (0)    2 :  0.126 0.123 0.141 0.271 0.080 0.163 0.096 
 79 z0043674    (0)    4 :  0.110 0.071 0.223 0.073 0.110 0.101 0.311 
 80 z0043686    (1)    2 :  0.118 0.272 0.092 0.130 0.166 0.116 0.106 
 81 z0043693    (1)    2 :  0.163 0.122 0.077 0.363 0.058 0.096 0.121 
 82 z0043704   (14)    2 :  0.099 0.504 0.047 0.091 0.087 0.078 0.095 
 83 z0043807    (1)    2 :  0.186 0.226 0.050 0.160 0.105 0.125 0.148 
 84 z0043819    (0)    2 :  0.255 0.090 0.102 0.179 0.134 0.129 0.112 
 85 z0043876    (7)    2 :  0.137 0.119 0.193 0.128 0.052 0.293 0.078 
 86 z0043877   (32)    2 :  0.199 0.118 0.132 0.271 0.054 0.130 0.097 
 87 z0043891   (21)    4 :  0.150 0.182 0.121 0.099 0.181 0.138 0.128 
 88 z0043915   (31)    2 :  0.143 0.149 0.091 0.138 0.218 0.162 0.098 
 89 z0043940   (10)    2 :  0.182 0.068 0.114 0.104 0.162 0.170 0.201 
 90 z0043954    (1)    2 :  0.219 0.140 0.111 0.139 0.128 0.118 0.144 
 91 z0043966    (5)    2 :  0.166 0.344 0.044 0.111 0.079 0.112 0.144 
 92 z0043980    (1)    2 :  0.147 0.147 0.118 0.231 0.090 0.135 0.133 
 93 z0044017   (11)    2 :  0.102 0.215 0.079 0.269 0.107 0.111 0.116 
 94 z0044019   (14)    2 :  0.188 0.166 0.135 0.179 0.061 0.174 0.097 
 95 z0044023   (35)    2 :  0.114 0.440 0.091 0.126 0.059 0.085 0.086 
 96 z0044033    (0)    2 :  0.083 0.478 0.044 0.194 0.042 0.081 0.077 
 97 z0044042    (3)    2 :  0.100 0.414 0.090 0.122 0.091 0.110 0.072 
 98 z0044047   (24)    2 :  0.127 0.165 0.055 0.370 0.071 0.123 0.088 
 99 z0044064   (13)    2 :  0.179 0.227 0.044 0.151 0.102 0.164 0.132 
100 z0044432   (14)    2 :  0.114 0.084 0.111 0.306 0.160 0.131 0.093 
101 z0045326    (0)    3 :  0.119 0.141 0.153 0.082 0.060 0.123 0.321 
102 z0045331    (5)    1 :  0.137 0.167 0.107 0.064 0.078 0.111 0.337 
103 z0045332    (1)    1 :  0.229 0.077 0.086 0.136 0.124 0.098 0.249 
104 z0045333    (6)    1 :  0.156 0.075 0.393 0.071 0.097 0.124 0.084 
105 z0045337    (4)    1 :  0.076 0.081 0.505 0.075 0.117 0.077 0.068 
106 z0045342   (12)    1 :  0.242 0.070 0.128 0.185 0.051 0.138 0.187 
107 z0045347    (1)    3 :  0.141 0.085 0.149 0.120 0.204 0.214 0.088 
108 z0045350    (0)    1 :  0.205 0.080 0.125 0.132 0.154 0.149 0.154 
109 z0045370    (0)    1 :  0.069 0.040 0.232 0.073 0.077 0.100 0.409 
110 z0045371    (1)    3 :  0.151 0.125 0.151 0.102 0.143 0.145 0.182 
111 z0045398    (1)    3 :  0.112 0.037 0.145 0.057 0.197 0.345 0.108 
112 z0045399    (1)    3 :  0.187 0.064 0.121 0.122 0.234 0.135 0.136 
113 z0045401   (23)    1 :  0.202 0.091 0.149 0.112 0.088 0.125 0.234 
114 z0045404    (0)    3 :  0.104 0.062 0.126 0.088 0.082 0.118 0.421 
115 z0045405    (4)    3 :  0.157 0.085 0.077 0.129 0.123 0.219 0.209 
116 z0045407    (1)    3 :  0.215 0.100 0.075 0.096 0.238 0.126 0.150 
117 z0045719    (0)    2 :  0.186 0.226 0.034 0.150 0.112 0.158 0.134 
118 z0045720    (1)    2 :  0.184 0.115 0.086 0.128 0.146 0.201 0.139 
119 z0045728    (0)    2 :  0.122 0.280 0.125 0.163 0.068 0.149 0.093 
120 z0045731    (0)    2 :  0.159 0.115 0.045 0.262 0.102 0.200 0.117 
121 z0045733    (0)    2 :  0.194 0.109 0.114 0.166 0.078 0.197 0.143 
122 z0045736    (1)    2 :  0.162 0.141 0.103 0.184 0.092 0.175 0.143 
123 z0045739    (1)    2 :  0.213 0.123 0.081 0.137 0.109 0.164 0.173 
124 z0045740    (1)    2 :  0.121 0.348 0.070 0.146 0.092 0.115 0.108 
125 z0045741    (0)    2 :  0.123 0.085 0.038 0.448 0.088 0.112 0.107 
126 z0045742    (0)    2 :  0.119 0.301 0.099 0.149 0.054 0.085 0.192 
127 z0045776    (0)    3 :  0.165 0.139 0.141 0.182 0.115 0.146 0.113 
128 z0045779    (0)    2 :  0.070 0.512 0.128 0.074 0.055 0.089 0.072 
129 z0045781    (0)    2 :  0.140 0.249 0.052 0.199 0.096 0.152 0.113 
130 z0045788    (5)    2 :  0.076 0.385 0.049 0.245 0.098 0.076 0.071 
131 z0045789    (2)    2 :  0.090 0.408 0.054 0.084 0.135 0.108 0.121 
132 z0045791    (4)    2 :  0.126 0.272 0.059 0.209 0.130 0.091 0.113 
133 z0045792   (22)    1 :  0.183 0.125 0.187 0.101 0.115 0.209 0.080 
134 z0045793    (0)    3 :  0.112 0.162 0.174 0.067 0.048 0.089 0.349 
135 z0047562   (14)    2 :  0.142 0.216 0.071 0.197 0.078 0.155 0.142 
136 z0047854    (1)    2 :  0.159 0.275 0.077 0.120 0.082 0.161 0.126 
137 z0051185    (0)    1 :  0.169 0.060 0.125 0.074 0.088 0.239 0.245 
138 z0051324    (0)    1 :  0.132 0.092 0.246 0.062 0.124 0.198 0.146 
139 z0051327    (3)    3 :  0.227 0.166 0.078 0.104 0.067 0.181 0.177 
140 z0051328    (1)    1 :  0.119 0.103 0.296 0.097 0.117 0.186 0.082 
141 z0051380    (0)    1 :  0.057 0.039 0.627 0.035 0.083 0.093 0.065 
142 z0051400    (0)    3 :  0.112 0.134 0.221 0.164 0.089 0.104 0.175 
143 z0051431   (21)    3 :  0.182 0.197 0.054 0.131 0.071 0.166 0.198 
144 z0051840   (33)    2 :  0.151 0.225 0.062 0.190 0.119 0.107 0.147 
145 z0051844   (27)    2 :  0.127 0.135 0.064 0.291 0.126 0.136 0.121 
146 z0051875   (28)    3 :  0.217 0.082 0.125 0.099 0.072 0.152 0.254 
147 z0051885    (7)    3 :  0.127 0.316 0.054 0.105 0.126 0.089 0.183 
148 z0051888    (0)    2 :  0.161 0.289 0.093 0.137 0.069 0.120 0.132 
149 z0051891    (0)    1 :  0.236 0.096 0.099 0.125 0.125 0.172 0.147 
150 z0051893    (2)    1 :  0.124 0.077 0.259 0.142 0.114 0.152 0.133 
151 z0051895    (0)    3 :  0.156 0.074 0.207 0.115 0.100 0.154 0.194 
152 z0051918    (0)    3 :  0.151 0.174 0.053 0.132 0.278 0.117 0.095 
153 z0051929    (1)    1 :  0.109 0.075 0.294 0.083 0.070 0.247 0.122 
154 z0051939   (11)    3 :  0.240 0.163 0.064 0.128 0.095 0.127 0.182 
155 z0051947    (3)    1 :  0.163 0.110 0.392 0.074 0.091 0.090 0.080 
156 z0051959    (1)    3 :  0.138 0.140 0.109 0.084 0.265 0.179 0.085 
157 z0052846    (0)    4 :  0.162 0.129 0.127 0.126 0.117 0.127 0.213 
158 z0052882    (1)    2 :  0.231 0.178 0.095 0.134 0.094 0.126 0.142 
159 z0053020   (20)    2 :  0.101 0.139 0.069 0.265 0.146 0.169 0.111 
160 z0053024   (12)    2 :  0.156 0.159 0.100 0.118 0.113 0.243 0.111 
161 z0053025    (3)    2 :  0.083 0.475 0.034 0.087 0.081 0.132 0.108 
162 z0053031    (0)    2 :  0.167 0.157 0.129 0.093 0.182 0.124 0.149 
163 z0053032    (0)    2 :  0.198 0.214 0.126 0.120 0.125 0.135 0.083 
164 z0053040    (5)    2 :  0.170 0.155 0.088 0.187 0.095 0.175 0.129 
165 z0053051    (0)    3 :  0.203 0.064 0.081 0.110 0.158 0.148 0.235 
166 z0053054    (5)    3 :  0.247 0.070 0.100 0.110 0.090 0.173 0.210 
167 z0053071    (2)    2 :  0.128 0.365 0.059 0.175 0.064 0.098 0.112 
168 z0053073    (1)    2 :  0.210 0.109 0.141 0.115 0.150 0.186 0.089 
169 z0053078    (0)    3 :  0.123 0.240 0.037 0.134 0.285 0.089 0.092 
170 z0053082    (1)    3 :  0.140 0.151 0.073 0.308 0.057 0.098 0.173 
171 z0053083   (12)    2 :  0.135 0.171 0.110 0.220 0.095 0.159 0.111 
172 z0053090   (10)    3 :  0.122 0.136 0.050 0.381 0.095 0.147 0.069 
173 z0053096    (0)    2 :  0.087 0.343 0.030 0.226 0.156 0.081 0.077 
174 z0053100    (6)    2 :  0.143 0.231 0.055 0.195 0.063 0.219 0.094 
175 z0053101    (0)    2 :  0.134 0.291 0.090 0.104 0.191 0.103 0.087 
176 z0053102    (8)    2 :  0.125 0.138 0.044 0.389 0.060 0.134 0.112 
177 z0053103    (0)    2 :  0.107 0.413 0.050 0.156 0.061 0.111 0.103 
178 z0053111    (2)    3 :  0.313 0.115 0.088 0.082 0.122 0.177 0.103 
179 z0053131    (0)    2 :  0.144 0.289 0.101 0.081 0.085 0.166 0.134 
180 z0053132    (0)    2 :  0.120 0.133 0.038 0.286 0.248 0.079 0.096 
181 z0053133    (0)    2 :  0.181 0.070 0.070 0.235 0.151 0.122 0.172 
182 z0053138    (0)    2 :  0.197 0.200 0.123 0.106 0.074 0.164 0.136 
183 z0053142    (2)    2 :  0.115 0.189 0.183 0.157 0.128 0.121 0.107 
184 z0053149    (0)    2 :  0.113 0.265 0.137 0.163 0.136 0.102 0.084 
185 z0053754    (1)    1 :  0.082 0.152 0.213 0.052 0.295 0.104 0.103 
186 z0053756    (1)    1 :  0.127 0.090 0.170 0.069 0.350 0.095 0.100 
187 z0053758   (17)    1 :  0.095 0.104 0.225 0.074 0.063 0.066 0.374 
188 z0053759    (0)    1 :  0.185 0.075 0.294 0.077 0.120 0.151 0.098 
189 z0053842    (1)    1 :  0.119 0.087 0.085 0.082 0.073 0.447 0.106 
190 z0053843    (6)    1 :  0.089 0.058 0.178 0.104 0.110 0.090 0.371 
191 z0053844    (7)    1 :  0.173 0.106 0.192 0.095 0.105 0.145 0.183 
192 z0053846    (2)    1 :  0.095 0.056 0.210 0.094 0.084 0.084 0.377 
193 z0053847    (0)    1 :  0.215 0.142 0.323 0.073 0.099 0.091 0.056 
194 z0053849    (1)    1 :  0.120 0.075 0.120 0.084 0.218 0.211 0.172 
195 z0055903    (1)    4 :  0.150 0.076 0.153 0.176 0.130 0.202 0.112 
196 z0055910   (34)    4 :  0.139 0.170 0.119 0.098 0.157 0.208 0.108 
197 z0055912    (7)    4 :  0.219 0.130 0.065 0.115 0.200 0.178 0.094 
198 z0055916   (15)    4 :  0.157 0.147 0.094 0.125 0.162 0.203 0.111 
199 z0055931    (2)    4 :  0.165 0.290 0.071 0.168 0.081 0.117 0.109 
200 z0055944    (3)    4 :  0.185 0.108 0.174 0.128 0.090 0.172 0.144 
201 z0055947    (9)    4 :  0.120 0.137 0.075 0.104 0.113 0.177 0.275 
202 z0055962    (6)    4 :  0.180 0.261 0.060 0.136 0.069 0.186 0.108 
203 z0055963   (21)    4 :  0.150 0.227 0.072 0.142 0.111 0.178 0.120 
204 z0055965   (25)    4 :  0.196 0.063 0.125 0.123 0.271 0.115 0.106 
205 z0055970   (15)    4 :  0.152 0.152 0.153 0.177 0.087 0.172 0.107 
206 z0055971    (7)    4 :  0.136 0.149 0.140 0.145 0.151 0.167 0.112 
207 z0055977    (6)    4 :  0.123 0.212 0.053 0.158 0.126 0.193 0.135 
208 z0055986   (19)    4 :  0.205 0.106 0.212 0.094 0.083 0.122 0.180 
209 z0055990    (6)    4 :  0.112 0.329 0.072 0.139 0.093 0.110 0.145 
210 z0055996    (2)    4 :  0.150 0.219 0.085 0.111 0.051 0.182 0.202 
211 z0055997    (3)    4 :  0.230 0.165 0.157 0.137 0.075 0.120 0.117 
212 z0055998    (4)    4 :  0.248 0.134 0.114 0.075 0.198 0.120 0.111 
213 z0055999    (2)    4 :  0.164 0.091 0.213 0.129 0.112 0.102 0.191 
214 z0056011    (7)    4 :  0.148 0.080 0.065 0.206 0.106 0.293 0.102 
215 z0056029    (4)    4 :  0.156 0.132 0.108 0.210 0.069 0.219 0.107 
216 z0056034    (0)    4 :  0.194 0.249 0.075 0.096 0.081 0.184 0.121 
217 z0056056   (25)    3 :  0.161 0.103 0.207 0.147 0.088 0.154 0.140 
218 z0056058    (5)    3 :  0.064 0.041 0.668 0.057 0.039 0.066 0.065 
219 z0056059    (8)    3 :  0.243 0.079 0.090 0.175 0.100 0.208 0.103 
220 z0056062    (1)    3 :  0.128 0.079 0.208 0.185 0.185 0.119 0.097 
221 z0056063    (4)    3 :  0.180 0.073 0.113 0.147 0.124 0.231 0.131 
222 z0056064    (0)    3 :  0.157 0.067 0.115 0.172 0.237 0.129 0.122 
223 z0056065    (0)    3 :  0.153 0.079 0.236 0.100 0.165 0.100 0.167 
224 z0056073    (0)    3 :  0.149 0.071 0.136 0.106 0.082 0.267 0.188 
225 z0056076    (4)    3 :  0.266 0.122 0.160 0.095 0.197 0.092 0.067 
226 z0056079    (9)    3 :  0.156 0.069 0.158 0.095 0.142 0.263 0.117 
227 z0056085    (0)    3 :  0.241 0.105 0.094 0.085 0.154 0.104 0.218 
228 z0056092    (1)    3 :  0.178 0.075 0.140 0.086 0.215 0.119 0.186 
229 z0056095    (1)    3 :  0.191 0.062 0.164 0.100 0.223 0.085 0.175 
230 z0056103    (7)    3 :  0.112 0.052 0.345 0.091 0.144 0.174 0.082 
231 z0056374    (7)    1 :  0.095 0.066 0.519 0.056 0.054 0.119 0.090 
232 z0056375    (0)    1 :  0.114 0.074 0.244 0.092 0.104 0.094 0.278 
233 z0056377    (0)    1 :  0.214 0.084 0.163 0.096 0.114 0.216 0.113 
234 z0056378    (0)    1 :  0.112 0.069 0.426 0.146 0.067 0.086 0.093 
235 z0056382    (0)    1 :  0.093 0.055 0.120 0.097 0.124 0.080 0.431 
236 z0056384    (3)    1 :  0.188 0.087 0.222 0.097 0.219 0.095 0.091 
237 z0056386    (7)    1 :  0.101 0.075 0.233 0.068 0.122 0.075 0.327 
238 z0056389    (0)    1 :  0.080 0.067 0.164 0.061 0.057 0.068 0.503 
239 z0056391    (1)    1 :  0.063 0.034 0.425 0.050 0.039 0.066 0.324 
240 z0056392   (11)    1 :  0.119 0.072 0.442 0.062 0.077 0.095 0.133 
241 z0056393    (8)    1 :  0.101 0.075 0.207 0.125 0.063 0.203 0.226 
242 z0056394    (0)    1 :  0.106 0.065 0.211 0.103 0.070 0.271 0.174 
243 z0056395    (1)    1 :  0.124 0.098 0.267 0.115 0.176 0.143 0.078 
244 z0056397    (0)    1 :  0.126 0.178 0.135 0.094 0.210 0.162 0.094 
245 z0061527    (2)    3 :  0.158 0.338 0.057 0.133 0.073 0.130 0.110 
246 z0061967    (1)    3 :  0.254 0.107 0.108 0.095 0.108 0.184 0.144 
247 z0061969    (0)    3 :  0.170 0.248 0.091 0.097 0.057 0.165 0.172 
248 z0061980    (1)    1 :  0.149 0.108 0.228 0.095 0.173 0.107 0.141 
249 z0066166    (3)    3 :  0.118 0.202 0.195 0.079 0.073 0.135 0.198 
250 z0066792    (2)    1 :  0.098 0.125 0.067 0.063 0.494 0.067 0.086 
251 z0066805    (1)    1 :  0.122 0.059 0.077 0.118 0.487 0.076 0.060 
252 z0068471    (2)    3 :  0.124 0.095 0.349 0.106 0.154 0.101 0.071 
253 z0075696    (6)    5 :  0.073 0.062 0.040 0.062 0.602 0.070 0.093 
254 z0101084    (7)    1 :  0.104 0.071 0.440 0.099 0.069 0.112 0.105 
255 z0107099    (2)    3 :  0.108 0.041 0.335 0.076 0.084 0.160 0.196 
256 z0107101    (0)    1 :  0.061 0.050 0.577 0.065 0.036 0.055 0.155 
257 z0108489    (0)    1 :  0.123 0.093 0.187 0.172 0.187 0.148 0.090 
258 z0108513    (0)    1 :  0.124 0.133 0.307 0.057 0.072 0.067 0.240 
259 z0108528    (0)    3 :  0.196 0.149 0.161 0.119 0.065 0.152 0.159 
260 z0113628    (1)    3 :  0.224 0.097 0.066 0.186 0.176 0.139 0.112 
261 z0133302   (16)    1 :  0.349 0.097 0.133 0.095 0.096 0.127 0.102 
262 z0173485    (1)    1 :  0.311 0.140 0.056 0.155 0.060 0.178 0.100 
263 z0175371    (1)    3 :  0.152 0.158 0.093 0.117 0.236 0.116 0.128 
264 z0175378    (0)    2 :  0.151 0.350 0.045 0.128 0.042 0.142 0.143 
265 z0175912    (0)    1 :  0.099 0.102 0.408 0.074 0.101 0.144 0.072 
266 z0175916    (1)    1 :  0.181 0.213 0.129 0.093 0.127 0.150 0.107 
267 z0175937    (1)    1 :  0.107 0.063 0.209 0.107 0.129 0.118 0.268 
268 z0178348   (12)    1 :  0.090 0.088 0.388 0.073 0.091 0.184 0.086 
269 z0187819    (7)    3 :  0.096 0.069 0.332 0.146 0.082 0.115 0.161 
270 z0187857    (1)    1 :  0.103 0.094 0.405 0.089 0.052 0.122 0.134 
271 z0187860    (0)    1 :  0.282 0.104 0.146 0.117 0.077 0.141 0.134 
272 z0187885    (0)    2 :  0.130 0.211 0.045 0.187 0.228 0.094 0.105 
273 z0187906    (9)    1 :  0.147 0.078 0.108 0.174 0.212 0.164 0.119 
274 z0195655    (0)    2 :  0.104 0.483 0.050 0.084 0.074 0.115 0.089 
275 z0195663    (0)    3 :  0.148 0.244 0.039 0.160 0.148 0.148 0.114 
276 z0195683    (1)    3 :  0.196 0.067 0.161 0.107 0.065 0.176 0.229 
277 z0195688    (0)    2 :  0.154 0.206 0.095 0.107 0.159 0.123 0.155 
278 z0195691    (0)    3 :  0.279 0.085 0.062 0.155 0.129 0.166 0.124 
279 z0195699    (0)    3 :  0.139 0.107 0.095 0.117 0.074 0.210 0.259 
280 z0195701    (7)    3 :  0.150 0.078 0.201 0.112 0.142 0.121 0.196 
281 z0195702    (0)    3 :  0.215 0.133 0.088 0.123 0.174 0.160 0.107 
282 z0195704    (0)    3 :  0.098 0.158 0.374 0.121 0.086 0.094 0.069 
283 z0195705    (0)    3 :  0.109 0.215 0.054 0.307 0.077 0.157 0.081 
284 z0195711    (0)    3 :  0.149 0.070 0.108 0.106 0.225 0.229 0.114 
285 z0195716    (0)    3 :  0.205 0.085 0.137 0.095 0.239 0.111 0.128 
286 z0195718   (12)    3 :  0.201 0.058 0.245 0.070 0.153 0.099 0.174 
287 z0195725    (5)    3 :  0.110 0.207 0.240 0.110 0.067 0.182 0.084 
288 z0195726   (16)    1 :  0.162 0.063 0.079 0.090 0.104 0.408 0.094 
289 z0195728   (14)    3 :  0.096 0.041 0.178 0.061 0.080 0.076 0.468 
290 z0195732   (16)    3 :  0.104 0.047 0.159 0.072 0.117 0.283 0.218 
291 z0195737    (0)    3 :  0.118 0.135 0.094 0.330 0.085 0.107 0.131 
292 z0195740   (26)    3 :  0.126 0.097 0.079 0.132 0.182 0.247 0.136 
293 z0195751    (1)    3 :  0.144 0.061 0.157 0.094 0.084 0.107 0.354 
294 z0195762    (1)    3 :  0.083 0.066 0.105 0.088 0.386 0.153 0.119 
295 z0195784    (0)    3 :  0.192 0.050 0.179 0.115 0.133 0.161 0.172 
296 z0196686    (0)    5 :  0.072 0.051 0.074 0.043 0.671 0.049 0.041 
297 z0196687    (0)    5 :  0.066 0.094 0.056 0.093 0.551 0.075 0.064 
298 z0196689    (0)    5 :  0.081 0.096 0.040 0.067 0.550 0.104 0.061 
299 z0196690    (2)    5 :  0.070 0.051 0.172 0.081 0.484 0.058 0.083 
300 z0196691    (7)    5 :  0.129 0.043 0.076 0.066 0.528 0.097 0.062 
301 z0196692    (1)    5 :  0.112 0.093 0.107 0.054 0.455 0.096 0.082 
302 z0196693    (1)    5 :  0.082 0.075 0.083 0.059 0.523 0.069 0.110 
303 z0196694    (1)    5 :  0.119 0.070 0.087 0.062 0.478 0.117 0.068 
304 z0196710    (0)    3 :  0.177 0.121 0.131 0.109 0.254 0.115 0.094 
305 z0196715   (22)    3 :  0.170 0.058 0.230 0.076 0.067 0.189 0.210 
306 z0196719    (0)    3 :  0.123 0.108 0.136 0.119 0.083 0.164 0.267 
307 z0196724   (20)    3 :  0.128 0.087 0.134 0.120 0.066 0.253 0.213 
308 z0196725    (0)    3 :  0.158 0.071 0.382 0.116 0.105 0.076 0.092 
309 z0196729    (1)    3 :  0.215 0.091 0.185 0.085 0.123 0.130 0.170 
310 z0196730    (3)    1 :  0.058 0.106 0.599 0.061 0.075 0.054 0.047 
311 z0196731    (0)    3 :  0.142 0.079 0.173 0.073 0.096 0.257 0.181 
312 z0196733   (13)    1 :  0.169 0.096 0.155 0.060 0.131 0.237 0.152 
313 z0196734    (1)    3 :  0.224 0.091 0.076 0.158 0.082 0.209 0.159 
314 z0196739   (17)    3 :  0.159 0.135 0.150 0.171 0.068 0.192 0.125 
315 z0196740   (11)    3 :  0.098 0.082 0.141 0.066 0.310 0.120 0.182 
316 z0196746    (1)    1 :  0.113 0.051 0.391 0.122 0.118 0.083 0.122 
317 z0196751    (0)    3 :  0.270 0.106 0.144 0.096 0.138 0.109 0.137 
318 z0196752    (0)    3 :  0.110 0.050 0.138 0.070 0.456 0.081 0.095 
319 z0196754    (0)    3 :  0.104 0.086 0.136 0.189 0.064 0.112 0.309 
320 z0196758    (1)    1 :  0.122 0.110 0.273 0.083 0.180 0.093 0.139 
321 z0196763    (1)    3 :  0.206 0.068 0.090 0.167 0.102 0.186 0.180 
322 z0196764    (0)    3 :  0.144 0.082 0.125 0.075 0.143 0.181 0.251 
323 z0196766    (0)    3 :  0.198 0.087 0.248 0.063 0.146 0.107 0.150 
324 z0196769    (1)    3 :  0.144 0.054 0.203 0.077 0.150 0.163 0.209 
325 z0196774    (0)    3 :  0.103 0.053 0.245 0.085 0.298 0.084 0.133 
326 z0196783    (0)    1 :  0.080 0.048 0.472 0.045 0.065 0.090 0.201 
327 z0196794    (2)    1 :  0.092 0.054 0.313 0.065 0.138 0.077 0.261 
328 z0196804   (14)    1 :  0.150 0.073 0.198 0.073 0.105 0.198 0.202 
329 z0196809    (0)    3 :  0.155 0.068 0.135 0.059 0.174 0.164 0.243 
330 z0196810    (1)    1 :  0.195 0.081 0.191 0.095 0.216 0.139 0.083 
331 z0196811    (0)    1 :  0.130 0.057 0.146 0.067 0.155 0.242 0.204 
332 z0196824    (0)    3 :  0.184 0.164 0.119 0.129 0.144 0.151 0.109 
333 z0196825    (0)    3 :  0.216 0.109 0.165 0.122 0.066 0.193 0.130 
334 z0196828    (1)    2 :  0.147 0.112 0.145 0.091 0.107 0.264 0.134 
335 z0196829    (0)    3 :  0.144 0.093 0.166 0.093 0.081 0.296 0.127 
336 z0196834   (26)    3 :  0.170 0.159 0.157 0.094 0.080 0.139 0.201 
337 z0196835    (0)    3 :  0.156 0.077 0.325 0.061 0.047 0.147 0.187 
338 z0196841   (20)    3 :  0.224 0.082 0.140 0.096 0.218 0.111 0.128 
339 z0196843   (25)    3 :  0.096 0.102 0.359 0.091 0.075 0.196 0.081 
340 z0196849    (0)    3 :  0.135 0.075 0.110 0.094 0.095 0.153 0.338 
341 z0196852    (0)    2 :  0.206 0.129 0.062 0.127 0.116 0.243 0.117 
342 z0196855    (0)    2 :  0.131 0.191 0.115 0.153 0.157 0.159 0.094 
343 z0196856    (0)    3 :  0.166 0.177 0.057 0.135 0.169 0.195 0.101 
344 z0196864    (1)    3 :  0.137 0.208 0.054 0.143 0.111 0.237 0.110 
345 z0196894    (0)    3 :  0.181 0.069 0.151 0.070 0.243 0.111 0.176 
346 z0197662    (2)    1 :  0.148 0.174 0.103 0.113 0.088 0.285 0.089 
347 z0197665    (2)    1 :  0.065 0.053 0.569 0.041 0.114 0.060 0.098 
348 z0197668   (20)    3 :  0.100 0.086 0.069 0.109 0.370 0.123 0.143 
349 z0197669    (0)    3 :  0.141 0.180 0.044 0.268 0.108 0.116 0.143 
350 z0197672    (1)    3 :  0.209 0.081 0.087 0.127 0.123 0.154 0.218 


Estimated Allele Frequencies in each cluster
First column gives estimated ancestral frequencies


Locus 1 : Mnov_gtseq_1 
2 alleles
0.0% missing data
   0   (0.414) 0.409 0.212 0.352 0.444 0.486 0.538 0.380 
   1   (0.586) 0.591 0.788 0.648 0.556 0.514 0.462 0.620 

Locus 2 : Mnov_gtseq_10 
2 alleles
0.3% missing data
   0   (0.843) 0.848 0.950 0.634 0.939 0.940 0.788 0.695 
   1   (0.157) 0.152 0.050 0.366 0.061 0.060 0.212 0.305 

Locus 3 : Mnov_gtseq_102 
2 alleles
0.9% missing data
   0   (0.549) 0.528 0.767 0.368 0.695 0.560 0.529 0.586 
   1   (0.451) 0.472 0.233 0.632 0.305 0.440 0.471 0.414 

Locus 4 : Mnov_gtseq_104 
2 alleles
0.3% missing data
   0   (0.870) 0.869 0.939 0.637 0.941 0.969 0.910 0.794 
   1   (0.130) 0.131 0.061 0.363 0.059 0.031 0.090 0.206 

Locus 5 : Mnov_gtseq_106 
2 alleles
14.9% missing data
   1   (0.762) 0.759 0.741 0.770 0.873 0.657 0.825 0.819 
   0   (0.238) 0.241 0.259 0.230 0.127 0.343 0.175 0.181 

Locus 6 : Mnov_gtseq_107 
2 alleles
37.4% missing data
   1   (0.251) 0.259 0.407 0.150 0.424 0.087 0.224 0.148 
   0   (0.749) 0.741 0.593 0.850 0.576 0.913 0.776 0.852 

Locus 7 : Mnov_gtseq_112 
2 alleles
0.9% missing data
   0   (0.615) 0.611 0.705 0.619 0.636 0.314 0.701 0.731 
   1   (0.385) 0.389 0.295 0.381 0.364 0.686 0.299 0.269 

Locus 8 : Mnov_gtseq_113 
2 alleles
2.0% missing data
   1   (0.712) 0.709 0.602 0.836 0.679 0.649 0.768 0.796 
   0   (0.288) 0.291 0.398 0.164 0.321 0.351 0.232 0.204 

Locus 9 : Mnov_gtseq_114 
3 alleles
4.3% missing data
   0   (0.521) 0.535 0.273 0.629 0.420 0.360 0.610 0.614 
   1   (0.451) 0.440 0.683 0.366 0.569 0.632 0.374 0.375 
   2   (0.028) 0.025 0.044 0.005 0.011 0.007 0.017 0.012 

Locus 10 : Mnov_gtseq_117 
2 alleles
26.9% missing data
   0   (0.674) 0.687 0.873 0.459 0.648 0.680 0.662 0.569 
   1   (0.326) 0.313 0.127 0.541 0.352 0.320 0.338 0.431 

Locus 11 : Mnov_gtseq_12 
2 alleles
0.3% missing data
   0   (0.423) 0.411 0.293 0.320 0.300 0.754 0.338 0.658 
   1   (0.577) 0.589 0.707 0.680 0.700 0.246 0.662 0.342 

Locus 12 : Mnov_gtseq_124 
4 alleles
5.1% missing data
   3   (0.731) 0.738 0.891 0.581 0.768 0.858 0.730 0.785 
   2   (0.215) 0.210 0.085 0.412 0.214 0.123 0.246 0.178 
   1   (0.030) 0.029 0.019 0.003 0.012 0.007 0.014 0.027 
   0   (0.024) 0.023 0.005 0.004 0.007 0.011 0.010 0.010 

Locus 13 : Mnov_gtseq_125 
3 alleles
1.7% missing data
   1   (0.236) 0.224 0.371 0.065 0.361 0.195 0.154 0.270 
   2   (0.646) 0.661 0.224 0.921 0.520 0.765 0.718 0.670 
   0   (0.117) 0.115 0.405 0.014 0.119 0.040 0.128 0.061 

Locus 14 : Mnov_gtseq_126 
2 alleles
0.0% missing data
   0   (0.341) 0.338 0.290 0.162 0.295 0.661 0.458 0.194 
   1   (0.659) 0.662 0.710 0.838 0.705 0.339 0.542 0.806 

Locus 15 : Mnov_gtseq_127 
2 alleles
6.9% missing data
   0   (0.616) 0.629 0.388 0.674 0.560 0.655 0.600 0.714 
   1   (0.384) 0.371 0.612 0.326 0.440 0.345 0.400 0.286 

Locus 16 : Mnov_gtseq_128 
2 alleles
30.9% missing data
   0   (0.663) 0.650 0.634 0.870 0.691 0.643 0.698 0.735 
   1   (0.337) 0.350 0.366 0.130 0.309 0.357 0.302 0.265 

Locus 17 : Mnov_gtseq_129 
3 alleles
2.0% missing data
   0   (0.545) 0.554 0.462 0.493 0.768 0.221 0.649 0.463 
   1   (0.314) 0.316 0.429 0.379 0.162 0.190 0.247 0.415 
   2   (0.141) 0.130 0.109 0.128 0.069 0.590 0.104 0.122 

Locus 18 : Mnov_gtseq_13 
3 alleles
0.0% missing data
   1   (0.411) 0.409 0.424 0.517 0.280 0.151 0.556 0.559 
   2   (0.167) 0.169 0.090 0.063 0.200 0.389 0.151 0.084 
   0   (0.422) 0.422 0.487 0.420 0.520 0.460 0.293 0.357 

Locus 19 : Mnov_gtseq_130 
2 alleles
28.6% missing data
   1   (0.495) 0.494 0.578 0.426 0.371 0.654 0.545 0.476 
   0   (0.505) 0.506 0.422 0.574 0.629 0.346 0.455 0.524 

Locus 20 : Mnov_gtseq_135 
2 alleles
0.6% missing data
   0   (0.490) 0.502 0.571 0.324 0.479 0.373 0.457 0.503 
   1   (0.510) 0.498 0.429 0.676 0.521 0.627 0.543 0.497 

Locus 21 : Mnov_gtseq_138 
3 alleles
0.6% missing data
   0   (0.253) 0.256 0.173 0.384 0.456 0.115 0.195 0.219 
   1   (0.521) 0.515 0.735 0.440 0.425 0.663 0.470 0.563 
   2   (0.226) 0.229 0.092 0.176 0.119 0.222 0.335 0.217 

Locus 22 : Mnov_gtseq_140 
2 alleles
1.1% missing data
   0   (0.494) 0.509 0.523 0.189 0.664 0.227 0.500 0.583 
   1   (0.506) 0.491 0.477 0.811 0.336 0.773 0.500 0.417 

Locus 23 : Mnov_gtseq_141 
2 alleles
0.3% missing data
   0   (0.559) 0.565 0.506 0.833 0.587 0.435 0.522 0.466 
   1   (0.441) 0.435 0.494 0.167 0.413 0.565 0.478 0.534 

Locus 24 : Mnov_gtseq_143 
2 alleles
2.6% missing data
   1   (0.557) 0.566 0.560 0.762 0.472 0.318 0.537 0.597 
   0   (0.443) 0.434 0.440 0.238 0.528 0.682 0.463 0.403 

Locus 25 : Mnov_gtseq_145 
2 alleles
2.0% missing data
   0   (0.481) 0.499 0.566 0.647 0.351 0.328 0.378 0.469 
   1   (0.519) 0.501 0.434 0.353 0.649 0.672 0.622 0.531 

Locus 26 : Mnov_gtseq_147 
3 alleles
25.4% missing data
   0   (0.746) 0.751 0.464 0.868 0.719 0.803 0.831 0.815 
   2   (0.147) 0.150 0.075 0.116 0.112 0.128 0.093 0.122 
   1   (0.107) 0.098 0.461 0.016 0.169 0.070 0.076 0.062 

Locus 27 : Mnov_gtseq_148 
3 alleles
9.1% missing data
   0   (0.306) 0.325 0.153 0.150 0.142 0.573 0.335 0.265 
   1   (0.436) 0.416 0.488 0.504 0.749 0.313 0.470 0.327 
   2   (0.258) 0.259 0.358 0.346 0.109 0.115 0.195 0.409 

Locus 28 : Mnov_gtseq_149 
2 alleles
0.3% missing data
   0   (0.601) 0.607 0.493 0.670 0.697 0.546 0.661 0.538 
   1   (0.399) 0.393 0.507 0.330 0.303 0.454 0.339 0.462 

Locus 29 : Mnov_gtseq_15 
2 alleles
0.0% missing data
   0   (0.473) 0.472 0.352 0.355 0.559 0.484 0.364 0.674 
   1   (0.527) 0.528 0.648 0.645 0.441 0.516 0.636 0.326 

Locus 30 : Mnov_gtseq_152 
2 alleles
0.9% missing data
   0   (0.362) 0.379 0.305 0.260 0.564 0.214 0.272 0.322 
   1   (0.638) 0.621 0.695 0.740 0.436 0.786 0.728 0.678 

Locus 31 : Mnov_gtseq_154 
3 alleles
3.4% missing data
   0   (0.327) 0.322 0.151 0.579 0.220 0.365 0.347 0.367 
   2   (0.229) 0.241 0.353 0.090 0.131 0.258 0.209 0.189 
   1   (0.444) 0.437 0.497 0.331 0.649 0.377 0.444 0.444 

Locus 32 : Mnov_gtseq_157 
2 alleles
0.6% missing data
   1   (0.564) 0.564 0.635 0.497 0.668 0.460 0.571 0.557 
   0   (0.436) 0.436 0.365 0.503 0.332 0.540 0.429 0.443 

Locus 33 : Mnov_gtseq_158 
2 alleles
0.6% missing data
   0   (0.378) 0.386 0.107 0.810 0.142 0.439 0.347 0.527 
   1   (0.622) 0.614 0.893 0.190 0.858 0.561 0.653 0.473 

Locus 34 : Mnov_gtseq_159 
3 alleles
24.0% missing data
   0   (0.571) 0.572 0.385 0.703 0.504 0.584 0.678 0.656 
   1   (0.217) 0.212 0.407 0.223 0.317 0.157 0.141 0.126 
   2   (0.212) 0.216 0.208 0.074 0.179 0.260 0.181 0.218 

Locus 35 : Mnov_gtseq_16 
2 alleles
0.0% missing data
   0   (0.625) 0.622 0.524 0.570 0.698 0.715 0.581 0.755 
   1   (0.375) 0.378 0.476 0.430 0.302 0.285 0.419 0.245 

Locus 36 : Mnov_gtseq_160 
2 alleles
2.3% missing data
   0   (0.470) 0.461 0.365 0.603 0.456 0.442 0.542 0.497 
   1   (0.530) 0.539 0.635 0.397 0.544 0.558 0.458 0.503 

Locus 37 : Mnov_gtseq_161 
2 alleles
1.7% missing data
   1   (0.759) 0.757 0.831 0.752 0.795 0.727 0.780 0.810 
   0   (0.241) 0.243 0.169 0.248 0.205 0.273 0.220 0.190 

Locus 38 : Mnov_gtseq_167 
3 alleles
1.1% missing data
   2   (0.737) 0.729 0.776 0.503 0.851 0.886 0.733 0.838 
   0   (0.186) 0.198 0.168 0.486 0.079 0.096 0.163 0.115 
   1   (0.076) 0.074 0.056 0.011 0.070 0.018 0.104 0.047 

Locus 39 : Mnov_gtseq_17 
2 alleles
0.3% missing data
   0   (0.525) 0.532 0.334 0.565 0.666 0.592 0.462 0.503 
   1   (0.475) 0.468 0.666 0.435 0.334 0.408 0.538 0.497 

Locus 40 : Mnov_gtseq_170 
2 alleles
0.0% missing data
   0   (0.340) 0.355 0.229 0.188 0.235 0.301 0.372 0.319 
   1   (0.660) 0.645 0.771 0.812 0.765 0.699 0.628 0.681 

Locus 41 : Mnov_gtseq_171 
3 alleles
41.4% missing data
   2   (0.584) 0.581 0.663 0.604 0.548 0.734 0.614 0.572 
   0   (0.318) 0.318 0.194 0.331 0.386 0.196 0.319 0.383 
   1   (0.098) 0.100 0.142 0.065 0.066 0.070 0.067 0.045 

Locus 42 : Mnov_gtseq_173 
4 alleles
21.4% missing data
   3   (0.431) 0.421 0.583 0.125 0.519 0.709 0.478 0.298 
   1   (0.493) 0.509 0.268 0.865 0.384 0.256 0.485 0.669 
   2   (0.063) 0.060 0.148 0.009 0.095 0.034 0.034 0.030 
   0   (0.013) 0.010 0.002 0.001 0.002 0.002 0.004 0.003 

Locus 43 : Mnov_gtseq_174 
2 alleles
2.6% missing data
   0   (0.264) 0.255 0.584 0.367 0.242 0.289 0.179 0.171 
   1   (0.736) 0.745 0.416 0.633 0.758 0.711 0.821 0.829 

Locus 44 : Mnov_gtseq_180 
3 alleles
14.3% missing data
   1   (0.654) 0.643 0.907 0.556 0.706 0.261 0.750 0.736 
   2   (0.259) 0.265 0.077 0.322 0.270 0.693 0.189 0.174 
   0   (0.087) 0.093 0.016 0.122 0.024 0.047 0.061 0.090 

Locus 45 : Mnov_gtseq_182 
2 alleles
8.6% missing data
   0   (0.840) 0.851 0.868 0.670 0.822 0.954 0.914 0.715 
   1   (0.160) 0.149 0.132 0.330 0.178 0.046 0.086 0.285 

Locus 46 : Mnov_gtseq_186 
3 alleles
28.0% missing data
   1   (0.468) 0.463 0.460 0.505 0.576 0.435 0.409 0.527 
   2   (0.093) 0.100 0.027 0.073 0.037 0.110 0.070 0.054 
   0   (0.439) 0.437 0.514 0.422 0.386 0.454 0.521 0.419 

Locus 47 : Mnov_gtseq_187 
2 alleles
7.1% missing data
   1   (0.598) 0.601 0.795 0.419 0.555 0.586 0.525 0.707 
   0   (0.402) 0.399 0.205 0.581 0.445 0.414 0.475 0.293 

Locus 48 : Mnov_gtseq_188 
2 alleles
13.4% missing data
   0   (0.546) 0.541 0.693 0.447 0.606 0.838 0.382 0.504 
   1   (0.454) 0.459 0.307 0.553 0.394 0.162 0.618 0.496 

Locus 49 : Mnov_gtseq_189 
2 alleles
3.7% missing data
   0   (0.456) 0.466 0.452 0.658 0.455 0.167 0.499 0.463 
   1   (0.544) 0.534 0.548 0.342 0.545 0.833 0.501 0.537 

Locus 50 : Mnov_gtseq_19 
3 alleles
0.0% missing data
   1   (0.867) 0.880 0.701 0.887 0.817 0.804 0.923 0.933 
   2   (0.075) 0.070 0.024 0.106 0.153 0.020 0.045 0.041 
   0   (0.058) 0.050 0.275 0.007 0.031 0.176 0.032 0.026 

Locus 51 : Mnov_gtseq_190 
2 alleles
0.0% missing data
   1   (0.444) 0.453 0.295 0.345 0.379 0.356 0.593 0.395 
   0   (0.556) 0.547 0.705 0.655 0.621 0.644 0.407 0.605 

Locus 52 : Mnov_gtseq_192 
2 alleles
20.9% missing data
   0   (0.833) 0.848 0.782 0.871 0.905 0.895 0.807 0.728 
   1   (0.167) 0.152 0.218 0.129 0.095 0.105 0.193 0.272 

Locus 53 : Mnov_gtseq_193 
2 alleles
0.0% missing data
   0   (0.734) 0.744 0.756 0.664 0.829 0.506 0.770 0.808 
   1   (0.266) 0.256 0.244 0.336 0.171 0.494 0.230 0.192 

Locus 54 : Mnov_gtseq_195 
3 alleles
0.0% missing data
   1   (0.548) 0.542 0.488 0.381 0.661 0.756 0.501 0.540 
   2   (0.427) 0.430 0.508 0.615 0.331 0.234 0.486 0.452 
   0   (0.026) 0.028 0.004 0.003 0.009 0.010 0.013 0.008 

Locus 55 : Mnov_gtseq_196 
2 alleles
0.3% missing data
   0   (0.278) 0.268 0.151 0.466 0.113 0.580 0.246 0.340 
   1   (0.722) 0.732 0.849 0.534 0.887 0.420 0.754 0.660 

Locus 56 : Mnov_gtseq_197 
3 alleles
0.3% missing data
   1   (0.359) 0.353 0.308 0.589 0.350 0.366 0.299 0.333 
   0   (0.464) 0.462 0.618 0.347 0.503 0.184 0.547 0.562 
   2   (0.177) 0.185 0.075 0.064 0.147 0.450 0.154 0.105 

Locus 57 : Mnov_gtseq_2 
3 alleles
0.3% missing data
   0   (0.203) 0.202 0.206 0.047 0.249 0.104 0.347 0.123 
   2   (0.758) 0.762 0.786 0.948 0.740 0.740 0.636 0.864 
   1   (0.038) 0.036 0.008 0.005 0.011 0.156 0.017 0.013 

Locus 58 : Mnov_gtseq_200 
2 alleles
2.3% missing data
   0   (0.455) 0.465 0.680 0.309 0.579 0.238 0.414 0.357 
   1   (0.545) 0.535 0.320 0.691 0.421 0.762 0.586 0.643 

Locus 59 : Mnov_gtseq_201 
4 alleles
0.0% missing data
   0   (0.594) 0.605 0.558 0.344 0.729 0.807 0.644 0.467 
   2   (0.156) 0.152 0.229 0.083 0.147 0.051 0.152 0.187 
   3   (0.160) 0.156 0.184 0.049 0.097 0.076 0.138 0.286 
   1   (0.090) 0.087 0.028 0.524 0.027 0.066 0.066 0.061 

Locus 60 : Mnov_gtseq_202 
2 alleles
0.0% missing data
   0   (0.429) 0.423 0.641 0.438 0.341 0.237 0.504 0.450 
   1   (0.571) 0.577 0.359 0.562 0.659 0.763 0.496 0.550 

Locus 61 : Mnov_gtseq_204 
2 alleles
3.4% missing data
   0   (0.419) 0.406 0.659 0.572 0.385 0.498 0.285 0.422 
   1   (0.581) 0.594 0.341 0.428 0.615 0.502 0.715 0.578 

Locus 62 : Mnov_gtseq_205 
5 alleles
0.0% missing data
   0   (0.201) 0.190 0.259 0.106 0.164 0.197 0.140 0.436 
   4   (0.043) 0.040 0.173 0.005 0.027 0.011 0.035 0.021 
   3   (0.679) 0.698 0.481 0.866 0.774 0.743 0.781 0.511 
   1   (0.061) 0.059 0.085 0.018 0.032 0.047 0.036 0.027 
   2   (0.015) 0.013 0.003 0.004 0.003 0.002 0.007 0.006 

Locus 63 : Mnov_gtseq_208 
2 alleles
0.0% missing data
