

----------------------------------------------------
STRUCTURE by Pritchard, Stephens and Donnelly (2000)
     and Falush, Stephens and Pritchard (2003)
       Code by Pritchard, Falush and Hubisz
             Version 2.3.4 (Jul 2012)
----------------------------------------------------



Command line arguments:   structure -m wint.area.structureRun/wint.area.structureRun.k3.r1_mainparams -e wint.area.structureRun/wint.area.structureRun.k3.r1_extraparams -i wint.area.structureRun/wint.area.structureRun.k3.r1_data -o wint.area.structureRun/wint.area.structureRun.k3.r1_out 
Input File:    wint.area.structureRun/wint.area.structureRun.k3.r1_data

Run parameters:
   357 individuals
   328 loci
   3 populations assumed
   1000 Burn-in period
   10000 Reps


--------------------------------------------
Proportion of membership of each pre-defined
 population in each of the 3 clusters

Given    Inferred Clusters       Number of
 Pop       1      2      3      Individuals

  1:     0.518  0.311  0.171       80
  2:     0.188  0.257  0.555      126
  3:     0.394  0.360  0.245      115
  4:     0.259  0.367  0.374       27
  5:     0.116  0.771  0.113        9
--------------------------------------------

Allele-freq. divergence among pops (Net nucleotide distance),
computed using point estimates of P.

      1       2       3      
 1      -    0.0130  0.0281  
 2   0.0130     -    0.0189  
 3   0.0281  0.0189     -    

Average distances (expected heterozygosity) between individuals in same cluster:
cluster  1  : 0.4173 
cluster  2  : 0.4153 
cluster  3  : 0.4065 

--------------------------------------------
Estimated Ln Prob of Data   = -134300.1
Mean value of ln likelihood = -133792.0
Variance of ln likelihood   = 1016.3
Mean value of alpha         = 1.0000

Mean value of Fst_1         = 0.0655
Mean value of Fst_2         = 0.0335
Mean value of Fst_3         = 0.0939


Inferred ancestry of individuals:
        Label (%Miss) Pop:  Inferred clusters
  1   207778    (2)    2 :  0.202 0.256 0.542 
  2 z0005757    (7)    3 :  0.247 0.457 0.296 
  3 z0005758    (0)    3 :  0.574 0.317 0.109 
  4 z0011944    (0)    1 :  0.070 0.780 0.150 
  5 z0012702   (10)    4 :  0.064 0.159 0.777 
  6 z0016577    (2)    3 :  0.279 0.347 0.374 
  7 z0016578   (21)    1 :  0.478 0.426 0.095 
  8 z0016579    (1)    3 :  0.266 0.520 0.214 
  9 z0018264    (0)    1 :  0.083 0.674 0.243 
 10 z0029828    (2)    3 :  0.593 0.159 0.248 
 11 z0029829   (14)    1 :  0.671 0.156 0.173 
 12 z0029846   (14)    1 :  0.307 0.525 0.168 
 13 z0029860    (1)    3 :  0.707 0.158 0.136 
 14 z0029863    (2)    1 :  0.165 0.688 0.148 
 15 z0029864    (8)    1 :  0.418 0.418 0.164 
 16 z0029865   (13)    3 :  0.488 0.399 0.113 
 17 z0037607    (2)    3 :  0.244 0.474 0.281 
 18 z0037609   (25)    3 :  0.285 0.552 0.163 
 19 z0037624   (21)    1 :  0.483 0.266 0.250 
 20 z0038417    (8)    2 :  0.090 0.177 0.733 
 21 z0040275    (9)    2 :  0.113 0.289 0.598 
 22 z0040287    (3)    2 :  0.197 0.400 0.403 
 23 z0040308    (1)    2 :  0.143 0.182 0.675 
 24 z0040333    (1)    2 :  0.241 0.181 0.578 
 25 z0040334    (1)    2 :  0.064 0.098 0.838 
 26 z0040337    (6)    2 :  0.254 0.313 0.433 
 27 z0040345    (1)    2 :  0.057 0.239 0.704 
 28 z0040357    (5)    2 :  0.138 0.232 0.630 
 29 z0040363   (20)    2 :  0.252 0.155 0.594 
 30 z0040364    (0)    2 :  0.116 0.140 0.744 
 31 z0040387    (1)    2 :  0.179 0.166 0.655 
 32 z0040403   (15)    2 :  0.179 0.275 0.546 
 33 z0040413   (43)    2 :  0.124 0.303 0.573 
 34 z0040439    (0)    2 :  0.058 0.098 0.843 
 35 z0040465   (20)    2 :  0.255 0.336 0.409 
 36 z0040513   (17)    3 :  0.387 0.235 0.379 
 37 z0040961   (12)    2 :  0.112 0.378 0.509 
 38 z0040985   (16)    2 :  0.113 0.475 0.411 
 39 z0041026    (0)    2 :  0.192 0.105 0.703 
 40 z0041051   (28)    2 :  0.094 0.423 0.484 
 41 z0041115    (7)    2 :  0.202 0.151 0.647 
 42 z0041153   (23)    2 :  0.148 0.486 0.366 
 43 z0041233    (4)    2 :  0.254 0.292 0.454 
 44 z0041243    (1)    2 :  0.189 0.357 0.454 
 45 z0041248    (6)    2 :  0.197 0.145 0.658 
 46 z0041250    (1)    2 :  0.092 0.220 0.688 
 47 z0041274    (2)    2 :  0.133 0.378 0.489 
 48 z0041465   (15)    2 :  0.286 0.103 0.610 
 49 z0041472    (2)    2 :  0.263 0.109 0.628 
 50 z0041480   (10)    2 :  0.344 0.221 0.435 
 51 z0041483    (0)    2 :  0.117 0.153 0.729 
 52 z0041494   (12)    2 :  0.132 0.234 0.634 
 53 z0041498    (1)    2 :  0.269 0.163 0.568 
 54 z0041501    (1)    2 :  0.060 0.144 0.796 
 55 z0041507    (7)    2 :  0.163 0.166 0.671 
 56 z0041512    (0)    2 :  0.127 0.092 0.781 
 57 z0041522   (17)    2 :  0.258 0.161 0.580 
 58 z0041526    (1)    3 :  0.208 0.174 0.619 
 59 z0041527   (16)    2 :  0.175 0.217 0.607 
 60 z0043243    (2)    2 :  0.377 0.461 0.161 
 61 z0043278    (2)    2 :  0.096 0.122 0.782 
 62 z0043475   (17)    3 :  0.292 0.293 0.415 
 63 z0043477    (0)    2 :  0.206 0.311 0.484 
 64 z0043478    (2)    2 :  0.094 0.059 0.846 
 65 z0043481    (0)    2 :  0.193 0.146 0.662 
 66 z0043489    (7)    2 :  0.065 0.184 0.751 
 67 z0043491   (13)    2 :  0.165 0.319 0.516 
 68 z0043493    (3)    2 :  0.085 0.502 0.413 
 69 z0043494    (2)    2 :  0.160 0.419 0.422 
 70 z0043498    (2)    2 :  0.166 0.085 0.749 
 71 z0043504    (7)    2 :  0.159 0.404 0.437 
 72 z0043526    (3)    4 :  0.163 0.425 0.412 
 73 z0043566    (3)    2 :  0.175 0.231 0.593 
 74 z0043572    (0)    2 :  0.236 0.124 0.641 
 75 z0043599    (5)    2 :  0.215 0.300 0.485 
 76 z0043642    (1)    2 :  0.324 0.281 0.395 
 77 z0043649    (1)    2 :  0.087 0.183 0.730 
 78 z0043652    (1)    2 :  0.176 0.486 0.338 
 79 z0043668    (1)    2 :  0.350 0.256 0.395 
 80 z0043674    (1)    4 :  0.489 0.436 0.075 
 81 z0043686    (1)    2 :  0.258 0.304 0.438 
 82 z0043693    (1)    2 :  0.260 0.264 0.476 
 83 z0043704   (15)    2 :  0.098 0.136 0.766 
 84 z0043807    (1)    2 :  0.241 0.194 0.565 
 85 z0043819    (1)    2 :  0.233 0.513 0.254 
 86 z0043876    (7)    2 :  0.452 0.200 0.348 
 87 z0043877   (33)    2 :  0.281 0.262 0.456 
 88 z0043891   (21)    4 :  0.386 0.321 0.293 
 89 z0043915   (33)    2 :  0.231 0.416 0.353 
 90 z0043940   (10)    2 :  0.176 0.692 0.132 
 91 z0043954    (2)    2 :  0.197 0.442 0.361 
 92 z0043966    (5)    2 :  0.172 0.108 0.720 
 93 z0043980    (0)    2 :  0.333 0.189 0.478 
 94 z0043994    (1)    3 :  0.101 0.122 0.777 
 95 z0044017   (12)    2 :  0.121 0.432 0.447 
 96 z0044019   (14)    2 :  0.225 0.223 0.551 
 97 z0044023   (36)    2 :  0.154 0.069 0.777 
 98 z0044033    (0)    2 :  0.072 0.049 0.879 
 99 z0044042    (3)    2 :  0.138 0.092 0.770 
100 z0044047   (25)    2 :  0.103 0.260 0.637 
101 z0044064   (13)    2 :  0.096 0.388 0.516 
102 z0044432   (14)    2 :  0.290 0.291 0.418 
103 z0045326    (0)    3 :  0.543 0.237 0.221 
104 z0045331    (5)    1 :  0.534 0.253 0.213 
105 z0045332    (2)    1 :  0.299 0.454 0.247 
106 z0045333    (6)    1 :  0.612 0.235 0.152 
107 z0045337    (5)    1 :  0.700 0.117 0.183 
108 z0045342   (13)    1 :  0.569 0.189 0.242 
109 z0045347    (1)    3 :  0.244 0.562 0.194 
110 z0045350    (0)    1 :  0.250 0.582 0.168 
111 z0045370    (1)    1 :  0.810 0.142 0.048 
112 z0045371    (1)    3 :  0.288 0.454 0.258 
113 z0045398    (1)    3 :  0.553 0.359 0.088 
114 z0045399    (1)    3 :  0.320 0.592 0.088 
115 z0045401   (26)    1 :  0.286 0.494 0.221 
116 z0045404    (0)    3 :  0.677 0.233 0.090 
117 z0045405    (5)    3 :  0.279 0.629 0.092 
118 z0045407    (2)    3 :  0.265 0.594 0.141 
119 z0045719    (0)    2 :  0.130 0.159 0.711 
120 z0045720    (1)    2 :  0.201 0.359 0.440 
121 z0045728    (1)    2 :  0.213 0.113 0.675 
122 z0045731    (1)    2 :  0.137 0.425 0.438 
123 z0045733    (0)    2 :  0.300 0.267 0.433 
124 z0045736    (1)    2 :  0.147 0.546 0.307 
125 z0045739    (1)    2 :  0.321 0.428 0.252 
126 z0045740    (1)    2 :  0.081 0.205 0.714 
127 z0045741    (0)    2 :  0.091 0.231 0.678 
128 z0045742    (0)    2 :  0.222 0.179 0.600 
129 z0045776    (1)    3 :  0.140 0.418 0.442 
130 z0045779    (0)    2 :  0.141 0.073 0.786 
131 z0045781    (0)    2 :  0.155 0.228 0.617 
132 z0045788    (5)    2 :  0.071 0.153 0.777 
133 z0045789    (2)    2 :  0.111 0.132 0.758 
134 z0045791    (5)    2 :  0.145 0.224 0.630 
135 z0045792   (23)    1 :  0.433 0.227 0.341 
136 z0045793    (0)    3 :  0.675 0.067 0.258 
137 z0047562   (15)    2 :  0.158 0.210 0.632 
138 z0047854    (1)    2 :  0.155 0.326 0.519 
139 z0051185    (1)    1 :  0.547 0.354 0.098 
140 z0051324    (6)    1 :  0.702 0.166 0.132 
141 z0051326    (0)    1 :  0.725 0.159 0.116 
142 z0051327    (4)    3 :  0.290 0.300 0.410 
143 z0051328    (3)    1 :  0.659 0.126 0.214 
144 z0051380    (0)    1 :  0.692 0.247 0.061 
145 z0051400    (0)    3 :  0.467 0.254 0.279 
146 z0051431   (23)    3 :  0.244 0.291 0.464 
147 z0051840   (34)    2 :  0.195 0.194 0.611 
148 z0051844   (27)    2 :  0.099 0.390 0.510 
149 z0051875   (29)    3 :  0.563 0.234 0.203 
150 z0051885    (8)    3 :  0.197 0.197 0.606 
151 z0051888    (1)    2 :  0.367 0.097 0.536 
152 z0051891    (1)    1 :  0.272 0.459 0.269 
153 z0051893    (4)    1 :  0.687 0.140 0.172 
154 z0051895    (0)    3 :  0.696 0.131 0.173 
155 z0051918    (1)    3 :  0.108 0.425 0.467 
156 z0051929    (1)    1 :  0.703 0.140 0.157 
157 z0051939   (12)    3 :  0.301 0.254 0.445 
158 z0051947    (3)    1 :  0.767 0.092 0.141 
159 z0051959    (2)    3 :  0.289 0.410 0.301 
160 z0052846    (0)    4 :  0.265 0.337 0.397 
161 z0052882    (1)    2 :  0.330 0.253 0.418 
162 z0053020   (22)    2 :  0.087 0.441 0.472 
163 z0053024   (13)    2 :  0.305 0.351 0.344 
164 z0053025    (5)    2 :  0.076 0.110 0.814 
165 z0053031    (0)    2 :  0.229 0.406 0.365 
166 z0053032    (1)    2 :  0.180 0.334 0.486 
167 z0053040    (5)    2 :  0.210 0.314 0.475 
168 z0053051    (1)    3 :  0.254 0.617 0.129 
169 z0053054    (6)    3 :  0.499 0.350 0.151 
170 z0053071    (3)    2 :  0.182 0.117 0.701 
171 z0053073    (2)    2 :  0.257 0.527 0.216 
172 z0053078    (1)    3 :  0.057 0.516 0.427 
173 z0053082    (2)    3 :  0.252 0.134 0.614 
174 z0053083   (12)    2 :  0.233 0.264 0.504 
175 z0053090   (11)    3 :  0.106 0.344 0.550 
176 z0053096    (0)    2 :  0.073 0.180 0.747 
177 z0053100    (8)    2 :  0.143 0.234 0.623 
178 z0053101    (0)    2 :  0.127 0.313 0.559 
179 z0053102    (9)    2 :  0.187 0.168 0.645 
180 z0053103    (1)    2 :  0.090 0.067 0.843 
181 z0053111    (2)    3 :  0.373 0.422 0.205 
182 z0053131    (0)    2 :  0.349 0.185 0.466 
183 z0053132    (0)    2 :  0.064 0.491 0.445 
184 z0053133    (1)    2 :  0.285 0.507 0.208 
185 z0053138    (0)    2 :  0.435 0.191 0.374 
186 z0053142    (3)    2 :  0.235 0.163 0.602 
187 z0053149    (1)    2 :  0.136 0.252 0.612 
188 z0053754    (1)    1 :  0.488 0.335 0.177 
189 z0053756    (2)    1 :  0.442 0.397 0.161 
190 z0053758   (17)    1 :  0.658 0.251 0.091 
191 z0053759    (1)    1 :  0.614 0.261 0.125 
192 z0053760    (0)    1 :  0.349 0.486 0.165 
193 z0053842    (2)    1 :  0.272 0.511 0.216 
194 z0053843    (6)    1 :  0.760 0.111 0.129 
195 z0053844    (9)    1 :  0.575 0.218 0.207 
196 z0053846    (3)    1 :  0.856 0.071 0.073 
197 z0053847    (1)    1 :  0.687 0.090 0.223 
198 z0053849    (1)    1 :  0.235 0.598 0.167 
199 z0055903    (1)    4 :  0.190 0.580 0.230 
200 z0055910   (35)    4 :  0.248 0.344 0.408 
201 z0055912    (7)    4 :  0.118 0.519 0.363 
202 z0055916   (17)    4 :  0.246 0.548 0.206 
203 z0055931    (4)    4 :  0.126 0.123 0.751 
204 z0055944    (4)    4 :  0.232 0.431 0.337 
205 z0055947   (10)    4 :  0.225 0.503 0.272 
206 z0055962    (6)    4 :  0.252 0.314 0.434 
207 z0055963   (21)    4 :  0.287 0.290 0.423 
208 z0055965   (26)    4 :  0.228 0.680 0.092 
209 z0055970   (16)    4 :  0.278 0.280 0.443 
210 z0055971    (8)    4 :  0.379 0.310 0.311 
211 z0055977    (6)    4 :  0.184 0.230 0.586 
212 z0055986   (21)    4 :  0.447 0.292 0.261 
213 z0055990    (7)    4 :  0.158 0.228 0.614 
214 z0055996    (3)    4 :  0.438 0.183 0.379 
215 z0055997    (4)    4 :  0.332 0.144 0.523 
216 z0055998    (5)    4 :  0.179 0.636 0.185 
217 z0055999    (3)    4 :  0.486 0.334 0.180 
218 z0056011    (9)    4 :  0.201 0.575 0.224 
219 z0056029    (5)    4 :  0.284 0.375 0.341 
220 z0056034    (2)    4 :  0.115 0.310 0.575 
221 z0056056   (26)    3 :  0.341 0.377 0.282 
222 z0056058    (5)    3 :  0.685 0.244 0.070 
223 z0056059    (8)    3 :  0.225 0.586 0.189 
224 z0056062    (1)    3 :  0.230 0.418 0.352 
225 z0056063    (4)    3 :  0.427 0.383 0.190 
226 z0056064    (0)    3 :  0.349 0.467 0.185 
227 z0056065    (0)    3 :  0.560 0.303 0.137 
228 z0056069    (1)    3 :  0.144 0.409 0.447 
229 z0056073    (0)    3 :  0.569 0.326 0.105 
230 z0056076    (5)    3 :  0.533 0.139 0.328 
231 z0056079   (10)    3 :  0.391 0.522 0.087 
232 z0056085    (1)    3 :  0.603 0.245 0.152 
233 z0056092    (1)    3 :  0.364 0.493 0.144 
234 z0056095    (1)    3 :  0.397 0.432 0.171 
235 z0056103    (8)    3 :  0.410 0.507 0.082 
236 z0056374    (8)    1 :  0.529 0.389 0.083 
237 z0056375    (0)    1 :  0.639 0.250 0.111 
238 z0056377    (0)    1 :  0.356 0.516 0.128 
239 z0056378    (2)    1 :  0.647 0.117 0.236 
240 z0056382    (1)    1 :  0.807 0.105 0.088 
241 z0056384    (3)    1 :  0.439 0.360 0.201 
242 z0056386    (8)    1 :  0.760 0.157 0.083 
243 z0056389    (1)    1 :  0.785 0.147 0.068 
244 z0056391    (2)    1 :  0.927 0.045 0.027 
245 z0056392   (12)    1 :  0.763 0.117 0.120 
246 z0056393    (9)    1 :  0.379 0.385 0.236 
247 z0056394    (1)    1 :  0.591 0.259 0.150 
248 z0056395    (2)    1 :  0.370 0.416 0.214 
249 z0056397    (1)    1 :  0.275 0.383 0.341 
250 z0061527    (3)    3 :  0.220 0.227 0.553 
251 z0061967    (1)    3 :  0.404 0.282 0.314 
252 z0061969    (1)    3 :  0.343 0.176 0.481 
253 z0061980    (1)    1 :  0.549 0.170 0.281 
254 z0066166    (3)    3 :  0.451 0.390 0.159 
255 z0066792    (2)    1 :  0.179 0.696 0.126 
256 z0066805    (2)    1 :  0.100 0.769 0.131 
257 z0068471    (3)    3 :  0.438 0.393 0.169 
258 z0075696    (7)    5 :  0.061 0.821 0.118 
259 z0101084    (8)    1 :  0.743 0.096 0.160 
260 z0107099    (3)    3 :  0.762 0.190 0.048 
261 z0107101    (0)    1 :  0.892 0.059 0.049 
262 z0108489    (1)    1 :  0.245 0.426 0.329 
263 z0108513    (0)    1 :  0.803 0.074 0.122 
264 z0108528    (1)    3 :  0.351 0.313 0.336 
265 z0113628    (2)    3 :  0.150 0.617 0.233 
266 z0133302   (18)    1 :  0.533 0.166 0.301 
267 z0173485    (0)    1 :  0.251 0.356 0.393 
268 z0175371    (1)    3 :  0.144 0.536 0.320 
269 z0175378    (0)    2 :  0.144 0.078 0.778 
270 z0175912    (6)    1 :  0.424 0.396 0.180 
271 z0175916    (3)    1 :  0.277 0.285 0.438 
272 z0175937    (1)    1 :  0.624 0.257 0.119 
273 z0178348   (13)    1 :  0.567 0.290 0.143 
274 z0187857    (3)    1 :  0.689 0.131 0.180 
275 z0187860    (0)    1 :  0.349 0.348 0.303 
276 z0187885    (0)    2 :  0.152 0.383 0.465 
277 z0187906   (10)    1 :  0.211 0.567 0.222 
278 z0195655    (0)    2 :  0.087 0.088 0.825 
279 z0195663    (1)    3 :  0.117 0.310 0.573 
280 z0195683    (1)    3 :  0.645 0.227 0.129 
281 z0195687   (22)    3 :  0.646 0.273 0.081 
282 z0195688    (0)    2 :  0.175 0.427 0.398 
283 z0195691    (1)    3 :  0.100 0.787 0.113 
284 z0195699    (0)    3 :  0.356 0.470 0.174 
285 z0195701    (8)    3 :  0.623 0.201 0.177 
286 z0195702    (0)    3 :  0.285 0.443 0.272 
287 z0195704    (1)    3 :  0.439 0.342 0.219 
288 z0195705    (1)    3 :  0.094 0.329 0.577 
289 z0195711    (0)    3 :  0.141 0.774 0.085 
290 z0195716    (0)    3 :  0.365 0.457 0.178 
291 z0195718   (13)    3 :  0.552 0.362 0.086 
292 z0195725    (5)    3 :  0.380 0.242 0.378 
293 z0195726   (17)    1 :  0.179 0.681 0.140 
294 z0195728   (14)    3 :  0.812 0.134 0.054 
295 z0195732   (16)    3 :  0.494 0.421 0.085 
296 z0195737    (1)    3 :  0.236 0.255 0.509 
297 z0195740   (30)    3 :  0.278 0.514 0.208 
298 z0195751    (1)    3 :  0.676 0.199 0.125 
299 z0195762    (2)    3 :  0.376 0.504 0.121 
300 z0195784    (0)    3 :  0.602 0.296 0.101 
301 z0196686    (0)    5 :  0.062 0.884 0.054 
302 z0196687    (0)    5 :  0.129 0.722 0.149 
303 z0196689    (1)    5 :  0.077 0.791 0.132 
304 z0196690    (3)    5 :  0.272 0.622 0.105 
305 z0196691    (9)    5 :  0.099 0.798 0.103 
306 z0196692    (1)    5 :  0.124 0.744 0.132 
307 z0196693    (2)    5 :  0.142 0.755 0.103 
308 z0196694    (3)    5 :  0.081 0.797 0.122 
309 z0196710    (0)    3 :  0.285 0.388 0.327 
310 z0196715   (23)    3 :  0.524 0.372 0.104 
311 z0196719    (0)    3 :  0.364 0.447 0.189 
312 z0196724   (20)    3 :  0.564 0.208 0.228 
313 z0196725    (1)    3 :  0.499 0.354 0.147 
314 z0196729    (3)    3 :  0.446 0.278 0.276 
315 z0196730    (3)    1 :  0.561 0.278 0.161 
316 z0196731    (1)    3 :  0.581 0.332 0.087 
317 z0196733   (17)    1 :  0.536 0.352 0.113 
318 z0196734    (2)    3 :  0.360 0.305 0.334 
319 z0196739   (18)    3 :  0.497 0.153 0.350 
320 z0196740   (10)    3 :  0.520 0.306 0.173 
321 z0196746    (3)    1 :  0.631 0.175 0.195 
322 z0196751    (0)    3 :  0.467 0.281 0.252 
323 z0196752    (0)    3 :  0.369 0.515 0.116 
324 z0196754    (0)    3 :  0.623 0.201 0.176 
325 z0196758    (2)    1 :  0.562 0.287 0.151 
326 z0196763    (2)    3 :  0.296 0.560 0.144 
327 z0196764    (1)    3 :  0.433 0.366 0.202 
328 z0196766    (0)    3 :  0.507 0.309 0.184 
329 z0196769    (1)    3 :  0.648 0.216 0.136 
330 z0196774    (1)    3 :  0.568 0.317 0.114 
331 z0196783    (0)    1 :  0.897 0.059 0.044 
332 z0196794    (2)    1 :  0.824 0.124 0.052 
333 z0196804   (15)    1 :  0.552 0.307 0.140 
334 z0196809   (15)    3 :  0.290 0.620 0.089 
335 z0196810    (2)    1 :  0.387 0.458 0.155 
336 z0196811    (1)    1 :  0.440 0.489 0.071 
337 z0196824    (0)    3 :  0.265 0.396 0.339 
338 z0196825    (1)    3 :  0.481 0.181 0.338 
339 z0196828    (1)    2 :  0.477 0.313 0.210 
340 z0196829    (0)    3 :  0.289 0.507 0.204 
341 z0196834   (28)    3 :  0.502 0.222 0.276 
342 z0196835    (0)    3 :  0.737 0.085 0.177 
343 z0196838    (2)    1 :  0.324 0.600 0.077 
344 z0196841   (22)    3 :  0.580 0.287 0.133 
345 z0196843   (27)    3 :  0.564 0.306 0.130 
346 z0196849    (1)    3 :  0.560 0.269 0.171 
347 z0196852    (1)    2 :  0.214 0.403 0.383 
348 z0196855    (0)    2 :  0.301 0.390 0.308 
349 z0196856    (1)    3 :  0.199 0.545 0.256 
350 z0196857    (0)    2 :  0.400 0.102 0.498 
351 z0196864    (2)    3 :  0.127 0.430 0.442 
352 z0196894    (0)    3 :  0.318 0.592 0.090 
353 z0197662    (3)    1 :  0.261 0.385 0.354 
354 z0197665    (2)    1 :  0.723 0.148 0.129 
355 z0197668   (20)    3 :  0.151 0.688 0.161 
356 z0197669    (1)    3 :  0.168 0.415 0.417 
357 z0197672    (1)    3 :  0.527 0.242 0.231 


Estimated Allele Frequencies in each cluster
First column gives estimated ancestral frequencies


Locus 1 : HI.v.HI.SEAK 
5 alleles
66.2% missing data
   0   (0.204) 0.096 0.185 0.252 
   4   (0.422) 0.688 0.480 0.068 
   1   (0.166) 0.056 0.125 0.598 
   2   (0.047) 0.013 0.030 0.039 
   3   (0.161) 0.147 0.180 0.043 

Locus 2 : Mnov_gtseq_1 
2 alleles
0.0% missing data
   0   (0.419) 0.376 0.450 0.361 
   1   (0.581) 0.624 0.550 0.639 

Locus 3 : Mnov_gtseq_10 
2 alleles
0.3% missing data
   0   (0.816) 0.688 0.855 0.926 
   1   (0.184) 0.312 0.145 0.074 

Locus 4 : Mnov_gtseq_102 
2 alleles
0.8% missing data
   0   (0.569) 0.473 0.582 0.686 
   1   (0.431) 0.527 0.418 0.314 

Locus 5 : Mnov_gtseq_104 
2 alleles
0.3% missing data
   0   (0.872) 0.739 0.922 0.941 
   1   (0.128) 0.261 0.078 0.059 

Locus 6 : Mnov_gtseq_106 
2 alleles
15.4% missing data
   1   (0.754) 0.800 0.748 0.789 
   0   (0.246) 0.200 0.252 0.211 

Locus 7 : Mnov_gtseq_107 
2 alleles
37.8% missing data
   1   (0.218) 0.151 0.174 0.416 
   0   (0.782) 0.849 0.826 0.584 

Locus 8 : Mnov_gtseq_111 
2 alleles
39.2% missing data
   1   (0.724) 0.619 0.827 0.564 
   0   (0.276) 0.381 0.173 0.436 

Locus 9 : Mnov_gtseq_112 
2 alleles
1.1% missing data
   0   (0.576) 0.701 0.477 0.688 
   1   (0.424) 0.299 0.523 0.312 

Locus 10 : Mnov_gtseq_113 
2 alleles
1.7% missing data
   1   (0.707) 0.780 0.705 0.672 
   0   (0.293) 0.220 0.295 0.328 

Locus 11 : Mnov_gtseq_114 
2 alleles
4.5% missing data
   0   (0.547) 0.594 0.588 0.366 
   1   (0.453) 0.406 0.412 0.634 

Locus 12 : Mnov_gtseq_117 
2 alleles
27.2% missing data
   0   (0.632) 0.543 0.614 0.809 
   1   (0.368) 0.457 0.386 0.191 

Locus 13 : Mnov_gtseq_118 
2 alleles
8.1% missing data
   0   (0.722) 0.593 0.755 0.841 
   1   (0.278) 0.407 0.245 0.159 

Locus 14 : Mnov_gtseq_12 
2 alleles
0.3% missing data
   0   (0.485) 0.476 0.553 0.300 
   1   (0.515) 0.524 0.447 0.700 

Locus 15 : Mnov_gtseq_124 
2 alleles
4.8% missing data
   1   (0.788) 0.663 0.836 0.869 
   0   (0.212) 0.337 0.164 0.131 

Locus 16 : Mnov_gtseq_125 
2 alleles
1.1% missing data
   1   (0.906) 0.981 0.921 0.711 
   0   (0.094) 0.019 0.079 0.289 

Locus 17 : Mnov_gtseq_126 
2 alleles
0.0% missing data
   0   (0.370) 0.200 0.465 0.353 
   1   (0.630) 0.800 0.535 0.647 

Locus 18 : Mnov_gtseq_127 
2 alleles
7.0% missing data
   0   (0.620) 0.709 0.627 0.488 
   1   (0.380) 0.291 0.373 0.512 

Locus 19 : Mnov_gtseq_128 
2 alleles
31.4% missing data
   0   (0.684) 0.797 0.645 0.675 
   1   (0.316) 0.203 0.355 0.325 

Locus 20 : Mnov_gtseq_129 
2 alleles
2.0% missing data
   0   (0.496) 0.477 0.474 0.588 
   1   (0.504) 0.523 0.526 0.412 

Locus 21 : Mnov_gtseq_13 
2 alleles
0.0% missing data
   0   (0.596) 0.475 0.659 0.607 
   1   (0.404) 0.525 0.341 0.393 

Locus 22 : Mnov_gtseq_130 
2 alleles
28.9% missing data
   1   (0.527) 0.475 0.570 0.471 
   0   (0.473) 0.525 0.430 0.529 

Locus 23 : Mnov_gtseq_135 
2 alleles
0.6% missing data
   1   (0.449) 0.429 0.422 0.540 
   0   (0.551) 0.571 0.578 0.460 

Locus 24 : Mnov_gtseq_138 
2 alleles
0.6% missing data
   0   (0.477) 0.444 0.510 0.413 
   1   (0.523) 0.556 0.490 0.587 

Locus 25 : Mnov_gtseq_140 
2 alleles
1.1% missing data
   0   (0.428) 0.403 0.378 0.581 
   1   (0.572) 0.597 0.622 0.419 

Locus 26 : Mnov_gtseq_141 
2 alleles
0.3% missing data
   0   (0.538) 0.672 0.473 0.538 
   1   (0.462) 0.328 0.527 0.462 

Locus 27 : Mnov_gtseq_143 
2 alleles
2.8% missing data
   1   (0.550) 0.648 0.527 0.483 
   0   (0.450) 0.352 0.473 0.517 

Locus 28 : Mnov_gtseq_145 
2 alleles
2.0% missing data
   0   (0.442) 0.545 0.379 0.462 
   1   (0.558) 0.455 0.621 0.538 

Locus 29 : Mnov_gtseq_147 
2 alleles
26.3% missing data
   0   (0.789) 0.862 0.840 0.536 
   1   (0.211) 0.138 0.160 0.464 

Locus 30 : Mnov_gtseq_148 
2 alleles
9.2% missing data
   0   (0.331) 0.232 0.440 0.168 
   1   (0.669) 0.768 0.560 0.832 

Locus 31 : Mnov_gtseq_149 
2 alleles
0.6% missing data
   0   (0.601) 0.601 0.623 0.572 
   1   (0.399) 0.399 0.377 0.428 

Locus 32 : Mnov_gtseq_15 
2 alleles
0.0% missing data
   0   (0.466) 0.548 0.445 0.409 
   1   (0.534) 0.452 0.555 0.591 

Locus 33 : Mnov_gtseq_152 
2 alleles
0.8% missing data
   0   (0.329) 0.315 0.302 0.374 
   1   (0.671) 0.685 0.698 0.626 

Locus 34 : Mnov_gtseq_154 
2 alleles
3.4% missing data
   0   (0.561) 0.611 0.585 0.434 
   1   (0.439) 0.389 0.415 0.566 

Locus 35 : Mnov_gtseq_155 
2 alleles
41.7% missing data
   0   (0.658) 0.673 0.660 0.696 
   1   (0.342) 0.327 0.340 0.304 

Locus 36 : Mnov_gtseq_157 
2 alleles
0.6% missing data
   1   (0.553) 0.522 0.555 0.622 
   0   (0.447) 0.478 0.445 0.378 

Locus 37 : Mnov_gtseq_158 
2 alleles
0.6% missing data
   0   (0.402) 0.664 0.411 0.099 
   1   (0.598) 0.336 0.589 0.901 

Locus 38 : Mnov_gtseq_159 
2 alleles
24.6% missing data
   0   (0.598) 0.722 0.590 0.447 
   1   (0.402) 0.278 0.410 0.553 

Locus 39 : Mnov_gtseq_16 
2 alleles
0.0% missing data
   0   (0.648) 0.642 0.688 0.575 
   1   (0.352) 0.358 0.312 0.425 

Locus 40 : Mnov_gtseq_160 
2 alleles
2.5% missing data
   0   (0.494) 0.520 0.511 0.408 
   1   (0.506) 0.480 0.489 0.592 

Locus 41 : Mnov_gtseq_161 
2 alleles
2.0% missing data
   1   (0.770) 0.721 0.812 0.805 
   0   (0.230) 0.279 0.188 0.195 

Locus 42 : Mnov_gtseq_162 
2 alleles
2.2% missing data
   1   (0.408) 0.516 0.326 0.463 
   0   (0.592) 0.484 0.674 0.537 

Locus 43 : Mnov_gtseq_167 
2 alleles
1.1% missing data
   1   (0.794) 0.744 0.820 0.874 
   0   (0.206) 0.256 0.180 0.126 

Locus 44 : Mnov_gtseq_17 
2 alleles
0.0% missing data
   0   (0.508) 0.586 0.479 0.482 
   1   (0.492) 0.414 0.521 0.518 

Locus 45 : Mnov_gtseq_170 
2 alleles
0.0% missing data
   0   (0.317) 0.275 0.342 0.241 
   1   (0.683) 0.725 0.658 0.759 

Locus 46 : Mnov_gtseq_171 
2 alleles
42.0% missing data
   1   (0.706) 0.604 0.767 0.724 
   0   (0.294) 0.396 0.233 0.276 

Locus 47 : Mnov_gtseq_173 
2 alleles
21.8% missing data
   1   (0.495) 0.295 0.524 0.700 
   0   (0.505) 0.705 0.476 0.300 

Locus 48 : Mnov_gtseq_174 
2 alleles
2.8% missing data
   0   (0.284) 0.238 0.241 0.422 
   1   (0.716) 0.762 0.759 0.578 

Locus 49 : Mnov_gtseq_180 
2 alleles
14.0% missing data
   0   (0.599) 0.609 0.488 0.861 
   1   (0.401) 0.391 0.512 0.139 

Locus 50 : Mnov_gtseq_182 
2 alleles
9.0% missing data
   0   (0.840) 0.730 0.908 0.842 
   1   (0.160) 0.270 0.092 0.158 

Locus 51 : Mnov_gtseq_186 
2 alleles
27.7% missing data
   0   (0.530) 0.529 0.556 0.475 
   1   (0.470) 0.471 0.444 0.525 

Locus 52 : Mnov_gtseq_187 
2 alleles
7.6% missing data
   1   (0.559) 0.604 0.498 0.688 
   0   (0.441) 0.396 0.502 0.312 

Locus 53 : Mnov_gtseq_188 
2 alleles
13.4% missing data
   0   (0.593) 0.445 0.657 0.626 
   1   (0.407) 0.555 0.343 0.374 

Locus 54 : Mnov_gtseq_189 
2 alleles
3.6% missing data
   0   (0.425) 0.553 0.341 0.467 
   1   (0.575) 0.447 0.659 0.533 

Locus 55 : Mnov_gtseq_19 
2 alleles
0.0% missing data
   1   (0.922) 0.989 0.922 0.829 
   0   (0.078) 0.011 0.078 0.171 

Locus 56 : Mnov_gtseq_190 
2 alleles
0.0% missing data
   1   (0.420) 0.406 0.439 0.347 
   0   (0.580) 0.594 0.561 0.653 

Locus 57 : Mnov_gtseq_191 
2 alleles
26.3% missing data
   0   (0.884) 0.887 0.842 0.984 
   1   (0.116) 0.113 0.158 0.016 

Locus 58 : Mnov_gtseq_192 
2 alleles
21.0% missing data
   0   (0.825) 0.805 0.870 0.821 
   1   (0.175) 0.195 0.130 0.179 

Locus 59 : Mnov_gtseq_193 
2 alleles
0.0% missing data
   0   (0.700) 0.739 0.681 0.767 
   1   (0.300) 0.261 0.319 0.233 

Locus 60 : Mnov_gtseq_195 
2 alleles
0.0% missing data
   0   (0.571) 0.453 0.648 0.541 
   1   (0.429) 0.547 0.352 0.459 

Locus 61 : Mnov_gtseq_196 
2 alleles
0.3% missing data
   0   (0.331) 0.416 0.343 0.160 
   1   (0.669) 0.584 0.657 0.840 

Locus 62 : Mnov_gtseq_197 
3 alleles
0.3% missing data
   1   (0.388) 0.407 0.386 0.314 
   0   (0.411) 0.474 0.327 0.593 
   2   (0.201) 0.118 0.287 0.093 

Locus 63 : Mnov_gtseq_2 
2 alleles
0.3% missing data
   0   (0.205) 0.088 0.244 0.232 
   1   (0.795) 0.912 0.756 0.768 

Locus 64 : Mnov_gtseq_200 
2 alleles
2.8% missing data
   0   (0.400) 0.328 0.356 0.613 
   1   (0.600) 0.672 0.644 0.387 

Locus 65 : Mnov_gtseq_201 
2 alleles
0.0% missing data
   0   (0.878) 0.758 0.897 0.977 
   1   (0.122) 0.242 0.103 0.023 

Locus 66 : Mnov_gtseq_202 
2 alleles
0.0% missing data
   0   (0.411) 0.431 0.358 0.531 
   1   (0.589) 0.569 0.642 0.469 

Locus 67 : Mnov_gtseq_204 
2 alleles
3.9% missing data
   0   (0.439) 0.454 0.396 0.523 
   1   (0.561) 0.546 0.604 0.477 

Locus 68 : Mnov_gtseq_205 
3 alleles
0.0% missing data
   0   (0.215) 0.261 0.176 0.209 
   2   (0.719) 0.717 0.771 0.732 
   1   (0.066) 0.023 0.053 0.059 

Locus 69 : Mnov_gtseq_208 
2 alleles
0.0% missing data
   0   (0.640) 0.718 0.680 0.435 
   1   (0.360) 0.282 0.320 0.565 

Locus 70 : Mnov_gtseq_209 
2 alleles
0.0% missing data
   0   (0.444) 0.404 0.416 0.562 
   1   (0.556) 0.596 0.584 0.438 

Locus 71 : Mnov_gtseq_21 
2 alleles
0.0% missing data
   1   (0.545) 0.600 0.586 0.358 
   0   (0.455) 0.400 0.414 0.642 

Locus 72 : Mnov_gtseq_210 
2 alleles
5.0% missing data
   0   (0.390) 0.529 0.376 0.225 
   1   (0.610) 0.471 0.624 0.775 

Locus 73 : Mnov_gtseq_213 
2 alleles
5.6% missing data
   0   (0.508) 0.569 0.521 0.395 
   1   (0.492) 0.431 0.479 0.605 

Locus 74 : Mnov_gtseq_214 
2 alleles
5.3% missing data
   0   (0.526) 0.517 0.466 0.704 
   1   (0.474) 0.483 0.534 0.296 

Locus 75 : Mnov_gtseq_215 
2 alleles
0.0% missing data
   0   (0.450) 0.376 0.444 0.554 
   1   (0.550) 0.624 0.556 0.446 

Locus 76 : Mnov_gtseq_216 
2 alleles
0.0% missing data
   1   (0.542) 0.421 0.566 0.656 
   0   (0.458) 0.579 0.434 0.344 

Locus 77 : Mnov_gtseq_217 
2 alleles
24.4% missing data
   0   (0.320) 0.314 0.353 0.189 
   1   (0.680) 0.686 0.647 0.811 

Locus 78 : Mnov_gtseq_218 
2 alleles
0.3% missing data
   0   (0.625) 0.437 0.677 0.761 
   1   (0.375) 0.563 0.323 0.239 

Locus 79 : Mnov_gtseq_22 
2 alleles
3.9% missing data
   1   (0.576) 0.576 0.528 0.727 
   0   (0.424) 0.424 0.472 0.273 

Locus 80 : Mnov_gtseq_220 
2 alleles
0.3% missing data
   0   (0.534) 0.482 0.525 0.642 
   1   (0.466) 0.518 0.475 0.358 

Locus 81 : Mnov_gtseq_222 
2 alleles
14.3% missing data
   0   (0.556) 0.286 0.664 0.652 
   1   (0.444) 0.714 0.336 0.348 

Locus 82 : Mnov_gtseq_223 
2 alleles
2.5% missing data
   0   (0.643) 0.705 0.632 0.631 
   1   (0.357) 0.295 0.368 0.369 

Locus 83 : Mnov_gtseq_225 
2 alleles
0.0% missing data
   0   (0.506) 0.600 0.469 0.481 
   1   (0.494) 0.400 0.531 0.519 

Locus 84 : Mnov_gtseq_227 
2 alleles
0.3% missing data
   0   (0.531) 0.424 0.552 0.634 
   1   (0.469) 0.576 0.448 0.366 

Locus 85 : Mnov_gtseq_229 
2 alleles
0.8% missing data
   1   (0.538) 0.521 0.523 0.630 
   0   (0.462) 0.479 0.477 0.370 

Locus 86 : Mnov_gtseq_230 
2 alleles
10.4% missing data
   0   (0.764) 0.705 0.774 0.873 
   1   (0.236) 0.295 0.226 0.127 

Locus 87 : Mnov_gtseq_232 
2 alleles
0.0% missing data
   0   (0.466) 0.460 0.402 0.662 
   1   (0.534) 0.540 0.598 0.338 

Locus 88 : Mnov_gtseq_234 
2 alleles
9.8% missing data
   0   (0.735) 0.704 0.744 0.824 
   1   (0.265) 0.296 0.256 0.176 

Locus 89 : Mnov_gtseq_235 
2 alleles
0.3% missing data
   0   (0.795) 0.714 0.829 0.883 
   1   (0.205) 0.286 0.171 0.117 

Locus 90 : Mnov_gtseq_237 
2 alleles
0.3% missing data
   0   (0.552) 0.455 0.541 0.721 
   1   (0.448) 0.545 0.459 0.279 

Locus 91 : Mnov_gtseq_238 
2 alleles
0.0% missing data
   0   (0.590) 0.651 0.502 0.773 
   1   (0.410) 0.349 0.498 0.227 

Locus 92 : Mnov_gtseq_239 
2 alleles
0.0% missing data
   0   (0.737) 0.684 0.786 0.742 
   1   (0.263) 0.316 0.214 0.258 

Locus 93 : Mnov_gtseq_240 
2 alleles
0.0% missing data
   1   (0.415) 0.332 0.462 0.394 
   0   (0.585) 0.668 0.538 0.606 

Locus 94 : Mnov_gtseq_241 
2 alleles
0.0% missing data
   0   (0.854) 0.817 0.911 0.848 
   1   (0.146) 0.183 0.089 0.152 

Locus 95 : Mnov_gtseq_243 
2 alleles
0.0% missing data
   0   (0.605) 0.501 0.670 0.594 
   1   (0.395) 0.499 0.330 0.406 

Locus 96 : Mnov_gtseq_244 
2 alleles
0.0% missing data
   0   (0.326) 0.367 0.263 0.406 
   1   (0.674) 0.633 0.737 0.594 

Locus 97 : Mnov_gtseq_245 
2 alleles
20.7% missing data
   1   (0.492) 0.541 0.426 0.614 
   0   (0.508) 0.459 0.574 0.386 

Locus 98 : Mnov_gtseq_246 
2 alleles
0.3% missing data
   0   (0.435) 0.500 0.382 0.489 
   1   (0.565) 0.500 0.618 0.511 

Locus 99 : Mnov_gtseq_247 
2 alleles
3.4% missing data
   0   (0.317) 0.240 0.387 0.193 
   1   (0.683) 0.760 0.613 0.807 

Locus 100 : Mnov_gtseq_248 
2 alleles
0.3% missing data
   0   (0.239) 0.104 0.263 0.374 
   1   (0.761) 0.896 0.737 0.626 

Locus 101 : Mnov_gtseq_25 
2 alleles
0.3% missing data
   0   (0.442) 0.457 0.380 0.594 
   1   (0.558) 0.543 0.620 0.406 

Locus 102 : Mnov_gtseq_250 
2 alleles
3.9% missing data
   0   (0.800) 0.732 0.876 0.713 
   1   (0.200) 0.268 0.124 0.287 

Locus 103 : Mnov_gtseq_251 
2 alleles
2.0% missing data
   1   (0.218) 0.134 0.236 0.196 
   0   (0.782) 0.866 0.764 0.804 

Locus 104 : Mnov_gtseq_253 
2 alleles
16.2% missing data
   0   (0.491) 0.371 0.543 0.511 
   1   (0.509) 0.629 0.457 0.489 

Locus 105 : Mnov_gtseq_254 
2 alleles
0.0% missing data
   1   (0.907) 0.927 0.879 0.987 
   0   (0.093) 0.073 0.121 0.013 

Locus 106 : Mnov_gtseq_255 
2 alleles
0.0% missing data
   0   (0.325) 0.390 0.241 0.456 
   1   (0.675) 0.610 0.759 0.544 

Locus 107 : Mnov_gtseq_257 
2 alleles
0.0% missing data
   0   (0.614) 0.734 0.596 0.492 
   1   (0.386) 0.266 0.404 0.508 

Locus 108 : Mnov_gtseq_258 
2 alleles
0.0% missing data
   0   (0.536) 0.399 0.582 0.614 
   1   (0.464) 0.601 0.418 0.386 

Locus 109 : Mnov_gtseq_26 
2 alleles
0.0% missing data
   1   (0.893) 0.917 0.893 0.962 
   0   (0.107) 0.083 0.107 0.038 

Locus 110 : Mnov_gtseq_260 
2 alleles
0.3% missing data
   0   (0.753) 0.842 0.728 0.761 
   1   (0.247) 0.158 0.272 0.239 

Locus 111 : Mnov_gtseq_261 
2 alleles
0.6% missing data
   0   (0.492) 0.456 0.496 0.537 
   1   (0.508) 0.544 0.504 0.463 

Locus 112 : Mnov_gtseq_262 
2 alleles
3.1% missing data
   0   (0.415) 0.390 0.380 0.527 
   1   (0.585) 0.610 0.620 0.473 

Locus 113 : Mnov_gtseq_263 
2 alleles
0.0% missing data
   1   (0.837) 0.748 0.882 0.907 
   0   (0.163) 0.252 0.118 0.093 

Locus 114 : Mnov_gtseq_265 
2 alleles
0.0% missing data
   0   (0.467) 0.313 0.508 0.572 
   1   (0.533) 0.687 0.492 0.428 

Locus 115 : Mnov_gtseq_268 
2 alleles
0.0% missing data
   0   (0.602) 0.441 0.670 0.660 
   1   (0.398) 0.559 0.330 0.340 

Locus 116 : Mnov_gtseq_269 
2 alleles
1.1% missing data
   1   (0.486) 0.491 0.496 0.438 
   0   (0.514) 0.509 0.504 0.562 

Locus 117 : Mnov_gtseq_270 
2 alleles
11.8% missing data
   1   (0.781) 0.803 0.795 0.792 
   0   (0.219) 0.197 0.205 0.208 

Locus 118 : Mnov_gtseq_271 
2 alleles
10.9% missing data
   0   (0.636) 0.618 0.662 0.620 
   1   (0.364) 0.382 0.338 0.380 

Locus 119 : Mnov_gtseq_273 
2 alleles
1.4% missing data
   1   (0.526) 0.541 0.505 0.585 
   0   (0.474) 0.459 0.495 0.415 

Locus 120 : Mnov_gtseq_274 
2 alleles
0.0% missing data
   1   (0.519) 0.480 0.577 0.398 
   0   (0.481) 0.520 0.423 0.602 

Locus 121 : Mnov_gtseq_275 
2 alleles
13.7% missing data
   1   (0.768) 0.768 0.814 0.725 
   0   (0.232) 0.232 0.186 0.275 

Locus 122 : Mnov_gtseq_277 
2 alleles
0.0% missing data
   0   (0.799) 0.871 0.767 0.857 
   1   (0.201) 0.129 0.233 0.143 

Locus 123 : Mnov_gtseq_278 
2 alleles
1.1% missing data
   0   (0.884) 0.835 0.898 0.969 
   1   (0.116) 0.165 0.102 0.031 

Locus 124 : Mnov_gtseq_28 
2 alleles
0.3% missing data
   0   (0.769) 0.810 0.773 0.794 
   1   (0.231) 0.190 0.227 0.206 

Locus 125 : Mnov_gtseq_284 
2 alleles
0.0% missing data
   1   (0.634) 0.705 0.615 0.624 
   0   (0.366) 0.295 0.385 0.376 

Locus 126 : Mnov_gtseq_285 
2 alleles
0.0% missing data
   1   (0.767) 0.812 0.804 0.667 
   0   (0.233) 0.188 0.196 0.333 

Locus 127 : Mnov_gtseq_287 
2 alleles
0.0% missing data
   0   (0.797) 0.806 0.857 0.664 
   1   (0.203) 0.194 0.143 0.336 

Locus 128 : Mnov_gtseq_288 
2 alleles
16.2% missing data
   0   (0.627) 0.577 0.652 0.668 
   1   (0.373) 0.423 0.348 0.332 

Locus 129 : Mnov_gtseq_289 
2 alleles
0.0% missing data
   0   (0.461) 0.441 0.472 0.445 
   1   (0.539) 0.559 0.528 0.555 

Locus 130 : Mnov_gtseq_291 
2 alleles
0.3% missing data
   1   (0.707) 0.734 0.745 0.621 
   0   (0.293) 0.266 0.255 0.379 

Locus 131 : Mnov_gtseq_297 
2 alleles
0.0% missing data
   0   (0.662) 0.599 0.671 0.770 
   1   (0.338) 0.401 0.329 0.230 

Locus 132 : Mnov_gtseq_298 
2 alleles
36.4% missing data
   1   (0.596) 0.583 0.540 0.782 
   0   (0.404) 0.417 0.460 0.218 

Locus 133 : Mnov_gtseq_299 
2 alleles
1.1% missing data
   1   (0.578) 0.582 0.611 0.493 
   0   (0.422) 0.418 0.389 0.507 

Locus 134 : Mnov_gtseq_30 
3 alleles
16.2% missing data
   1   (0.543) 0.662 0.546 0.402 
   2   (0.434) 0.326 0.444 0.596 
   0   (0.023) 0.012 0.010 0.002 

Locus 135 : Mnov_gtseq_300 
2 alleles
5.6% missing data
   0   (0.600) 0.565 0.626 0.614 
   1   (0.400) 0.435 0.374 0.386 

Locus 136 : Mnov_gtseq_301 
3 alleles
5.6% missing data
   0   (0.382) 0.481 0.367 0.319 
   2   (0.406) 0.325 0.423 0.502 
   1   (0.212) 0.194 0.210 0.178 

Locus 137 : Mnov_gtseq_304 
2 alleles
28.9% missing data
   0   (0.852) 0.893 0.864 0.853 
   1   (0.148) 0.107 0.136 0.147 

Locus 138 : Mnov_gtseq_305 
2 alleles
9.2% missing data
   0   (0.880) 0.833 0.897 0.961 
   1   (0.120) 0.167 0.103 0.039 

Locus 139 : Mnov_gtseq_307 
2 alleles
2.5% missing data
   1   (0.507) 0.495 0.529 0.461 
   0   (0.493) 0.505 0.471 0.539 

Locus 140 : Mnov_gtseq_308 
2 alleles
0.0% missing data
   0   (0.606) 0.632 0.599 0.627 
   1   (0.394) 0.368 0.401 0.373 

Locus 141 : Mnov_gtseq_309 
3 alleles
2.5% missing data
   0   (0.361) 0.315 0.340 0.480 
   1   (0.578) 0.665 0.623 0.412 
   2   (0.061) 0.020 0.037 0.108 

Locus 142 : Mnov_gtseq_310 
2 alleles
10.4% missing data
   0   (0.854) 0.755 0.871 0.964 
   1   (0.146) 0.245 0.129 0.036 

Locus 143 : Mnov_gtseq_311 
2 alleles
1.7% missing data
   1   (0.671) 0.782 0.618 0.691 
   0   (0.329) 0.218 0.382 0.309 

Locus 144 : Mnov_gtseq_312 
2 alleles
0.0% missing data
   0   (0.482) 0.658 0.420 0.408 
   1   (0.518) 0.342 0.580 0.592 

Locus 145 : Mnov_gtseq_313 
2 alleles
0.8% missing data
   1   (0.761) 0.827 0.746 0.791 
   0   (0.239) 0.173 0.254 0.209 

Locus 146 : Mnov_gtseq_314 
2 alleles
0.0% missing data
   0   (0.495) 0.570 0.486 0.411 
   1   (0.505) 0.430 0.514 0.589 

Locus 147 : Mnov_gtseq_315 
2 alleles
1.4% missing data
   0   (0.508) 0.478 0.519 0.517 
   1   (0.492) 0.522 0.481 0.483 

Locus 148 : Mnov_gtseq_317 
2 alleles
24.6% missing data
   0   (0.510) 0.451 0.518 0.575 
   1   (0.490) 0.549 0.482 0.425 

Locus 149 : Mnov_gtseq_318 
2 alleles
5.0% missing data
   0   (0.439) 0.490 0.409 0.446 
   1   (0.561) 0.510 0.591 0.554 

Locus 150 : Mnov_gtseq_320 
2 alleles
6.2% missing data
   0   (0.659) 0.728 0.671 0.573 
   1   (0.341) 0.272 0.329 0.427 

Locus 151 : Mnov_gtseq_321 
2 alleles
0.0% missing data
   0   (0.107) 0.233 0.061 0.041 
   1   (0.893) 0.767 0.939 0.959 

Locus 152 : Mnov_gtseq_322 
2 alleles
1.4% missing data
   1   (0.508) 0.546 0.473 0.555 
   0   (0.492) 0.454 0.527 0.445 

Locus 153 : Mnov_gtseq_323 
2 alleles
0.0% missing data
   0   (0.404) 0.490 0.396 0.272 
   1   (0.596) 0.510 0.604 0.728 

Locus 154 : Mnov_gtseq_326 
2 alleles
3.4% missing data
   0   (0.608) 0.698 0.649 0.383 
   1   (0.392) 0.302 0.351 0.617 

Locus 155 : Mnov_gtseq_327 
2 alleles
3.4% missing data
   0   (0.772) 0.942 0.685 0.676 
   1   (0.228) 0.058 0.315 0.324 

Locus 156 : Mnov_gtseq_328 
2 alleles
0.0% missing data
   1   (0.661) 0.618 0.715 0.613 
   0   (0.339) 0.382 0.285 0.387 

Locus 157 : Mnov_gtseq_33 
2 alleles
0.0% missing data
   0   (0.600) 0.565 0.586 0.712 
   1   (0.400) 0.435 0.414 0.288 

Locus 158 : Mnov_gtseq_332 
2 alleles
12.0% missing data
   0   (0.361) 0.246 0.454 0.245 
   1   (0.639) 0.754 0.546 0.755 

Locus 159 : Mnov_gtseq_333 
2 alleles
3.6% missing data
   1   (0.672) 0.605 0.674 0.800 
   0   (0.328) 0.395 0.326 0.200 

Locus 160 : Mnov_gtseq_334 
2 alleles
0.0% missing data
   0   (0.774) 0.773 0.834 0.663 
   1   (0.226) 0.227 0.166 0.337 

Locus 161 : Mnov_gtseq_335 
2 alleles
0.0% missing data
   1   (0.675) 0.661 0.723 0.605 
   0   (0.325) 0.339 0.277 0.395 

Locus 162 : Mnov_gtseq_337 
3 alleles
15.4% missing data
   2   (0.231) 0.126 0.216 0.434 
   0   (0.505) 0.705 0.476 0.342 
   1   (0.264) 0.169 0.308 0.224 

Locus 163 : Mnov_gtseq_338 
2 alleles
0.3% missing data
   0   (0.425) 0.404 0.466 0.314 
   1   (0.575) 0.596 0.534 0.686 

Locus 164 : Mnov_gtseq_339 
2 alleles
0.3% missing data
   0   (0.540) 0.567 0.553 0.478 
   1   (0.460) 0.433 0.447 0.522 

Locus 165 : Mnov_gtseq_340 
2 alleles
2.0% missing data
   0   (0.525) 0.628 0.469 0.545 
   1   (0.475) 0.372 0.531 0.455 

Locus 166 : Mnov_gtseq_341 
2 alleles
0.0% missing data
   1   (0.798) 0.667 0.822 0.926 
   0   (0.202) 0.333 0.178 0.074 

Locus 167 : Mnov_gtseq_342 
2 alleles
13.4% missing data
   0   (0.539) 0.605 0.587 0.317 
   1   (0.461) 0.395 0.413 0.683 

Locus 168 : Mnov_gtseq_344 
2 alleles
