

----------------------------------------------------
STRUCTURE by Pritchard, Stephens and Donnelly (2000)
     and Falush, Stephens and Pritchard (2003)
       Code by Pritchard, Falush and Hubisz
             Version 2.3.4 (Jul 2012)
----------------------------------------------------



Command line arguments:   structure -m wint.area.structureRun/wint.area.structureRun.k6.r1_mainparams -e wint.area.structureRun/wint.area.structureRun.k6.r1_extraparams -i wint.area.structureRun/wint.area.structureRun.k6.r1_data -o wint.area.structureRun/wint.area.structureRun.k6.r1_out 
Input File:    wint.area.structureRun/wint.area.structureRun.k6.r1_data

Run parameters:
   350 individuals
   298 loci
   6 populations assumed
   1000 Burn-in period
   10000 Reps


--------------------------------------------
Proportion of membership of each pre-defined
 population in each of the 6 clusters

Given    Inferred Clusters                            Number of
 Pop       1      2      3      4      5      6      Individuals

  1:     0.156  0.154  0.148  0.085  0.203  0.255       77
  2:     0.144  0.158  0.161  0.315  0.120  0.102      124
  3:     0.170  0.183  0.178  0.121  0.194  0.154      113
  4:     0.172  0.179  0.191  0.191  0.146  0.122       27
  5:     0.419  0.189  0.182  0.059  0.073  0.078        9
--------------------------------------------

Allele-freq. divergence among pops (Net nucleotide distance),
computed using point estimates of P.

      1       2       3       4       5       6      
 1      -    0.0029  0.0049  0.0441  0.0199  0.0318  
 2   0.0029     -    0.0028  0.0375  0.0145  0.0265  
 3   0.0049  0.0028     -    0.0410  0.0177  0.0290  
 4   0.0441  0.0375  0.0410     -    0.0582  0.0695  
 5   0.0199  0.0145  0.0177  0.0582     -    0.0379  
 6   0.0318  0.0265  0.0290  0.0695  0.0379     -    

Average distances (expected heterozygosity) between individuals in same cluster:
cluster  1  : 0.4436 
cluster  2  : 0.4531 
cluster  3  : 0.4437 
cluster  4  : 0.3954 
cluster  5  : 0.4358 
cluster  6  : 0.4157 

--------------------------------------------
Estimated Ln Prob of Data   = -190689.6
Mean value of ln likelihood = -134543.1
Variance of ln likelihood   = 112293.0
Mean value of alpha         = 1.0000

Mean value of Fst_1         = 0.0485
Mean value of Fst_2         = 0.0265
Mean value of Fst_3         = 0.0581
Mean value of Fst_4         = 0.2140
Mean value of Fst_5         = 0.1233
Mean value of Fst_6         = 0.1705


Inferred ancestry of individuals:
        Label (%Miss) Pop:  Inferred clusters
  1   207778    (1)    2 :  0.114 0.142 0.184 0.351 0.104 0.104 
  2 z0005757    (7)    3 :  0.177 0.195 0.178 0.097 0.128 0.224 
  3 z0005758    (0)    3 :  0.169 0.157 0.251 0.090 0.099 0.234 
  4 z0011944    (0)    1 :  0.452 0.247 0.136 0.085 0.036 0.044 
  5 z0012702    (8)    4 :  0.112 0.138 0.130 0.485 0.096 0.040 
  6 z0016577    (1)    3 :  0.147 0.153 0.180 0.161 0.176 0.183 
  7 z0016578   (20)    1 :  0.137 0.137 0.115 0.047 0.479 0.085 
  8 z0016579    (1)    3 :  0.212 0.237 0.268 0.085 0.081 0.117 
  9 z0018264    (0)    1 :  0.373 0.215 0.198 0.073 0.058 0.082 
 10 z0029828    (2)    3 :  0.099 0.131 0.140 0.086 0.453 0.092 
 11 z0029829   (13)    1 :  0.082 0.117 0.103 0.050 0.526 0.122 
 12 z0029846    (0)    1 :  0.146 0.130 0.147 0.150 0.231 0.195 
 13 z0029860    (0)    3 :  0.113 0.134 0.119 0.105 0.392 0.136 
 14 z0029863    (1)    1 :  0.284 0.216 0.217 0.082 0.140 0.063 
 15 z0029864    (8)    1 :  0.255 0.171 0.156 0.090 0.257 0.071 
 16 z0029865   (12)    3 :  0.128 0.128 0.323 0.038 0.101 0.283 
 17 z0037607    (1)    3 :  0.256 0.258 0.181 0.119 0.137 0.049 
 18 z0037609   (23)    3 :  0.184 0.191 0.234 0.085 0.194 0.111 
 19 z0037624   (20)    1 :  0.115 0.192 0.184 0.111 0.088 0.310 
 20 z0038417    (7)    2 :  0.118 0.105 0.105 0.496 0.076 0.101 
 21 z0040275    (8)    2 :  0.148 0.126 0.126 0.402 0.141 0.056 
 22 z0040287    (3)    2 :  0.219 0.184 0.221 0.125 0.159 0.092 
 23 z0040308    (0)    2 :  0.116 0.113 0.245 0.356 0.070 0.101 
 24 z0040333    (1)    2 :  0.105 0.214 0.171 0.267 0.183 0.059 
 25 z0040334    (1)    2 :  0.081 0.117 0.132 0.557 0.056 0.058 
 26 z0040337    (4)    2 :  0.203 0.200 0.228 0.169 0.123 0.077 
 27 z0040345    (1)    2 :  0.138 0.119 0.205 0.411 0.057 0.070 
 28 z0040357    (5)    2 :  0.123 0.173 0.139 0.340 0.110 0.115 
 29 z0040363   (19)    2 :  0.136 0.207 0.156 0.311 0.088 0.102 
 30 z0040364    (0)    2 :  0.091 0.094 0.138 0.527 0.070 0.080 
 31 z0040387    (0)    2 :  0.139 0.175 0.116 0.354 0.100 0.116 
 32 z0040403   (15)    2 :  0.146 0.142 0.143 0.274 0.139 0.156 
 33 z0040439    (0)    2 :  0.136 0.122 0.103 0.514 0.079 0.046 
 34 z0040465   (20)    2 :  0.106 0.121 0.143 0.265 0.271 0.095 
 35 z0040513   (24)    3 :  0.159 0.225 0.150 0.120 0.233 0.114 
 36 z0040961   (11)    2 :  0.206 0.226 0.168 0.202 0.105 0.093 
 37 z0040985   (14)    2 :  0.173 0.191 0.277 0.154 0.109 0.096 
 38 z0041026    (0)    2 :  0.130 0.181 0.114 0.344 0.136 0.095 
 39 z0041051   (30)    2 :  0.199 0.156 0.145 0.351 0.064 0.085 
 40 z0041115    (7)    2 :  0.062 0.096 0.096 0.405 0.098 0.243 
 41 z0041153   (23)    2 :  0.174 0.174 0.221 0.216 0.105 0.110 
 42 z0041233    (3)    2 :  0.106 0.141 0.217 0.247 0.146 0.144 
 43 z0041243    (0)    2 :  0.159 0.146 0.232 0.293 0.084 0.087 
 44 z0041248    (5)    2 :  0.133 0.157 0.127 0.388 0.085 0.109 
 45 z0041250    (1)    2 :  0.118 0.156 0.139 0.443 0.082 0.062 
 46 z0041274    (1)    2 :  0.193 0.187 0.185 0.171 0.195 0.069 
 47 z0041465   (16)    2 :  0.063 0.072 0.070 0.386 0.169 0.240 
 48 z0041472    (2)    2 :  0.114 0.118 0.168 0.314 0.107 0.179 
 49 z0041480    (9)    2 :  0.119 0.128 0.189 0.273 0.132 0.158 
 50 z0041483    (0)    2 :  0.084 0.079 0.093 0.511 0.087 0.146 
 51 z0041494   (12)    2 :  0.151 0.222 0.167 0.283 0.133 0.044 
 52 z0041498    (1)    2 :  0.116 0.150 0.115 0.375 0.127 0.118 
 53 z0041501    (1)    2 :  0.140 0.186 0.152 0.392 0.099 0.032 
 54 z0041507    (6)    2 :  0.148 0.196 0.189 0.322 0.081 0.064 
 55 z0041512    (0)    2 :  0.116 0.139 0.116 0.438 0.137 0.054 
 56 z0041522   (15)    2 :  0.151 0.124 0.112 0.362 0.111 0.139 
 57 z0041526    (0)    3 :  0.080 0.084 0.098 0.496 0.107 0.135 
 58 z0041527   (14)    2 :  0.121 0.152 0.159 0.279 0.159 0.131 
 59 z0043243    (1)    2 :  0.221 0.182 0.168 0.093 0.097 0.239 
 60 z0043278    (0)    2 :  0.161 0.161 0.106 0.416 0.099 0.058 
 61 z0043475   (16)    3 :  0.150 0.246 0.179 0.210 0.111 0.105 
 62 z0043477    (0)    2 :  0.219 0.161 0.189 0.247 0.085 0.098 
 63 z0043478    (2)    2 :  0.090 0.094 0.122 0.513 0.048 0.132 
 64 z0043481    (0)    2 :  0.123 0.146 0.169 0.387 0.071 0.104 
 65 z0043489    (5)    2 :  0.176 0.143 0.139 0.418 0.074 0.050 
 66 z0043491   (12)    2 :  0.193 0.187 0.179 0.230 0.127 0.084 
 67 z0043493    (2)    2 :  0.177 0.190 0.366 0.109 0.087 0.070 
 68 z0043494    (1)    2 :  0.127 0.143 0.185 0.292 0.185 0.068 
 69 z0043498    (1)    2 :  0.096 0.155 0.103 0.453 0.128 0.066 
 70 z0043504    (7)    2 :  0.190 0.178 0.215 0.214 0.051 0.153 
 71 z0043526    (3)    4 :  0.215 0.232 0.228 0.161 0.086 0.078 
 72 z0043566    (2)    2 :  0.119 0.169 0.162 0.351 0.054 0.146 
 73 z0043572    (0)    2 :  0.097 0.167 0.112 0.419 0.112 0.092 
 74 z0043599    (2)    2 :  0.152 0.173 0.173 0.242 0.159 0.100 
 75 z0043642    (0)    2 :  0.130 0.160 0.105 0.320 0.229 0.056 
 76 z0043649    (1)    2 :  0.107 0.099 0.098 0.473 0.134 0.089 
 77 z0043652    (1)    2 :  0.196 0.178 0.201 0.113 0.212 0.101 
 78 z0043668    (0)    2 :  0.133 0.169 0.208 0.244 0.080 0.166 
 79 z0043674    (0)    4 :  0.124 0.125 0.115 0.052 0.375 0.209 
 80 z0043686    (1)    2 :  0.158 0.123 0.150 0.347 0.111 0.111 
 81 z0043693    (1)    2 :  0.144 0.214 0.140 0.245 0.181 0.076 
 82 z0043704   (14)    2 :  0.094 0.074 0.072 0.588 0.098 0.074 
 83 z0043807    (1)    2 :  0.157 0.207 0.162 0.265 0.153 0.057 
 84 z0043819    (0)    2 :  0.190 0.288 0.180 0.095 0.137 0.110 
 85 z0043876    (7)    2 :  0.112 0.140 0.253 0.160 0.081 0.253 
 86 z0043877   (32)    2 :  0.126 0.214 0.171 0.213 0.104 0.172 
 87 z0043891   (21)    4 :  0.205 0.183 0.148 0.198 0.129 0.137 
 88 z0043915   (31)    2 :  0.232 0.205 0.196 0.152 0.114 0.100 
 89 z0043940   (10)    2 :  0.217 0.222 0.215 0.053 0.184 0.108 
 90 z0043954    (1)    2 :  0.187 0.191 0.180 0.175 0.144 0.124 
 91 z0043966    (5)    2 :  0.116 0.145 0.134 0.394 0.147 0.063 
 92 z0043980    (1)    2 :  0.133 0.200 0.185 0.209 0.151 0.123 
 93 z0044017   (11)    2 :  0.154 0.106 0.135 0.374 0.157 0.074 
 94 z0044019   (14)    2 :  0.105 0.209 0.181 0.253 0.083 0.169 
 95 z0044023   (35)    2 :  0.070 0.088 0.071 0.554 0.077 0.141 
 96 z0044033    (0)    2 :  0.051 0.077 0.064 0.671 0.070 0.068 
 97 z0044042    (3)    2 :  0.092 0.088 0.115 0.517 0.046 0.142 
 98 z0044047   (24)    2 :  0.129 0.168 0.148 0.374 0.120 0.062 
 99 z0044064   (13)    2 :  0.143 0.168 0.192 0.311 0.136 0.050 
100 z0044432   (14)    2 :  0.216 0.225 0.194 0.147 0.102 0.116 
101 z0045326    (0)    3 :  0.102 0.113 0.113 0.128 0.400 0.144 
102 z0045331    (5)    1 :  0.148 0.132 0.112 0.124 0.400 0.084 
103 z0045332    (1)    1 :  0.172 0.222 0.134 0.068 0.343 0.061 
104 z0045333    (6)    1 :  0.121 0.146 0.130 0.068 0.091 0.442 
105 z0045337    (4)    1 :  0.097 0.088 0.079 0.074 0.082 0.579 
106 z0045342   (12)    1 :  0.124 0.295 0.141 0.082 0.246 0.112 
107 z0045347    (1)    3 :  0.245 0.195 0.221 0.084 0.087 0.169 
108 z0045350    (0)    1 :  0.216 0.238 0.167 0.070 0.188 0.122 
109 z0045370    (0)    1 :  0.078 0.075 0.079 0.031 0.584 0.153 
110 z0045371    (1)    3 :  0.161 0.182 0.161 0.130 0.207 0.159 
111 z0045398    (1)    3 :  0.227 0.162 0.308 0.026 0.132 0.144 
112 z0045399    (1)    3 :  0.263 0.248 0.174 0.052 0.148 0.117 
113 z0045401   (23)    1 :  0.146 0.162 0.147 0.104 0.301 0.140 
114 z0045404    (0)    3 :  0.089 0.096 0.114 0.059 0.570 0.072 
115 z0045405    (4)    3 :  0.193 0.195 0.221 0.082 0.240 0.068 
116 z0045407    (1)    3 :  0.273 0.234 0.190 0.090 0.140 0.072 
117 z0045719    (0)    2 :  0.180 0.180 0.193 0.283 0.124 0.040 
118 z0045720    (1)    2 :  0.232 0.185 0.236 0.102 0.156 0.087 
119 z0045728    (0)    2 :  0.109 0.129 0.130 0.377 0.076 0.180 
120 z0045731    (0)    2 :  0.177 0.232 0.195 0.191 0.160 0.045 
121 z0045733    (0)    2 :  0.176 0.163 0.239 0.131 0.174 0.117 
122 z0045736    (1)    2 :  0.131 0.219 0.182 0.189 0.168 0.111 
123 z0045739    (1)    2 :  0.151 0.238 0.200 0.113 0.220 0.076 
124 z0045740    (1)    2 :  0.116 0.129 0.134 0.453 0.080 0.088 
125 z0045741    (0)    2 :  0.181 0.231 0.153 0.243 0.151 0.041 
126 z0045742    (0)    2 :  0.075 0.086 0.083 0.397 0.245 0.114 
127 z0045776    (0)    3 :  0.182 0.195 0.191 0.187 0.096 0.149 
128 z0045779    (0)    2 :  0.055 0.053 0.050 0.597 0.054 0.191 
129 z0045781    (0)    2 :  0.145 0.138 0.184 0.368 0.106 0.059 
130 z0045788    (5)    2 :  0.093 0.091 0.076 0.618 0.051 0.072 
131 z0045789    (2)    2 :  0.141 0.123 0.093 0.468 0.099 0.078 
132 z0045791    (4)    2 :  0.159 0.149 0.101 0.394 0.125 0.072 
133 z0045792   (22)    1 :  0.174 0.185 0.184 0.146 0.089 0.223 
134 z0045793    (0)    3 :  0.067 0.094 0.073 0.186 0.426 0.155 
135 z0047562   (14)    2 :  0.139 0.135 0.199 0.309 0.138 0.080 
136 z0047854    (1)    2 :  0.121 0.150 0.181 0.324 0.121 0.103 
137 z0051185    (0)    1 :  0.164 0.166 0.209 0.047 0.287 0.128 
138 z0051324    (0)    1 :  0.155 0.133 0.190 0.069 0.172 0.281 
139 z0051327    (3)    3 :  0.154 0.211 0.190 0.148 0.201 0.096 
140 z0051328    (1)    1 :  0.135 0.114 0.168 0.118 0.082 0.384 
141 z0051380    (0)    1 :  0.074 0.056 0.085 0.026 0.061 0.697 
142 z0051400    (0)    3 :  0.127 0.123 0.103 0.168 0.229 0.250 
143 z0051431   (21)    3 :  0.130 0.160 0.190 0.205 0.260 0.054 
144 z0051840   (33)    2 :  0.144 0.167 0.125 0.310 0.196 0.058 
145 z0051844   (27)    2 :  0.188 0.186 0.158 0.258 0.139 0.071 
146 z0051875   (28)    3 :  0.123 0.189 0.174 0.067 0.349 0.098 
147 z0051885    (7)    3 :  0.109 0.130 0.082 0.377 0.229 0.073 
148 z0051888    (0)    2 :  0.105 0.117 0.130 0.379 0.166 0.103 
149 z0051891    (0)    1 :  0.206 0.233 0.193 0.095 0.172 0.101 
150 z0051893    (2)    1 :  0.150 0.137 0.149 0.098 0.151 0.315 
151 z0051895    (0)    3 :  0.152 0.158 0.201 0.067 0.235 0.186 
152 z0051918    (0)    3 :  0.238 0.226 0.171 0.221 0.079 0.065 
153 z0051929    (1)    1 :  0.095 0.137 0.214 0.068 0.147 0.338 
154 z0051939   (11)    3 :  0.136 0.209 0.125 0.193 0.275 0.062 
155 z0051947    (3)    1 :  0.092 0.184 0.077 0.089 0.088 0.469 
156 z0051959    (1)    3 :  0.260 0.192 0.198 0.146 0.075 0.129 
157 z0052846    (0)    4 :  0.186 0.149 0.174 0.130 0.226 0.136 
158 z0052882    (1)    2 :  0.151 0.214 0.185 0.208 0.137 0.106 
159 z0053020   (20)    2 :  0.173 0.160 0.250 0.234 0.098 0.084 
160 z0053024   (12)    2 :  0.190 0.148 0.239 0.176 0.113 0.135 
161 z0053025    (3)    2 :  0.071 0.086 0.092 0.575 0.127 0.048 
162 z0053031    (0)    2 :  0.197 0.184 0.172 0.133 0.190 0.125 
163 z0053032    (0)    2 :  0.170 0.197 0.197 0.240 0.057 0.139 
164 z0053040    (5)    2 :  0.168 0.211 0.210 0.196 0.122 0.092 
165 z0053051    (0)    3 :  0.245 0.217 0.164 0.048 0.267 0.058 
166 z0053054    (5)    3 :  0.163 0.221 0.202 0.049 0.261 0.103 
167 z0053071    (2)    2 :  0.091 0.116 0.107 0.503 0.117 0.065 
168 z0053073    (1)    2 :  0.196 0.220 0.239 0.102 0.081 0.161 
169 z0053078    (0)    3 :  0.290 0.162 0.128 0.297 0.079 0.044 
170 z0053082    (1)    3 :  0.101 0.168 0.105 0.308 0.232 0.085 
171 z0053083   (12)    2 :  0.157 0.149 0.198 0.260 0.119 0.116 
172 z0053090   (10)    3 :  0.157 0.190 0.194 0.325 0.067 0.068 
173 z0053096    (0)    2 :  0.145 0.120 0.084 0.533 0.085 0.033 
174 z0053100    (6)    2 :  0.126 0.168 0.258 0.317 0.066 0.065 
175 z0053101    (0)    2 :  0.189 0.173 0.130 0.335 0.076 0.097 
176 z0053102    (8)    2 :  0.128 0.160 0.190 0.349 0.128 0.044 
177 z0053103    (0)    2 :  0.064 0.083 0.098 0.569 0.110 0.076 
178 z0053111    (2)    3 :  0.203 0.265 0.220 0.087 0.131 0.095 
179 z0053131    (0)    2 :  0.127 0.123 0.131 0.314 0.156 0.150 
180 z0053132    (0)    2 :  0.278 0.211 0.147 0.215 0.108 0.041 
181 z0053133    (0)    2 :  0.178 0.263 0.156 0.095 0.245 0.062 
182 z0053138    (0)    2 :  0.130 0.146 0.178 0.222 0.159 0.165 
183 z0053142    (2)    2 :  0.144 0.136 0.132 0.248 0.123 0.218 
184 z0053149    (0)    2 :  0.164 0.137 0.107 0.355 0.075 0.162 
185 z0053754    (1)    1 :  0.246 0.139 0.121 0.138 0.097 0.258 
186 z0053756    (1)    1 :  0.330 0.170 0.153 0.069 0.075 0.202 
187 z0053758   (17)    1 :  0.077 0.081 0.074 0.104 0.464 0.201 
188 z0053759    (0)    1 :  0.144 0.202 0.162 0.057 0.107 0.327 
189 z0053842    (1)    1 :  0.146 0.168 0.376 0.077 0.129 0.103 
190 z0053843    (6)    1 :  0.098 0.126 0.099 0.051 0.513 0.113 
191 z0053844    (7)    1 :  0.167 0.146 0.143 0.098 0.233 0.213 
192 z0053846    (2)    1 :  0.079 0.110 0.070 0.048 0.537 0.155 
193 z0053847    (0)    1 :  0.096 0.246 0.085 0.122 0.062 0.389 
194 z0053849    (1)    1 :  0.234 0.206 0.170 0.065 0.216 0.109 
195 z0055903    (1)    4 :  0.206 0.195 0.246 0.080 0.103 0.169 
196 z0055910   (34)    4 :  0.211 0.189 0.233 0.142 0.097 0.128 
197 z0055912    (7)    4 :  0.232 0.237 0.239 0.137 0.091 0.064 
198 z0055916   (15)    4 :  0.197 0.200 0.236 0.152 0.099 0.115 
199 z0055931    (2)    4 :  0.129 0.161 0.127 0.404 0.089 0.091 
200 z0055944    (3)    4 :  0.154 0.191 0.207 0.128 0.147 0.173 
201 z0055947    (9)    4 :  0.159 0.144 0.187 0.129 0.307 0.074 
202 z0055962    (6)    4 :  0.116 0.188 0.207 0.306 0.102 0.081 
203 z0055963   (21)    4 :  0.173 0.146 0.199 0.283 0.118 0.081 
204 z0055965   (25)    4 :  0.265 0.257 0.204 0.054 0.097 0.123 
205 z0055970   (15)    4 :  0.167 0.169 0.221 0.193 0.079 0.171 
206 z0055971    (7)    4 :  0.183 0.181 0.165 0.193 0.126 0.153 
207 z0055977    (6)    4 :  0.132 0.152 0.195 0.270 0.195 0.057 
208 z0055986   (19)    4 :  0.148 0.174 0.140 0.091 0.217 0.230 
209 z0055990    (6)    4 :  0.119 0.130 0.130 0.387 0.149 0.084 
210 z0055996    (2)    4 :  0.109 0.147 0.196 0.239 0.221 0.089 
211 z0055997    (3)    4 :  0.136 0.200 0.133 0.202 0.130 0.200 
212 z0055998    (4)    4 :  0.267 0.250 0.155 0.100 0.113 0.115 
213 z0055999    (2)    4 :  0.157 0.182 0.143 0.097 0.238 0.183 
214 z0056011    (7)    4 :  0.221 0.182 0.337 0.083 0.113 0.064 
215 z0056029    (4)    4 :  0.160 0.154 0.265 0.188 0.097 0.136 
216 z0056034    (0)    4 :  0.155 0.184 0.187 0.272 0.101 0.101 
217 z0056056   (25)    3 :  0.144 0.176 0.197 0.099 0.157 0.227 
218 z0056058    (5)    3 :  0.042 0.051 0.064 0.034 0.071 0.738 
219 z0056059    (8)    3 :  0.182 0.273 0.232 0.088 0.136 0.090 
220 z0056062    (1)    3 :  0.208 0.179 0.180 0.110 0.089 0.233 
221 z0056063    (4)    3 :  0.184 0.285 0.232 0.056 0.139 0.102 
222 z0056064    (0)    3 :  0.276 0.212 0.195 0.075 0.141 0.101 
223 z0056065    (0)    3 :  0.177 0.185 0.134 0.064 0.222 0.218 
224 z0056073    (0)    3 :  0.142 0.178 0.260 0.056 0.224 0.139 
225 z0056076    (4)    3 :  0.167 0.315 0.136 0.116 0.083 0.183 
226 z0056079    (9)    3 :  0.182 0.194 0.283 0.054 0.119 0.169 
227 z0056085    (0)    3 :  0.194 0.210 0.138 0.082 0.295 0.081 
228 z0056092    (1)    3 :  0.232 0.188 0.166 0.061 0.235 0.119 
229 z0056095    (1)    3 :  0.221 0.221 0.154 0.054 0.208 0.143 
230 z0056103    (7)    3 :  0.140 0.161 0.187 0.044 0.091 0.377 
231 z0056374    (7)    1 :  0.080 0.082 0.121 0.038 0.089 0.590 
232 z0056375    (0)    1 :  0.113 0.108 0.109 0.063 0.386 0.221 
233 z0056377    (0)    1 :  0.167 0.193 0.236 0.099 0.099 0.207 
234 z0056378    (0)    1 :  0.097 0.145 0.112 0.094 0.087 0.465 
235 z0056382    (0)    1 :  0.099 0.116 0.099 0.041 0.589 0.056 
236 z0056384    (3)    1 :  0.231 0.213 0.142 0.082 0.087 0.245 
237 z0056386    (7)    1 :  0.109 0.140 0.096 0.060 0.409 0.185 
238 z0056389    (0)    1 :  0.072 0.075 0.065 0.044 0.649 0.095 
239 z0056391    (1)    1 :  0.054 0.063 0.056 0.033 0.401 0.394 
240 z0056392   (11)    1 :  0.092 0.098 0.086 0.058 0.183 0.483 
241 z0056393    (8)    1 :  0.110 0.116 0.188 0.081 0.276 0.228 
242 z0056394    (0)    1 :  0.114 0.122 0.233 0.062 0.234 0.235 
243 z0056395    (1)    1 :  0.153 0.169 0.158 0.126 0.066 0.328 
244 z0056397    (0)    1 :  0.218 0.158 0.179 0.201 0.077 0.167 
245 z0061527    (2)    3 :  0.123 0.161 0.128 0.408 0.094 0.086 
246 z0061967    (1)    3 :  0.172 0.251 0.190 0.103 0.164 0.122 
247 z0061969    (0)    3 :  0.089 0.125 0.145 0.296 0.239 0.107 
248 z0061980    (1)    1 :  0.174 0.158 0.131 0.120 0.181 0.236 
249 z0066166    (3)    3 :  0.101 0.103 0.129 0.217 0.213 0.238 
250 z0066792    (2)    1 :  0.399 0.173 0.172 0.102 0.084 0.070 
251 z0066805    (1)    1 :  0.422 0.215 0.163 0.056 0.073 0.072 
252 z0068471    (2)    3 :  0.151 0.175 0.123 0.091 0.065 0.395 
253 z0075696    (6)    5 :  0.439 0.202 0.187 0.047 0.090 0.034 
254 z0101084    (7)    1 :  0.091 0.097 0.130 0.086 0.118 0.479 
255 z0107099    (2)    3 :  0.128 0.121 0.129 0.032 0.251 0.339 
256 z0107101    (0)    1 :  0.040 0.058 0.046 0.058 0.188 0.610 
257 z0108489    (0)    1 :  0.196 0.207 0.204 0.111 0.074 0.209 
258 z0108513    (0)    1 :  0.081 0.090 0.079 0.114 0.300 0.337 
259 z0108528    (0)    3 :  0.127 0.161 0.168 0.170 0.192 0.182 
260 z0113628    (1)    3 :  0.224 0.245 0.248 0.110 0.119 0.054 
261 z0133302   (16)    1 :  0.142 0.318 0.140 0.085 0.135 0.180 
262 z0173485    (1)    1 :  0.171 0.249 0.220 0.182 0.112 0.066 
263 z0175371    (1)    3 :  0.236 0.195 0.160 0.178 0.145 0.086 
264 z0175378    (0)    2 :  0.089 0.146 0.149 0.411 0.151 0.053 
265 z0175912    (0)    1 :  0.127 0.079 0.144 0.084 0.067 0.499 
266 z0175916    (1)    1 :  0.176 0.204 0.147 0.226 0.092 0.156 
267 z0175937    (1)    1 :  0.143 0.129 0.124 0.061 0.374 0.169 
268 z0178348   (12)    1 :  0.117 0.103 0.158 0.089 0.069 0.463 
269 z0187819    (7)    3 :  0.121 0.128 0.151 0.100 0.155 0.346 
270 z0187857    (1)    1 :  0.071 0.092 0.087 0.113 0.182 0.455 
271 z0187860    (0)    1 :  0.137 0.220 0.190 0.116 0.146 0.191 
272 z0187885    (0)    2 :  0.235 0.183 0.155 0.266 0.109 0.052 
273 z0187906    (9)    1 :  0.273 0.187 0.243 0.100 0.103 0.093 
274 z0195655    (0)    2 :  0.087 0.092 0.097 0.568 0.074 0.081 
275 z0195663    (0)    3 :  0.195 0.159 0.162 0.309 0.129 0.046 
276 z0195683    (1)    3 :  0.117 0.231 0.143 0.065 0.296 0.148 
277 z0195688    (0)    2 :  0.216 0.174 0.170 0.185 0.158 0.097 
278 z0195691    (0)    3 :  0.234 0.242 0.235 0.094 0.138 0.057 
279 z0195699    (0)    3 :  0.138 0.143 0.219 0.104 0.310 0.086 
280 z0195701    (7)    3 :  0.141 0.228 0.136 0.067 0.248 0.179 
281 z0195702    (0)    3 :  0.182 0.302 0.176 0.147 0.093 0.101 
282 z0195704    (0)    3 :  0.101 0.098 0.108 0.203 0.060 0.431 
283 z0195705    (0)    3 :  0.125 0.122 0.212 0.382 0.094 0.064 
284 z0195711    (0)    3 :  0.260 0.178 0.282 0.075 0.109 0.094 
285 z0195716    (0)    3 :  0.228 0.257 0.183 0.079 0.114 0.138 
286 z0195718   (12)    3 :  0.187 0.218 0.138 0.042 0.184 0.232 
287 z0195725    (5)    3 :  0.099 0.111 0.155 0.253 0.056 0.326 
288 z0195726   (16)    1 :  0.182 0.219 0.389 0.041 0.090 0.078 
289 z0195728   (14)    3 :  0.073 0.110 0.082 0.031 0.602 0.101 
290 z0195732   (16)    3 :  0.150 0.143 0.264 0.036 0.273 0.135 
291 z0195737    (0)    3 :  0.141 0.188 0.162 0.254 0.152 0.103 
292 z0195740   (26)    3 :  0.208 0.181 0.286 0.105 0.116 0.103 
293 z0195751    (1)    3 :  0.094 0.152 0.107 0.041 0.491 0.116 
294 z0195762    (1)    3 :  0.305 0.204 0.189 0.051 0.158 0.093 
295 z0195784    (0)    3 :  0.196 0.194 0.201 0.047 0.188 0.173 
296 z0196686    (0)    5 :  0.538 0.189 0.116 0.039 0.042 0.076 
297 z0196687    (0)    5 :  0.419 0.174 0.171 0.101 0.066 0.069 
298 z0196689    (0)    5 :  0.432 0.192 0.208 0.083 0.048 0.038 
299 z0196690    (2)    5 :  0.373 0.179 0.140 0.047 0.095 0.166 
300 z0196691    (7)    5 :  0.433 0.181 0.242 0.031 0.057 0.056 
301 z0196692    (1)    5 :  0.363 0.189 0.179 0.077 0.085 0.107 
302 z0196693    (1)    5 :  0.355 0.222 0.171 0.061 0.114 0.077 
303 z0196694    (1)    5 :  0.420 0.169 0.223 0.045 0.061 0.082 
304 z0196710    (0)    3 :  0.250 0.214 0.190 0.104 0.092 0.150 
305 z0196715   (22)    3 :  0.122 0.169 0.201 0.052 0.232 0.224 
306 z0196719    (0)    3 :  0.125 0.125 0.168 0.121 0.338 0.123 
307 z0196724   (20)    3 :  0.132 0.169 0.222 0.088 0.289 0.100 
308 z0196725    (0)    3 :  0.141 0.162 0.109 0.077 0.099 0.413 
309 z0196729    (1)    3 :  0.148 0.254 0.132 0.076 0.202 0.187 
310 z0196730    (3)    1 :  0.057 0.068 0.059 0.101 0.043 0.673 
311 z0196731    (0)    3 :  0.140 0.158 0.265 0.052 0.193 0.193 
312 z0196733   (13)    1 :  0.185 0.188 0.211 0.072 0.189 0.155 
313 z0196734    (1)    3 :  0.165 0.229 0.262 0.095 0.188 0.061 
314 z0196739   (17)    3 :  0.131 0.182 0.188 0.187 0.147 0.165 
315 z0196740   (11)    3 :  0.255 0.185 0.140 0.063 0.247 0.108 
316 z0196746    (1)    1 :  0.143 0.156 0.110 0.043 0.138 0.411 
317 z0196751    (0)    3 :  0.148 0.304 0.138 0.073 0.180 0.157 
318 z0196752    (0)    3 :  0.384 0.203 0.155 0.038 0.084 0.137 
319 z0196754    (0)    3 :  0.091 0.116 0.118 0.105 0.456 0.114 
320 z0196758    (1)    1 :  0.169 0.145 0.119 0.120 0.161 0.286 
321 z0196763    (1)    3 :  0.211 0.174 0.226 0.081 0.242 0.066 
322 z0196764    (0)    3 :  0.184 0.171 0.190 0.061 0.291 0.102 
323 z0196766    (0)    3 :  0.140 0.223 0.142 0.051 0.187 0.257 
324 z0196769    (1)    3 :  0.185 0.178 0.155 0.040 0.273 0.169 
325 z0196774    (0)    3 :  0.252 0.157 0.136 0.045 0.150 0.261 
326 z0196783    (0)    1 :  0.075 0.077 0.072 0.038 0.251 0.487 
327 z0196794    (2)    1 :  0.114 0.136 0.074 0.040 0.351 0.283 
328 z0196804   (14)    1 :  0.160 0.132 0.200 0.061 0.242 0.205 
329 z0196809    (0)    3 :  0.196 0.198 0.170 0.048 0.272 0.117 
330 z0196810    (1)    1 :  0.235 0.225 0.160 0.071 0.078 0.231 
331 z0196811    (0)    1 :  0.202 0.161 0.188 0.046 0.250 0.153 
332 z0196824    (0)    3 :  0.196 0.213 0.174 0.186 0.101 0.129 
333 z0196825    (0)    3 :  0.159 0.199 0.203 0.096 0.140 0.202 
334 z0196828    (1)    2 :  0.170 0.167 0.232 0.132 0.141 0.157 
335 z0196829    (0)    3 :  0.138 0.149 0.314 0.091 0.114 0.195 
336 z0196834   (26)    3 :  0.116 0.180 0.129 0.173 0.243 0.158 
337 z0196835    (0)    3 :  0.082 0.111 0.152 0.058 0.243 0.355 
338 z0196841   (20)    3 :  0.226 0.266 0.172 0.062 0.141 0.134 
339 z0196843   (25)    3 :  0.110 0.103 0.189 0.089 0.081 0.428 
340 z0196849    (0)    3 :  0.131 0.131 0.156 0.056 0.446 0.080 
341 z0196852    (0)    2 :  0.185 0.201 0.307 0.126 0.116 0.065 
342 z0196855    (0)    2 :  0.176 0.167 0.194 0.218 0.098 0.147 
343 z0196856    (0)    3 :  0.210 0.183 0.260 0.198 0.083 0.066 
344 z0196864    (1)    3 :  0.175 0.189 0.250 0.226 0.088 0.072 
345 z0196894    (0)    3 :  0.232 0.198 0.184 0.056 0.186 0.145 
346 z0197662    (2)    1 :  0.142 0.156 0.297 0.196 0.061 0.148 
347 z0197665    (2)    1 :  0.075 0.064 0.061 0.043 0.109 0.648 
348 z0197668   (20)    3 :  0.321 0.175 0.184 0.084 0.175 0.061 
349 z0197669    (0)    3 :  0.168 0.155 0.162 0.299 0.169 0.047 
350 z0197672    (1)    3 :  0.161 0.216 0.162 0.084 0.304 0.074 


Estimated Allele Frequencies in each cluster
First column gives estimated ancestral frequencies


Locus 1 : Mnov_gtseq_1 
2 alleles
0.0% missing data
   0   (0.451) 0.463 0.447 0.538 0.209 0.406 0.357 
   1   (0.549) 0.537 0.553 0.462 0.791 0.594 0.643 

Locus 2 : Mnov_gtseq_10 
2 alleles
0.3% missing data
   0   (0.845) 0.882 0.862 0.833 0.976 0.679 0.690 
   1   (0.155) 0.118 0.138 0.167 0.024 0.321 0.310 

Locus 3 : Mnov_gtseq_102 
2 alleles
0.9% missing data
   0   (0.537) 0.555 0.485 0.525 0.845 0.593 0.411 
   1   (0.463) 0.445 0.515 0.475 0.155 0.407 0.589 

Locus 4 : Mnov_gtseq_104 
2 alleles
0.3% missing data
   0   (0.891) 0.933 0.895 0.928 0.971 0.762 0.676 
   1   (0.109) 0.067 0.105 0.072 0.029 0.238 0.324 

Locus 5 : Mnov_gtseq_106 
2 alleles
14.9% missing data
   1   (0.749) 0.723 0.747 0.800 0.799 0.833 0.758 
   0   (0.251) 0.277 0.253 0.200 0.201 0.167 0.242 

Locus 6 : Mnov_gtseq_107 
2 alleles
37.4% missing data
   1   (0.210) 0.162 0.236 0.215 0.531 0.096 0.180 
   0   (0.790) 0.838 0.764 0.785 0.469 0.904 0.820 

Locus 7 : Mnov_gtseq_112 
2 alleles
0.9% missing data
   0   (0.563) 0.458 0.566 0.626 0.736 0.744 0.582 
   1   (0.437) 0.542 0.434 0.374 0.264 0.256 0.418 

Locus 8 : Mnov_gtseq_113 
2 alleles
2.0% missing data
   1   (0.723) 0.710 0.708 0.752 0.567 0.829 0.781 
   0   (0.277) 0.290 0.292 0.248 0.433 0.171 0.219 

Locus 9 : Mnov_gtseq_114 
3 alleles
4.3% missing data
   0   (0.523) 0.487 0.527 0.588 0.185 0.628 0.575 
   1   (0.449) 0.496 0.452 0.394 0.783 0.361 0.419 
   2   (0.029) 0.017 0.021 0.018 0.032 0.011 0.005 

Locus 10 : Mnov_gtseq_117 
2 alleles
26.9% missing data
   0   (0.648) 0.650 0.673 0.646 0.901 0.536 0.489 
   1   (0.352) 0.350 0.327 0.354 0.099 0.464 0.511 

Locus 11 : Mnov_gtseq_12 
2 alleles
0.3% missing data
   0   (0.470) 0.562 0.446 0.397 0.242 0.742 0.246 
   1   (0.530) 0.438 0.554 0.603 0.758 0.258 0.754 

Locus 12 : Mnov_gtseq_124 
4 alleles
5.1% missing data
   3   (0.732) 0.770 0.740 0.756 0.923 0.792 0.576 
   2   (0.219) 0.194 0.222 0.217 0.064 0.168 0.418 
   1   (0.027) 0.017 0.020 0.015 0.011 0.032 0.003 
   0   (0.022) 0.018 0.017 0.012 0.001 0.008 0.004 

Locus 13 : Mnov_gtseq_125 
3 alleles
1.7% missing data
   1   (0.215) 0.210 0.195 0.161 0.448 0.279 0.073 
   2   (0.695) 0.720 0.726 0.724 0.123 0.700 0.911 
   0   (0.090) 0.070 0.079 0.115 0.429 0.022 0.016 

Locus 14 : Mnov_gtseq_126 
2 alleles
0.0% missing data
   0   (0.412) 0.524 0.409 0.465 0.251 0.163 0.221 
   1   (0.588) 0.476 0.591 0.535 0.749 0.837 0.779 

Locus 15 : Mnov_gtseq_127 
2 alleles
6.9% missing data
   0   (0.641) 0.650 0.666 0.609 0.343 0.745 0.634 
   1   (0.359) 0.350 0.334 0.391 0.657 0.255 0.366 

Locus 16 : Mnov_gtseq_128 
2 alleles
30.9% missing data
   0   (0.663) 0.652 0.643 0.661 0.659 0.756 0.855 
   1   (0.337) 0.348 0.357 0.339 0.341 0.244 0.145 

Locus 17 : Mnov_gtseq_129 
3 alleles
2.0% missing data
   0   (0.511) 0.418 0.543 0.604 0.580 0.450 0.490 
   1   (0.284) 0.252 0.274 0.231 0.330 0.419 0.345 
   2   (0.205) 0.331 0.183 0.165 0.091 0.131 0.165 

Locus 18 : Mnov_gtseq_13 
3 alleles
0.0% missing data
   1   (0.389) 0.306 0.374 0.459 0.340 0.574 0.480 
   2   (0.199) 0.265 0.217 0.201 0.113 0.069 0.092 
   0   (0.412) 0.429 0.410 0.340 0.546 0.357 0.427 

Locus 19 : Mnov_gtseq_130 
2 alleles
28.6% missing data
   1   (0.516) 0.556 0.508 0.546 0.489 0.475 0.464 
   0   (0.484) 0.444 0.492 0.454 0.511 0.525 0.536 

Locus 20 : Mnov_gtseq_135 
2 alleles
0.6% missing data
   0   (0.471) 0.440 0.493 0.452 0.537 0.501 0.322 
   1   (0.529) 0.560 0.507 0.548 0.463 0.499 0.678 

Locus 21 : Mnov_gtseq_138 
3 alleles
0.6% missing data
   0   (0.246) 0.190 0.263 0.214 0.267 0.227 0.375 
   1   (0.523) 0.571 0.517 0.488 0.681 0.563 0.439 
   2   (0.232) 0.238 0.220 0.298 0.053 0.211 0.186 

Locus 22 : Mnov_gtseq_140 
2 alleles
1.1% missing data
   0   (0.451) 0.372 0.467 0.477 0.619 0.608 0.167 
   1   (0.549) 0.628 0.533 0.523 0.381 0.392 0.833 

Locus 23 : Mnov_gtseq_141 
2 alleles
0.3% missing data
   0   (0.536) 0.498 0.558 0.488 0.532 0.458 0.837 
   1   (0.464) 0.502 0.442 0.512 0.468 0.542 0.163 

Locus 24 : Mnov_gtseq_143 
2 alleles
2.6% missing data
   1   (0.515) 0.442 0.527 0.473 0.512 0.599 0.747 
   0   (0.485) 0.558 0.473 0.527 0.488 0.401 0.253 

Locus 25 : Mnov_gtseq_145 
2 alleles
2.0% missing data
   0   (0.425) 0.369 0.457 0.379 0.516 0.450 0.626 
   1   (0.575) 0.631 0.543 0.621 0.484 0.550 0.374 

Locus 26 : Mnov_gtseq_147 
3 alleles
25.4% missing data
   0   (0.785) 0.803 0.790 0.823 0.390 0.853 0.877 
   2   (0.143) 0.132 0.149 0.118 0.054 0.126 0.109 
   1   (0.072) 0.065 0.061 0.059 0.557 0.021 0.014 

Locus 27 : Mnov_gtseq_148 
3 alleles
9.1% missing data
   0   (0.345) 0.428 0.355 0.346 0.087 0.274 0.168 
   1   (0.429) 0.399 0.426 0.476 0.655 0.280 0.535 
   2   (0.225) 0.174 0.219 0.178 0.258 0.446 0.297 

Locus 28 : Mnov_gtseq_149 
2 alleles
0.3% missing data
   0   (0.609) 0.596 0.620 0.643 0.526 0.552 0.671 
   1   (0.391) 0.404 0.380 0.357 0.474 0.448 0.329 

Locus 29 : Mnov_gtseq_15 
2 alleles
0.0% missing data
   0   (0.482) 0.468 0.502 0.418 0.381 0.725 0.300 
   1   (0.518) 0.532 0.498 0.582 0.619 0.275 0.700 

Locus 30 : Mnov_gtseq_152 
2 alleles
0.9% missing data
   0   (0.341) 0.299 0.392 0.304 0.414 0.317 0.235 
   1   (0.659) 0.701 0.608 0.696 0.586 0.683 0.765 

Locus 31 : Mnov_gtseq_154 
3 alleles
3.4% missing data
   0   (0.349) 0.358 0.339 0.377 0.095 0.350 0.533 
   2   (0.227) 0.237 0.240 0.196 0.285 0.175 0.126 
   1   (0.424) 0.405 0.421 0.427 0.620 0.474 0.341 

Locus 32 : Mnov_gtseq_157 
2 alleles
0.6% missing data
   1   (0.551) 0.514 0.564 0.557 0.687 0.572 0.476 
   0   (0.449) 0.486 0.436 0.443 0.313 0.428 0.524 

Locus 33 : Mnov_gtseq_158 
2 alleles
0.6% missing data
   0   (0.386) 0.375 0.400 0.344 0.042 0.551 0.736 
   1   (0.614) 0.625 0.600 0.656 0.958 0.449 0.264 

Locus 34 : Mnov_gtseq_159 
3 alleles
24.0% missing data
   0   (0.595) 0.594 0.606 0.621 0.309 0.720 0.688 
   1   (0.185) 0.169 0.187 0.150 0.503 0.085 0.230 
   2   (0.220) 0.237 0.207 0.229 0.189 0.195 0.082 

Locus 35 : Mnov_gtseq_16 
2 alleles
0.0% missing data
   0   (0.649) 0.669 0.643 0.641 0.546 0.800 0.519 
   1   (0.351) 0.331 0.357 0.359 0.454 0.200 0.481 

Locus 36 : Mnov_gtseq_160 
2 alleles
2.3% missing data
   0   (0.480) 0.473 0.456 0.509 0.360 0.498 0.603 
   1   (0.520) 0.527 0.544 0.491 0.640 0.502 0.397 

Locus 37 : Mnov_gtseq_161 
2 alleles
1.7% missing data
   1   (0.742) 0.744 0.728 0.776 0.860 0.800 0.759 
   0   (0.258) 0.256 0.272 0.224 0.140 0.200 0.241 

Locus 38 : Mnov_gtseq_167 
3 alleles
1.1% missing data
   2   (0.756) 0.810 0.746 0.768 0.841 0.863 0.497 
   0   (0.171) 0.138 0.187 0.149 0.099 0.090 0.490 
   1   (0.073) 0.052 0.067 0.084 0.060 0.046 0.014 

Locus 39 : Mnov_gtseq_17 
2 alleles
0.3% missing data
   0   (0.551) 0.556 0.598 0.501 0.399 0.542 0.527 
   1   (0.449) 0.444 0.402 0.499 0.601 0.458 0.473 

Locus 40 : Mnov_gtseq_170 
2 alleles
0.0% missing data
   0   (0.335) 0.326 0.358 0.376 0.156 0.319 0.187 
   1   (0.665) 0.674 0.642 0.624 0.844 0.681 0.813 

Locus 41 : Mnov_gtseq_171 
3 alleles
41.4% missing data
   2   (0.614) 0.660 0.607 0.625 0.635 0.540 0.636 
   0   (0.297) 0.256 0.303 0.304 0.229 0.434 0.295 
   1   (0.089) 0.084 0.090 0.072 0.136 0.026 0.070 

Locus 42 : Mnov_gtseq_173 
4 alleles
21.4% missing data
   3   (0.470) 0.574 0.464 0.520 0.624 0.260 0.175 
   1   (0.470) 0.378 0.489 0.444 0.176 0.723 0.817 
   2   (0.049) 0.043 0.040 0.031 0.199 0.014 0.007 
   0   (0.011) 0.005 0.006 0.005 0.001 0.002 0.001 

Locus 43 : Mnov_gtseq_174 
2 alleles
2.6% missing data
   0   (0.236) 0.243 0.221 0.183 0.592 0.120 0.419 
   1   (0.764) 0.757 0.779 0.817 0.408 0.880 0.581 

Locus 44 : Mnov_gtseq_180 
3 alleles
14.3% missing data
   1   (0.572) 0.463 0.541 0.641 0.947 0.725 0.584 
   2   (0.346) 0.472 0.362 0.302 0.046 0.198 0.318 
   0   (0.083) 0.065 0.097 0.057 0.007 0.077 0.098 

Locus 45 : Mnov_gtseq_182 
2 alleles
8.6% missing data
   0   (0.863) 0.911 0.881 0.918 0.831 0.687 0.721 
   1   (0.137) 0.089 0.119 0.082 0.169 0.313 0.279 

Locus 46 : Mnov_gtseq_186 
3 alleles
28.0% missing data
   1   (0.469) 0.474 0.467 0.441 0.474 0.551 0.489 
   2   (0.096) 0.096 0.103 0.080 0.012 0.044 0.071 
   0   (0.435) 0.430 0.431 0.479 0.514 0.405 0.439 

Locus 47 : Mnov_gtseq_187 
2 alleles
7.1% missing data
   1   (0.560) 0.552 0.570 0.511 0.815 0.710 0.416 
   0   (0.440) 0.448 0.430 0.489 0.185 0.290 0.584 

Locus 48 : Mnov_gtseq_188 
2 alleles
13.4% missing data
   0   (0.582) 0.681 0.570 0.503 0.717 0.490 0.444 
   1   (0.418) 0.319 0.430 0.497 0.283 0.510 0.556 

Locus 49 : Mnov_gtseq_189 
2 alleles
3.7% missing data
   0   (0.408) 0.310 0.434 0.439 0.463 0.451 0.644 
   1   (0.592) 0.690 0.566 0.561 0.537 0.549 0.356 

Locus 50 : Mnov_gtseq_19 
3 alleles
0.0% missing data
   1   (0.856) 0.844 0.869 0.895 0.693 0.942 0.874 
   2   (0.084) 0.057 0.083 0.067 0.022 0.049 0.115 
   0   (0.060) 0.098 0.048 0.038 0.284 0.008 0.012 

Locus 51 : Mnov_gtseq_190 
2 alleles
0.0% missing data
   1   (0.440) 0.420 0.440 0.528 0.288 0.391 0.360 
   0   (0.560) 0.580 0.560 0.472 0.712 0.609 0.640 

Locus 52 : Mnov_gtseq_192 
2 alleles
20.9% missing data
   0   (0.839) 0.869 0.864 0.851 0.817 0.698 0.895 
   1   (0.161) 0.131 0.136 0.149 0.183 0.302 0.105 

Locus 53 : Mnov_gtseq_193 
2 alleles
0.0% missing data
   0   (0.699) 0.638 0.705 0.722 0.788 0.833 0.666 
   1   (0.301) 0.362 0.295 0.278 0.212 0.167 0.334 

Locus 54 : Mnov_gtseq_195 
3 alleles
0.0% missing data
   1   (0.583) 0.660 0.571 0.579 0.542 0.538 0.397 
   2   (0.394) 0.322 0.406 0.406 0.457 0.458 0.600 
   0   (0.023) 0.018 0.023 0.015 0.001 0.005 0.003 

Locus 55 : Mnov_gtseq_196 
2 alleles
0.3% missing data
   0   (0.328) 0.400 0.307 0.286 0.085 0.384 0.415 
   1   (0.672) 0.600 0.693 0.714 0.915 0.616 0.585 

Locus 56 : Mnov_gtseq_197 
3 alleles
0.3% missing data
   1   (0.366) 0.378 0.345 0.332 0.288 0.331 0.565 
   0   (0.414) 0.323 0.404 0.462 0.652 0.573 0.353 
   2   (0.220) 0.299 0.251 0.206 0.060 0.096 0.081 

Locus 57 : Mnov_gtseq_2 
3 alleles
0.3% missing data
   0   (0.203) 0.181 0.200 0.305 0.241 0.101 0.056 
   2   (0.746) 0.727 0.754 0.658 0.756 0.886 0.938 
   1   (0.051) 0.092 0.047 0.037 0.004 0.014 0.006 

Locus 58 : Mnov_gtseq_200 
2 alleles
2.3% missing data
   0   (0.401) 0.341 0.429 0.387 0.747 0.314 0.366 
   1   (0.599) 0.659 0.571 0.613 0.253 0.686 0.634 

Locus 59 : Mnov_gtseq_201 
4 alleles
0.0% missing data
   0   (0.642) 0.715 0.659 0.695 0.595 0.460 0.397 
   2   (0.127) 0.088 0.129 0.108 0.259 0.198 0.075 
   3   (0.145) 0.120 0.131 0.133 0.134 0.299 0.031 
   1   (0.086) 0.076 0.081 0.064 0.012 0.043 0.497 

Locus 60 : Mnov_gtseq_202 
2 alleles
0.0% missing data
   0   (0.389) 0.335 0.380 0.397 0.595 0.450 0.457 
   1   (0.611) 0.665 0.620 0.603 0.405 0.550 0.543 

Locus 61 : Mnov_gtseq_204 
2 alleles
3.4% missing data
   0   (0.396) 0.420 0.364 0.307 0.666 0.411 0.598 
   1   (0.604) 0.580 0.636 0.693 0.334 0.589 0.402 

Locus 62 : Mnov_gtseq_205 
5 alleles
0.0% missing data
   0   (0.187) 0.191 0.171 0.145 0.232 0.474 0.064 
   4   (0.035) 0.023 0.024 0.032 0.174 0.006 0.005 
   3   (0.702) 0.726 0.746 0.763 0.522 0.500 0.908 
   1   (0.060) 0.054 0.051 0.051 0.070 0.017 0.018 
   2   (0.015) 0.007 0.009 0.008 0.001 0.003 0.005 

Locus 63 : Mnov_gtseq_208 
2 alleles
0.0% missing data
   0   (0.649) 0.637 0.666 0.687 0.272 0.626 0.847 
   1   (0.351) 0.363 0.334 0.313 0.728 0.374 0.153 

Locus 64 : Mnov_gtseq_209 
3 alleles
0.0% missing data
   0   (0.448) 0.365 0.460 0.485 0.578 0.626 0.252 
   2   (0.512) 0.606 0.508 0.490 0.247 0.367 0.743 
   1   (0.040) 0.030 0.032 0.025 0.174 0.007 0.006 

Locus 65 : Mnov_gtseq_21 
2 alleles
0.0% missing data
   1   (0.516) 0.544 0.487 0.527 0.280 0.482 0.805 
   0   (0.484) 0.456 0.513 0.473 0.720 0.518 0.195 

Locus 66 : Mnov_gtseq_210 
2 alleles
4.6% missing data
   0   (0.329) 0.309 0.292 0.269 0.201 0.648 0.521 
   1   (0.671) 0.691 0.708 0.731 0.799 0.352 0.479 

Locus 67 : Mnov_gtseq_211 
2 alleles
1.1% missing data
   0   (0.408) 0.397 0.380 0.473 0.223 0.416 0.511 
   1   (0.592) 0.603 0.620 0.527 0.777 0.584 0.489 

Locus 68 : Mnov_gtseq_213 
2 alleles
5.4% missing data
   0   (0.497) 0.492 0.467 0.499 0.324 0.575 0.634 
   1   (0.503) 0.508 0.533 0.501 0.676 0.425 0.366 

Locus 69 : Mnov_gtseq_214 
2 alleles
5.1% missing data
   0   (0.516) 0.436 0.494 0.619 0.828 0.444 0.540 
   1   (0.484) 0.564 0.506 0.381 0.172 0.556 0.460 

Locus 70 : Mnov_gtseq_215 
2 alleles
0.0% missing data
   0   (0.458) 0.402 0.501 0.471 0.583 0.391 0.389 
   1   (0.542) 0.598 0.499 0.529 0.417 0.609 0.611 

Locus 71 : Mnov_gtseq_216 
3 alleles
0.0% missing data
   2   (0.549) 0.575 0.571 0.526 0.744 0.444 0.399 
   1   (0.429) 0.399 0.411 0.460 0.253 0.553 0.599 
   0   (0.022) 0.025 0.018 0.013 0.003 0.003 0.002 

Locus 72 : Mnov_gtseq_217 
2 alleles
23.7% missing data
   0   (0.313) 0.279 0.322 0.303 0.139 0.518 0.162 
   1   (0.687) 0.721 0.678 0.697 0.861 0.482 0.838 

Locus 73 : Mnov_gtseq_218 
2 alleles
0.6% missing data
   0   (0.631) 0.704 0.598 0.676 0.884 0.352 0.512 
   1   (0.369) 0.296 0.402 0.324 0.116 0.648 0.488 

Locus 74 : Mnov_gtseq_22 
4 alleles
3.4% missing data
   2   (0.499) 0.461 0.524 0.528 0.825 0.394 0.587 
   0   (0.231) 0.225 0.222 0.209 0.109 0.356 0.117 
   1   (0.207) 0.226 0.203 0.218 0.060 0.163 0.276 
   3   (0.064) 0.088 0.052 0.044 0.006 0.086 0.020 

Locus 75 : Mnov_gtseq_220 
3 alleles
0.0% missing data
   0   (0.512) 0.548 0.481 0.514 0.718 0.405 0.586 
   1   (0.432) 0.387 0.459 0.448 0.259 0.582 0.403 
   2   (0.056) 0.066 0.061 0.038 0.022 0.013 0.011 

Locus 76 : Mnov_gtseq_223 
2 alleles
2.6% missing data
   0   (0.624) 0.615 0.631 0.534 0.635 0.775 0.763 
   1   (0.376) 0.385 0.369 0.466 0.365 0.225 0.237 

Locus 77 : Mnov_gtseq_224 
3 alleles
0.6% missing data
   0   (0.238) 0.260 0.221 0.245 0.280 0.108 0.275 
   1   (0.715) 0.706 0.712 0.723 0.715 0.868 0.697 
   2   (0.047) 0.034 0.067 0.032 0.004 0.024 0.028 

Locus 78 : Mnov_gtseq_225 
2 alleles
0.0% missing data
   0   (0.480) 0.399 0.462 0.500 0.495 0.610 0.653 
   1   (0.520) 0.601 0.538 0.500 0.505 0.390 0.347 

Locus 79 : Mnov_gtseq_227 
2 alleles
0.3% missing data
   0   (0.542) 0.596 0.547 0.524 0.711 0.330 0.529 
   1   (0.458) 0.404 0.453 0.476 0.289 0.670 0.471 

Locus 80 : Mnov_gtseq_229 
2 alleles
0.9% missing data
   1   (0.526) 0.553 0.502 0.487 0.672 0.371 0.762 
   0   (0.474) 0.447 0.498 0.513 0.328 0.629 0.238 

Locus 81 : Mnov_gtseq_232 
2 alleles
0.0% missing data
   0   (0.457) 0.407 0.452 0.426 0.783 0.409 0.515 
