

----------------------------------------------------
STRUCTURE by Pritchard, Stephens and Donnelly (2000)
     and Falush, Stephens and Pritchard (2003)
       Code by Pritchard, Falush and Hubisz
             Version 2.3.4 (Jul 2012)
----------------------------------------------------



Command line arguments:   structure -m wint.area.structureRun/wint.area.structureRun.k6.r2_mainparams -e wint.area.structureRun/wint.area.structureRun.k6.r2_extraparams -i wint.area.structureRun/wint.area.structureRun.k6.r2_data -o wint.area.structureRun/wint.area.structureRun.k6.r2_out 
Input File:    wint.area.structureRun/wint.area.structureRun.k6.r2_data

Run parameters:
   357 individuals
   328 loci
   6 populations assumed
   1000 Burn-in period
   10000 Reps


--------------------------------------------
Proportion of membership of each pre-defined
 population in each of the 6 clusters

Given    Inferred Clusters                            Number of
 Pop       1      2      3      4      5      6      Individuals

  1:     0.089  0.257  0.223  0.113  0.178  0.140       80
  2:     0.296  0.104  0.123  0.200  0.138  0.139      126
  3:     0.124  0.183  0.194  0.159  0.199  0.142      115
  4:     0.183  0.126  0.155  0.208  0.193  0.136       27
  5:     0.060  0.084  0.076  0.061  0.074  0.644        9
--------------------------------------------

Allele-freq. divergence among pops (Net nucleotide distance),
computed using point estimates of P.

      1       2       3       4       5       6      
 1      -    0.0643  0.0536  0.0462  0.0428  0.0578  
 2   0.0643     -    0.0321  0.0482  0.0238  0.0471  
 3   0.0536  0.0321     -    0.0361  0.0152  0.0366  
 4   0.0462  0.0482  0.0361     -    0.0226  0.0401  
 5   0.0428  0.0238  0.0152  0.0226     -    0.0289  
 6   0.0578  0.0471  0.0366  0.0401  0.0289     -    

Average distances (expected heterozygosity) between individuals in same cluster:
cluster  1  : 0.3747 
cluster  2  : 0.3987 
cluster  3  : 0.3989 
cluster  4  : 0.3861 
cluster  5  : 0.4200 
cluster  6  : 0.3804 

--------------------------------------------
Estimated Ln Prob of Data   = -147708.1
Mean value of ln likelihood = -132783.8
Variance of ln likelihood   = 29848.6
Mean value of alpha         = 1.0000

Mean value of Fst_1         = 0.2062
Mean value of Fst_2         = 0.1563
Mean value of Fst_3         = 0.1194
Mean value of Fst_4         = 0.1630
Mean value of Fst_5         = 0.0711
Mean value of Fst_6         = 0.1633


Inferred ancestry of individuals:
        Label (%Miss) Pop:  Inferred clusters
  1   207778    (2)    2 :  0.219 0.109 0.120 0.345 0.132 0.075 
  2 z0005757    (7)    3 :  0.101 0.170 0.088 0.252 0.171 0.218 
  3 z0005758    (0)    3 :  0.071 0.180 0.443 0.042 0.140 0.124 
  4 z0011944    (0)    1 :  0.078 0.045 0.054 0.063 0.056 0.703 
  5 z0012702   (10)    4 :  0.288 0.044 0.040 0.478 0.044 0.106 
  6 z0016577    (2)    3 :  0.155 0.087 0.225 0.219 0.226 0.088 
  7 z0016578   (21)    1 :  0.042 0.164 0.110 0.153 0.405 0.125 
  8 z0016579    (1)    3 :  0.093 0.094 0.232 0.190 0.218 0.173 
  9 z0018264    (0)    1 :  0.086 0.074 0.062 0.101 0.055 0.622 
 10 z0029828    (2)    3 :  0.106 0.297 0.100 0.182 0.257 0.058 
 11 z0029829   (14)    1 :  0.075 0.345 0.081 0.136 0.301 0.062 
 12 z0029846   (14)    1 :  0.077 0.077 0.129 0.092 0.510 0.115 
 13 z0029860    (1)    3 :  0.071 0.233 0.213 0.119 0.309 0.054 
 14 z0029863    (2)    1 :  0.084 0.054 0.248 0.107 0.226 0.280 
 15 z0029864    (8)    1 :  0.078 0.182 0.282 0.094 0.133 0.232 
 16 z0029865   (13)    3 :  0.066 0.126 0.491 0.076 0.162 0.079 
 17 z0037607    (2)    3 :  0.141 0.064 0.297 0.129 0.171 0.199 
 18 z0037609   (25)    3 :  0.090 0.088 0.281 0.109 0.272 0.161 
 19 z0037624   (21)    1 :  0.117 0.123 0.400 0.151 0.146 0.062 
 20 z0038417    (8)    2 :  0.439 0.047 0.084 0.177 0.107 0.145 
 21 z0040275    (9)    2 :  0.293 0.055 0.119 0.187 0.073 0.275 
 22 z0040287    (3)    2 :  0.178 0.120 0.111 0.194 0.166 0.231 
 23 z0040308    (1)    2 :  0.247 0.075 0.132 0.381 0.108 0.057 
 24 z0040333    (1)    2 :  0.234 0.121 0.151 0.271 0.123 0.099 
 25 z0040334    (1)    2 :  0.515 0.060 0.052 0.204 0.054 0.116 
 26 z0040337    (6)    2 :  0.176 0.111 0.202 0.194 0.155 0.162 
 27 z0040345    (1)    2 :  0.302 0.038 0.084 0.332 0.096 0.149 
 28 z0040357    (5)    2 :  0.390 0.064 0.201 0.119 0.104 0.122 
 29 z0040363   (20)    2 :  0.321 0.179 0.142 0.160 0.101 0.097 
 30 z0040364    (0)    2 :  0.436 0.093 0.059 0.202 0.123 0.087 
 31 z0040387    (1)    2 :  0.363 0.096 0.124 0.220 0.091 0.105 
 32 z0040403   (15)    2 :  0.233 0.096 0.106 0.248 0.219 0.099 
 33 z0040413   (43)    2 :  0.159 0.094 0.086 0.376 0.158 0.127 
 34 z0040439    (0)    2 :  0.579 0.043 0.059 0.085 0.093 0.141 
 35 z0040465   (20)    2 :  0.195 0.098 0.122 0.177 0.331 0.077 
 36 z0040513   (17)    3 :  0.129 0.269 0.072 0.305 0.142 0.084 
 37 z0040961   (12)    2 :  0.241 0.096 0.052 0.196 0.127 0.287 
 38 z0040985   (16)    2 :  0.179 0.048 0.139 0.219 0.281 0.134 
 39 z0041026    (0)    2 :  0.453 0.137 0.056 0.154 0.120 0.081 
 40 z0041051   (28)    2 :  0.265 0.062 0.093 0.175 0.139 0.266 
 41 z0041115    (7)    2 :  0.397 0.138 0.104 0.134 0.089 0.139 
 42 z0041153   (23)    2 :  0.201 0.085 0.131 0.178 0.198 0.207 
 43 z0041233    (4)    2 :  0.210 0.128 0.171 0.223 0.169 0.099 
 44 z0041243    (1)    2 :  0.255 0.076 0.242 0.127 0.116 0.184 
 45 z0041248    (6)    2 :  0.412 0.133 0.146 0.113 0.070 0.126 
 46 z0041250    (1)    2 :  0.315 0.049 0.098 0.313 0.120 0.105 
 47 z0041274    (2)    2 :  0.205 0.082 0.046 0.279 0.205 0.183 
 48 z0041465   (15)    2 :  0.429 0.139 0.100 0.082 0.203 0.048 
 49 z0041472    (2)    2 :  0.363 0.180 0.110 0.173 0.102 0.072 
 50 z0041480   (10)    2 :  0.176 0.148 0.198 0.206 0.179 0.093 
 51 z0041483    (0)    2 :  0.477 0.068 0.076 0.110 0.152 0.116 
 52 z0041494   (12)    2 :  0.223 0.068 0.081 0.369 0.126 0.132 
 53 z0041498    (1)    2 :  0.360 0.133 0.105 0.088 0.173 0.140 
 54 z0041501    (1)    2 :  0.327 0.038 0.056 0.432 0.081 0.066 
 55 z0041507    (7)    2 :  0.347 0.104 0.110 0.215 0.111 0.114 
 56 z0041512    (0)    2 :  0.487 0.093 0.096 0.138 0.101 0.085 
 57 z0041522   (17)    2 :  0.417 0.122 0.148 0.063 0.125 0.126 
 58 z0041526    (1)    3 :  0.447 0.079 0.144 0.064 0.201 0.065 
 59 z0041527   (16)    2 :  0.283 0.120 0.078 0.300 0.130 0.089 
 60 z0043243    (2)    2 :  0.078 0.167 0.241 0.137 0.127 0.250 
 61 z0043278    (2)    2 :  0.486 0.075 0.074 0.112 0.067 0.187 
 62 z0043475   (17)    3 :  0.211 0.157 0.140 0.181 0.197 0.114 
 63 z0043477    (0)    2 :  0.257 0.055 0.343 0.117 0.079 0.149 
 64 z0043478    (2)    2 :  0.620 0.084 0.086 0.089 0.052 0.068 
 65 z0043481    (0)    2 :  0.343 0.065 0.156 0.215 0.114 0.107 
 66 z0043489    (7)    2 :  0.398 0.040 0.073 0.271 0.074 0.145 
 67 z0043491   (13)    2 :  0.297 0.085 0.162 0.139 0.093 0.224 
 68 z0043493    (3)    2 :  0.117 0.043 0.177 0.396 0.101 0.166 
 69 z0043494    (2)    2 :  0.197 0.097 0.086 0.155 0.289 0.177 
 70 z0043498    (2)    2 :  0.487 0.158 0.084 0.132 0.072 0.066 
 71 z0043504    (7)    2 :  0.208 0.064 0.300 0.141 0.106 0.180 
 72 z0043526    (3)    4 :  0.112 0.111 0.102 0.448 0.103 0.124 
 73 z0043566    (3)    2 :  0.301 0.096 0.170 0.185 0.161 0.087 
 74 z0043572    (0)    2 :  0.422 0.087 0.167 0.113 0.136 0.075 
 75 z0043599    (5)    2 :  0.212 0.075 0.142 0.219 0.261 0.091 
 76 z0043642    (1)    2 :  0.190 0.131 0.166 0.187 0.212 0.114 
 77 z0043649    (1)    2 :  0.347 0.058 0.071 0.314 0.096 0.114 
 78 z0043652    (1)    2 :  0.119 0.094 0.088 0.303 0.259 0.136 
 79 z0043668    (1)    2 :  0.115 0.213 0.099 0.323 0.086 0.165 
 80 z0043674    (1)    4 :  0.045 0.194 0.153 0.118 0.364 0.126 
 81 z0043686    (1)    2 :  0.249 0.144 0.160 0.099 0.129 0.219 
 82 z0043693    (1)    2 :  0.155 0.143 0.055 0.329 0.207 0.111 
 83 z0043704   (15)    2 :  0.533 0.053 0.077 0.084 0.183 0.069 
 84 z0043807    (1)    2 :  0.285 0.168 0.106 0.156 0.189 0.096 
 85 z0043819    (1)    2 :  0.058 0.104 0.173 0.403 0.138 0.124 
 86 z0043876    (7)    2 :  0.154 0.173 0.316 0.154 0.136 0.067 
 87 z0043877   (33)    2 :  0.250 0.175 0.110 0.211 0.173 0.082 
 88 z0043891   (21)    4 :  0.160 0.155 0.228 0.085 0.170 0.202 
 89 z0043915   (33)    2 :  0.130 0.150 0.112 0.173 0.140 0.294 
 90 z0043940   (10)    2 :  0.049 0.065 0.197 0.243 0.290 0.156 
 91 z0043954    (2)    2 :  0.167 0.116 0.120 0.207 0.162 0.228 
 92 z0043966    (5)    2 :  0.520 0.089 0.114 0.078 0.102 0.097 
 93 z0043980    (0)    2 :  0.205 0.214 0.082 0.220 0.139 0.140 
 94 z0043994    (1)    3 :  0.495 0.074 0.082 0.138 0.065 0.145 
 95 z0044017   (12)    2 :  0.155 0.083 0.065 0.289 0.132 0.276 
 96 z0044019   (14)    2 :  0.273 0.195 0.095 0.179 0.144 0.113 
 97 z0044023   (36)    2 :  0.609 0.123 0.094 0.065 0.054 0.055 
 98 z0044033    (0)    2 :  0.685 0.069 0.050 0.070 0.085 0.042 
 99 z0044042    (3)    2 :  0.483 0.138 0.065 0.108 0.064 0.143 
100 z0044047   (25)    2 :  0.164 0.070 0.063 0.534 0.071 0.097 
101 z0044064   (13)    2 :  0.230 0.054 0.097 0.219 0.187 0.213 
102 z0044432   (14)    2 :  0.127 0.199 0.064 0.391 0.098 0.121 
103 z0045326    (0)    3 :  0.125 0.145 0.274 0.072 0.332 0.052 
104 z0045331    (5)    1 :  0.137 0.196 0.195 0.066 0.263 0.144 
105 z0045332    (2)    1 :  0.084 0.137 0.082 0.256 0.245 0.197 
106 z0045333    (6)    1 :  0.090 0.286 0.210 0.113 0.218 0.083 
107 z0045337    (5)    1 :  0.114 0.440 0.159 0.071 0.109 0.107 
108 z0045342   (13)    1 :  0.089 0.331 0.064 0.221 0.223 0.072 
109 z0045347    (1)    3 :  0.093 0.069 0.276 0.165 0.219 0.178 
110 z0045350    (0)    1 :  0.090 0.122 0.114 0.127 0.328 0.220 
111 z0045370    (1)    1 :  0.040 0.358 0.188 0.059 0.288 0.068 
112 z0045371    (1)    3 :  0.156 0.092 0.227 0.131 0.246 0.148 
113 z0045398    (1)    3 :  0.040 0.129 0.485 0.099 0.162 0.085 
114 z0045399    (1)    3 :  0.050 0.245 0.143 0.081 0.125 0.357 
115 z0045401   (26)    1 :  0.075 0.139 0.095 0.307 0.277 0.107 
116 z0045404    (0)    3 :  0.053 0.234 0.268 0.121 0.249 0.076 
117 z0045405    (5)    3 :  0.052 0.090 0.186 0.133 0.398 0.140 
118 z0045407    (2)    3 :  0.089 0.084 0.383 0.082 0.135 0.227 
119 z0045719    (0)    2 :  0.424 0.082 0.084 0.169 0.149 0.092 
120 z0045720    (1)    2 :  0.171 0.073 0.148 0.289 0.174 0.145 
121 z0045728    (1)    2 :  0.458 0.090 0.208 0.076 0.085 0.083 
122 z0045731    (1)    2 :  0.177 0.065 0.140 0.318 0.161 0.138 
123 z0045733    (0)    2 :  0.142 0.157 0.076 0.263 0.209 0.153 
124 z0045736    (1)    2 :  0.116 0.102 0.087 0.231 0.280 0.184 
125 z0045739    (1)    2 :  0.143 0.081 0.345 0.099 0.219 0.113 
126 z0045740    (1)    2 :  0.355 0.061 0.068 0.335 0.097 0.083 
127 z0045741    (0)    2 :  0.207 0.039 0.071 0.514 0.111 0.059 
128 z0045742    (0)    2 :  0.277 0.112 0.062 0.262 0.229 0.058 
129 z0045776    (1)    3 :  0.055 0.071 0.041 0.736 0.048 0.049 
130 z0045779    (0)    2 :  0.598 0.090 0.112 0.051 0.071 0.079 
131 z0045781    (0)    2 :  0.387 0.042 0.312 0.078 0.074 0.107 
132 z0045788    (5)    2 :  0.532 0.064 0.068 0.104 0.076 0.156 
133 z0045789    (2)    2 :  0.527 0.086 0.066 0.083 0.130 0.108 
134 z0045791    (5)    2 :  0.375 0.087 0.054 0.134 0.183 0.166 
135 z0045792   (23)    1 :  0.222 0.192 0.274 0.109 0.098 0.104 
136 z0045793    (0)    3 :  0.222 0.395 0.119 0.049 0.163 0.052 
137 z0047562   (15)    2 :  0.268 0.093 0.078 0.254 0.140 0.167 
138 z0047854    (1)    2 :  0.285 0.063 0.168 0.128 0.194 0.162 
139 z0051185    (1)    1 :  0.058 0.123 0.381 0.054 0.291 0.092 
140 z0051324    (6)    1 :  0.087 0.339 0.309 0.050 0.097 0.117 
141 z0051326    (0)    1 :  0.080 0.335 0.315 0.044 0.102 0.125 
142 z0051327    (4)    3 :  0.234 0.107 0.262 0.125 0.161 0.111 
143 z0051328    (3)    1 :  0.112 0.329 0.267 0.103 0.112 0.077 
144 z0051380    (0)    1 :  0.036 0.170 0.537 0.051 0.135 0.071 
145 z0051400    (0)    3 :  0.122 0.255 0.093 0.255 0.191 0.084 
146 z0051431   (23)    3 :  0.221 0.084 0.199 0.180 0.236 0.080 
147 z0051840   (34)    2 :  0.393 0.161 0.047 0.077 0.087 0.236 
148 z0051844   (27)    2 :  0.194 0.057 0.140 0.303 0.090 0.217 
149 z0051875   (29)    3 :  0.099 0.258 0.167 0.092 0.281 0.102 
150 z0051885    (8)    3 :  0.432 0.089 0.142 0.077 0.164 0.096 
151 z0051888    (1)    2 :  0.360 0.308 0.047 0.078 0.142 0.066 
152 z0051891    (1)    1 :  0.089 0.134 0.168 0.309 0.191 0.108 
153 z0051893    (4)    1 :  0.081 0.361 0.175 0.157 0.131 0.096 
154 z0051895    (0)    3 :  0.088 0.402 0.181 0.106 0.124 0.100 
155 z0051918    (1)    3 :  0.277 0.052 0.147 0.130 0.077 0.317 
156 z0051929    (1)    1 :  0.088 0.234 0.409 0.081 0.130 0.057 
157 z0051939   (12)    3 :  0.246 0.147 0.120 0.151 0.205 0.132 
158 z0051947    (3)    1 :  0.087 0.561 0.112 0.089 0.086 0.065 
159 z0051959    (2)    3 :  0.173 0.077 0.369 0.122 0.108 0.151 
160 z0052846    (0)    4 :  0.172 0.102 0.143 0.203 0.299 0.081 
161 z0052882    (1)    2 :  0.221 0.217 0.096 0.191 0.135 0.141 
162 z0053020   (22)    2 :  0.090 0.047 0.080 0.562 0.088 0.132 
163 z0053024   (13)    2 :  0.164 0.132 0.232 0.151 0.166 0.155 
164 z0053025    (5)    2 :  0.590 0.037 0.125 0.058 0.123 0.067 
165 z0053031    (0)    2 :  0.178 0.125 0.144 0.187 0.154 0.211 
166 z0053032    (1)    2 :  0.155 0.107 0.104 0.393 0.086 0.155 
167 z0053040    (5)    2 :  0.187 0.086 0.129 0.273 0.188 0.138 
168 z0053051    (1)    3 :  0.044 0.137 0.108 0.263 0.321 0.126 
169 z0053054    (6)    3 :  0.065 0.183 0.192 0.160 0.308 0.091 
170 z0053071    (3)    2 :  0.364 0.132 0.078 0.239 0.114 0.072 
171 z0053073    (2)    2 :  0.069 0.122 0.234 0.292 0.147 0.136 
172 z0053078    (1)    3 :  0.221 0.034 0.070 0.141 0.069 0.464 
173 z0053082    (2)    3 :  0.272 0.122 0.097 0.289 0.135 0.083 
174 z0053083   (12)    2 :  0.216 0.109 0.179 0.230 0.122 0.143 
175 z0053090   (11)    3 :  0.290 0.071 0.135 0.245 0.094 0.164 
176 z0053096    (0)    2 :  0.443 0.047 0.043 0.108 0.140 0.218 
177 z0053100    (8)    2 :  0.247 0.087 0.100 0.292 0.157 0.118 
178 z0053101    (0)    2 :  0.310 0.074 0.082 0.077 0.095 0.362 
179 z0053102    (9)    2 :  0.272 0.106 0.099 0.292 0.110 0.121 
180 z0053103    (1)    2 :  0.539 0.078 0.074 0.159 0.103 0.048 
181 z0053111    (2)    3 :  0.116 0.150 0.226 0.115 0.241 0.153 
182 z0053131    (0)    2 :  0.329 0.161 0.168 0.075 0.132 0.137 
183 z0053132    (0)    2 :  0.203 0.049 0.042 0.176 0.088 0.442 
184 z0053133    (1)    2 :  0.093 0.167 0.145 0.168 0.190 0.236 
185 z0053138    (0)    2 :  0.234 0.143 0.301 0.080 0.165 0.076 
186 z0053142    (3)    2 :  0.410 0.143 0.139 0.083 0.105 0.121 
187 z0053149    (1)    2 :  0.358 0.064 0.181 0.136 0.108 0.153 
188 z0053754    (1)    1 :  0.094 0.076 0.512 0.040 0.100 0.178 
189 z0053756    (2)    1 :  0.073 0.063 0.506 0.052 0.120 0.186 
190 z0053758   (17)    1 :  0.045 0.270 0.049 0.054 0.479 0.103 
191 z0053759    (1)    1 :  0.069 0.342 0.199 0.081 0.190 0.119 
192 z0053760    (0)    1 :  0.070 0.080 0.131 0.085 0.527 0.107 
193 z0053842    (2)    1 :  0.081 0.065 0.372 0.218 0.201 0.062 
194 z0053843    (6)    1 :  0.099 0.529 0.092 0.062 0.122 0.096 
195 z0053844    (9)    1 :  0.106 0.181 0.265 0.110 0.252 0.086 
196 z0053846    (3)    1 :  0.048 0.646 0.069 0.059 0.108 0.071 
197 z0053847    (1)    1 :  0.148 0.582 0.060 0.049 0.063 0.099 
198 z0053849    (1)    1 :  0.095 0.080 0.366 0.144 0.170 0.145 
199 z0055903    (1)    4 :  0.074 0.086 0.106 0.391 0.211 0.133 
200 z0055910   (35)    4 :  0.221 0.117 0.129 0.180 0.232 0.122 
201 z0055912    (7)    4 :  0.196 0.064 0.176 0.120 0.148 0.297 
202 z0055916   (17)    4 :  0.120 0.112 0.186 0.207 0.274 0.102 
203 z0055931    (4)    4 :  0.432 0.080 0.112 0.187 0.096 0.093 
204 z0055944    (4)    4 :  0.132 0.169 0.145 0.268 0.138 0.148 
205 z0055947   (10)    4 :  0.136 0.068 0.176 0.160 0.350 0.110 
206 z0055962    (6)    4 :  0.250 0.062 0.301 0.107 0.193 0.088 
207 z0055963   (21)    4 :  0.244 0.209 0.085 0.137 0.168 0.157 
208 z0055965   (26)    4 :  0.057 0.196 0.130 0.182 0.147 0.288 
209 z0055970   (16)    4 :  0.159 0.155 0.138 0.297 0.163 0.087 
210 z0055971    (8)    4 :  0.125 0.238 0.131 0.199 0.119 0.189 
211 z0055977    (6)    4 :  0.316 0.090 0.155 0.138 0.133 0.167 
212 z0055986   (21)    4 :  0.101 0.198 0.133 0.249 0.237 0.082 
213 z0055990    (7)    4 :  0.409 0.084 0.106 0.104 0.157 0.140 
214 z0055996    (3)    4 :  0.203 0.134 0.212 0.099 0.291 0.062 
215 z0055997    (4)    4 :  0.292 0.164 0.147 0.167 0.147 0.083 
216 z0055998    (5)    4 :  0.119 0.086 0.231 0.127 0.200 0.238 
217 z0055999    (3)    4 :  0.105 0.260 0.133 0.120 0.229 0.154 
218 z0056011    (9)    4 :  0.071 0.072 0.237 0.324 0.188 0.108 
219 z0056029    (5)    4 :  0.107 0.101 0.179 0.313 0.227 0.073 
220 z0056034    (2)    4 :  0.299 0.041 0.162 0.207 0.190 0.101 
221 z0056056   (26)    3 :  0.144 0.144 0.191 0.169 0.235 0.117 
222 z0056058    (5)    3 :  0.040 0.310 0.227 0.099 0.244 0.079 
223 z0056059    (8)    3 :  0.054 0.125 0.127 0.340 0.144 0.210 
224 z0056062    (1)    3 :  0.083 0.146 0.083 0.465 0.089 0.135 
225 z0056063    (4)    3 :  0.101 0.171 0.159 0.168 0.277 0.124 
226 z0056064    (0)    3 :  0.094 0.246 0.102 0.147 0.172 0.240 
227 z0056065    (0)    3 :  0.070 0.316 0.118 0.132 0.238 0.126 
228 z0056069    (1)    3 :  0.060 0.070 0.045 0.725 0.048 0.052 
229 z0056073    (0)    3 :  0.047 0.140 0.374 0.158 0.225 0.056 
230 z0056076    (5)    3 :  0.200 0.451 0.057 0.056 0.057 0.178 
231 z0056079   (10)    3 :  0.046 0.152 0.227 0.134 0.301 0.139 
232 z0056085    (1)    3 :  0.094 0.286 0.224 0.073 0.182 0.141 
233 z0056092    (1)    3 :  0.078 0.204 0.187 0.126 0.163 0.242 
234 z0056095    (1)    3 :  0.055 0.256 0.086 0.179 0.183 0.240 
235 z0056103    (8)    3 :  0.057 0.206 0.301 0.137 0.138 0.161 
236 z0056374    (8)    1 :  0.043 0.161 0.326 0.119 0.260 0.090 
237 z0056375    (0)    1 :  0.071 0.335 0.163 0.122 0.218 0.091 
238 z0056377    (0)    1 :  0.069 0.107 0.439 0.113 0.159 0.113 
239 z0056378    (2)    1 :  0.096 0.467 0.071 0.209 0.092 0.065 
240 z0056382    (1)    1 :  0.049 0.577 0.063 0.073 0.111 0.127 
241 z0056384    (3)    1 :  0.110 0.315 0.097 0.094 0.152 0.232 
242 z0056386    (8)    1 :  0.054 0.521 0.103 0.051 0.164 0.108 
243 z0056389    (1)    1 :  0.039 0.343 0.051 0.063 0.441 0.063 
244 z0056391    (2)    1 :  0.023 0.611 0.131 0.027 0.170 0.038 
245 z0056392   (12)    1 :  0.077 0.193 0.502 0.047 0.127 0.053 
246 z0056393    (9)    1 :  0.100 0.071 0.333 0.150 0.226 0.118 
247 z0056394    (1)    1 :  0.063 0.133 0.464 0.118 0.145 0.076 
248 z0056395    (2)    1 :  0.110 0.130 0.438 0.113 0.088 0.121 
249 z0056397    (1)    1 :  0.218 0.060 0.360 0.085 0.126 0.150 
250 z0061527    (3)    3 :  0.323 0.115 0.139 0.166 0.171 0.087 
251 z0061967    (1)    3 :  0.173 0.162 0.267 0.120 0.197 0.080 
252 z0061969    (1)    3 :  0.240 0.120 0.242 0.175 0.178 0.045 
253 z0061980    (1)    1 :  0.218 0.226 0.290 0.059 0.110 0.097 
254 z0066166    (3)    3 :  0.099 0.163 0.133 0.055 0.447 0.103 
255 z0066792    (2)    1 :  0.085 0.146 0.049 0.043 0.060 0.618 
256 z0066805    (2)    1 :  0.062 0.062 0.065 0.114 0.112 0.586 
257 z0068471    (3)    3 :  0.098 0.283 0.206 0.097 0.162 0.154 
258 z0075696    (7)    5 :  0.063 0.060 0.032 0.084 0.060 0.702 
259 z0101084    (8)    1 :  0.081 0.494 0.086 0.136 0.146 0.056 
260 z0107099    (3)    3 :  0.027 0.437 0.200 0.100 0.161 0.075 
261 z0107101    (0)    1 :  0.043 0.752 0.064 0.038 0.058 0.044 
262 z0108489    (1)    1 :  0.117 0.158 0.156 0.312 0.103 0.155 
263 z0108513    (0)    1 :  0.153 0.493 0.122 0.033 0.145 0.054 
264 z0108528    (1)    3 :  0.171 0.142 0.196 0.145 0.256 0.090 
265 z0113628    (2)    3 :  0.082 0.088 0.138 0.258 0.224 0.209 
266 z0133302   (18)    1 :  0.165 0.410 0.101 0.102 0.092 0.130 
267 z0173485    (0)    1 :  0.142 0.119 0.162 0.243 0.252 0.083 
268 z0175371    (1)    3 :  0.202 0.070 0.184 0.084 0.130 0.330 
269 z0175378    (0)    2 :  0.470 0.101 0.056 0.167 0.158 0.048 
270 z0175912    (6)    1 :  0.093 0.166 0.353 0.116 0.146 0.126 
271 z0175916    (3)    1 :  0.279 0.133 0.136 0.081 0.214 0.157 
272 z0175937    (1)    1 :  0.066 0.288 0.243 0.128 0.174 0.101 
273 z0178348   (13)    1 :  0.069 0.142 0.483 0.079 0.148 0.079 
274 z0187857    (3)    1 :  0.102 0.475 0.102 0.147 0.109 0.064 
275 z0187860    (0)    1 :  0.118 0.151 0.123 0.240 0.246 0.121 
276 z0187885    (0)    2 :  0.228 0.117 0.072 0.136 0.123 0.324 
277 z0187906   (10)    1 :  0.071 0.115 0.125 0.227 0.137 0.324 
278 z0195655    (0)    2 :  0.596 0.085 0.084 0.069 0.092 0.074 
279 z0195663    (1)    3 :  0.285 0.046 0.125 0.255 0.170 0.120 
280 z0195683    (1)    3 :  0.057 0.356 0.132 0.177 0.216 0.061 
281 z0195687   (22)    3 :  0.038 0.178 0.302 0.071 0.316 0.093 
282 z0195688    (0)    2 :  0.173 0.085 0.134 0.166 0.203 0.240 
283 z0195691    (1)    3 :  0.042 0.050 0.137 0.291 0.284 0.196 
284 z0195699    (0)    3 :  0.072 0.085 0.171 0.132 0.456 0.084 
285 z0195701    (8)    3 :  0.117 0.447 0.113 0.080 0.117 0.125 
286 z0195702    (0)    3 :  0.150 0.176 0.163 0.136 0.151 0.223 
287 z0195704    (1)    3 :  0.126 0.234 0.200 0.144 0.188 0.108 
288 z0195705    (1)    3 :  0.212 0.051 0.089 0.451 0.117 0.079 
289 z0195711    (0)    3 :  0.055 0.092 0.139 0.128 0.277 0.308 
290 z0195716    (0)    3 :  0.103 0.195 0.143 0.078 0.219 0.262 
291 z0195718   (13)    3 :  0.048 0.277 0.156 0.109 0.249 0.160 
292 z0195725    (5)    3 :  0.224 0.099 0.328 0.103 0.160 0.086 
293 z0195726   (17)    1 :  0.069 0.076 0.276 0.249 0.207 0.123 
294 z0195728   (14)    3 :  0.033 0.525 0.089 0.086 0.214 0.053 
295 z0195732   (16)    3 :  0.044 0.158 0.321 0.163 0.213 0.102 
296 z0195737    (1)    3 :  0.207 0.142 0.067 0.276 0.142 0.166 
297 z0195740   (30)    3 :  0.097 0.100 0.317 0.223 0.154 0.109 
298 z0195751    (1)    3 :  0.064 0.415 0.095 0.102 0.232 0.092 
299 z0195762    (2)    3 :  0.069 0.182 0.269 0.066 0.081 0.333 
300 z0195784    (0)    3 :  0.050 0.299 0.145 0.171 0.197 0.137 
301 z0196686    (0)    5 :  0.028 0.055 0.035 0.039 0.046 0.797 
302 z0196687    (0)    5 :  0.108 0.074 0.101 0.042 0.050 0.625 
303 z0196689    (1)    5 :  0.069 0.046 0.113 0.046 0.076 0.650 
304 z0196690    (3)    5 :  0.042 0.204 0.058 0.053 0.049 0.594 
305 z0196691    (9)    5 :  0.041 0.068 0.088 0.093 0.077 0.632 
306 z0196692    (1)    5 :  0.078 0.091 0.109 0.068 0.085 0.569 
307 z0196693    (2)    5 :  0.055 0.093 0.088 0.036 0.102 0.626 
308 z0196694    (3)    5 :  0.055 0.064 0.062 0.092 0.125 0.602 
309 z0196710    (0)    3 :  0.188 0.114 0.187 0.109 0.223 0.180 
310 z0196715   (23)    3 :  0.055 0.197 0.250 0.091 0.340 0.067 
311 z0196719    (0)    3 :  0.110 0.125 0.238 0.094 0.341 0.093 
312 z0196724   (20)    3 :  0.106 0.232 0.303 0.145 0.141 0.073 
313 z0196725    (1)    3 :  0.068 0.278 0.113 0.184 0.216 0.141 
314 z0196729    (3)    3 :  0.153 0.151 0.284 0.077 0.230 0.106 
315 z0196730    (3)    1 :  0.093 0.369 0.125 0.071 0.149 0.193 
316 z0196731    (1)    3 :  0.045 0.188 0.372 0.081 0.190 0.124 
317 z0196733   (17)    1 :  0.060 0.132 0.479 0.092 0.138 0.100 
318 z0196734    (2)    3 :  0.100 0.152 0.191 0.272 0.191 0.094 
319 z0196739   (18)    3 :  0.199 0.311 0.155 0.119 0.134 0.081 
320 z0196740   (10)    3 :  0.101 0.158 0.375 0.057 0.126 0.183 
321 z0196746    (3)    1 :  0.071 0.460 0.079 0.197 0.082 0.112 
322 z0196751    (0)    3 :  0.171 0.321 0.102 0.088 0.194 0.124 
323 z0196752    (0)    3 :  0.064 0.161 0.187 0.084 0.107 0.397 
324 z0196754    (0)    3 :  0.088 0.274 0.155 0.154 0.232 0.097 
325 z0196758    (2)    1 :  0.075 0.209 0.302 0.089 0.171 0.154 
326 z0196763    (2)    3 :  0.057 0.099 0.278 0.229 0.224 0.113 
327 z0196764    (1)    3 :  0.146 0.125 0.226 0.100 0.266 0.138 
328 z0196766    (0)    3 :  0.116 0.247 0.165 0.088 0.240 0.144 
329 z0196769    (1)    3 :  0.081 0.316 0.186 0.080 0.173 0.165 
330 z0196774    (1)    3 :  0.073 0.292 0.182 0.070 0.103 0.281 
331 z0196783    (0)    1 :  0.031 0.684 0.087 0.044 0.082 0.072 
332 z0196794    (2)    1 :  0.042 0.578 0.109 0.050 0.101 0.120 
333 z0196804   (15)    1 :  0.079 0.135 0.394 0.072 0.251 0.070 
334 z0196809   (15)    3 :  0.057 0.075 0.365 0.072 0.266 0.165 
335 z0196810    (2)    1 :  0.078 0.072 0.468 0.086 0.155 0.142 
336 z0196811    (1)    1 :  0.037 0.111 0.490 0.107 0.175 0.081 
337 z0196824    (0)    3 :  0.156 0.145 0.130 0.192 0.214 0.164 
338 z0196825    (1)    3 :  0.134 0.159 0.219 0.195 0.238 0.054 
339 z0196828    (1)    2 :  0.114 0.178 0.285 0.150 0.180 0.092 
340 z0196829    (0)    3 :  0.085 0.074 0.324 0.154 0.271 0.093 
341 z0196834   (28)    3 :  0.169 0.247 0.199 0.106 0.161 0.119 
342 z0196835    (0)    3 :  0.100 0.370 0.185 0.123 0.187 0.035 
343 z0196838    (2)    1 :  0.049 0.077 0.417 0.057 0.244 0.155 
344 z0196841   (22)    3 :  0.071 0.332 0.168 0.086 0.134 0.209 
345 z0196843   (27)    3 :  0.066 0.243 0.210 0.202 0.185 0.094 
346 z0196849    (1)    3 :  0.086 0.284 0.138 0.068 0.305 0.120 
347 z0196852    (1)    2 :  0.131 0.085 0.143 0.241 0.182 0.219 
348 z0196855    (0)    2 :  0.140 0.092 0.272 0.164 0.146 0.186 
349 z0196856    (1)    3 :  0.120 0.087 0.192 0.180 0.258 0.163 
350 z0196857    (0)    2 :  0.347 0.311 0.057 0.070 0.148 0.067 
351 z0196864    (2)    3 :  0.165 0.069 0.153 0.285 0.191 0.138 
352 z0196894    (0)    3 :  0.047 0.158 0.222 0.190 0.208 0.174 
353 z0197662    (3)    1 :  0.133 0.119 0.196 0.241 0.198 0.113 
354 z0197665    (2)    1 :  0.088 0.443 0.169 0.047 0.086 0.167 
355 z0197668   (20)    3 :  0.087 0.091 0.172 0.130 0.140 0.379 
356 z0197669    (1)    3 :  0.124 0.092 0.091 0.390 0.166 0.138 
357 z0197672    (1)    3 :  0.126 0.273 0.124 0.105 0.231 0.141 


Estimated Allele Frequencies in each cluster
First column gives estimated ancestral frequencies


Locus 1 : HI.v.HI.SEAK 
5 alleles
66.2% missing data
   0   (0.199) 0.178 0.112 0.111 0.246 0.150 0.330 
   4   (0.402) 0.044 0.636 0.684 0.149 0.563 0.319 
   1   (0.205) 0.737 0.067 0.098 0.371 0.137 0.172 
   2   (0.053) 0.020 0.014 0.021 0.055 0.033 0.030 
   3   (0.141) 0.021 0.172 0.087 0.179 0.117 0.149 

Locus 2 : Mnov_gtseq_1 
2 alleles
0.0% missing data
   0   (0.401) 0.296 0.378 0.406 0.477 0.341 0.489 
   1   (0.599) 0.704 0.622 0.594 0.523 0.659 0.511 

Locus 3 : Mnov_gtseq_10 
2 alleles
0.3% missing data
   0   (0.801) 0.947 0.768 0.634 0.937 0.732 0.936 
   1   (0.199) 0.053 0.232 0.366 0.063 0.268 0.064 

Locus 4 : Mnov_gtseq_102 
2 alleles
0.8% missing data
   0   (0.571) 0.761 0.336 0.577 0.616 0.654 0.526 
   1   (0.429) 0.239 0.664 0.423 0.384 0.346 0.474 

Locus 5 : Mnov_gtseq_104 
2 alleles
0.3% missing data
   0   (0.850) 0.961 0.676 0.855 0.943 0.800 0.965 
   1   (0.150) 0.039 0.324 0.145 0.057 0.200 0.035 

Locus 6 : Mnov_gtseq_106 
2 alleles
15.4% missing data
   1   (0.758) 0.757 0.809 0.743 0.883 0.794 0.691 
   0   (0.242) 0.243 0.191 0.257 0.117 0.206 0.309 

Locus 7 : Mnov_gtseq_107 
2 alleles
37.8% missing data
   1   (0.209) 0.423 0.171 0.119 0.558 0.135 0.072 
   0   (0.791) 0.577 0.829 0.881 0.442 0.865 0.928 

Locus 8 : Mnov_gtseq_111 
2 alleles
39.2% missing data
   1   (0.694) 0.386 0.564 0.741 0.812 0.693 0.857 
   0   (0.306) 0.614 0.436 0.259 0.188 0.307 0.143 

Locus 9 : Mnov_gtseq_112 
2 alleles
1.1% missing data
   0   (0.603) 0.773 0.846 0.502 0.641 0.584 0.368 
   1   (0.397) 0.227 0.154 0.498 0.359 0.416 0.632 

Locus 10 : Mnov_gtseq_113 
2 alleles
1.7% missing data
   1   (0.700) 0.607 0.836 0.710 0.782 0.729 0.651 
   0   (0.300) 0.393 0.164 0.290 0.218 0.271 0.349 

Locus 11 : Mnov_gtseq_114 
2 alleles
4.5% missing data
   0   (0.568) 0.198 0.535 0.604 0.665 0.694 0.405 
   1   (0.432) 0.802 0.465 0.396 0.335 0.306 0.595 

Locus 12 : Mnov_gtseq_117 
2 alleles
27.2% missing data
   0   (0.642) 0.918 0.552 0.574 0.542 0.629 0.691 
   1   (0.358) 0.082 0.448 0.426 0.458 0.371 0.309 

Locus 13 : Mnov_gtseq_118 
2 alleles
8.1% missing data
   0   (0.742) 0.920 0.382 0.728 0.745 0.829 0.768 
   1   (0.258) 0.080 0.618 0.272 0.255 0.171 0.232 

Locus 14 : Mnov_gtseq_12 
2 alleles
0.3% missing data
   0   (0.454) 0.273 0.530 0.297 0.247 0.584 0.749 
   1   (0.546) 0.727 0.470 0.703 0.753 0.416 0.251 

Locus 15 : Mnov_gtseq_124 
2 alleles
4.8% missing data
   1   (0.760) 0.892 0.778 0.516 0.873 0.781 0.915 
   0   (0.240) 0.108 0.222 0.484 0.127 0.219 0.085 

Locus 16 : Mnov_gtseq_125 
2 alleles
1.1% missing data
   1   (0.897) 0.588 0.988 0.925 0.832 0.937 0.966 
   0   (0.103) 0.412 0.012 0.075 0.168 0.063 0.034 

Locus 17 : Mnov_gtseq_126 
2 alleles
0.0% missing data
   0   (0.334) 0.256 0.083 0.450 0.433 0.251 0.587 
   1   (0.666) 0.744 0.917 0.550 0.567 0.749 0.413 

Locus 18 : Mnov_gtseq_127 
2 alleles
7.0% missing data
   0   (0.623) 0.421 0.722 0.657 0.539 0.687 0.624 
   1   (0.377) 0.579 0.278 0.343 0.461 0.313 0.376 

Locus 19 : Mnov_gtseq_128 
2 alleles
31.4% missing data
   0   (0.671) 0.684 0.854 0.739 0.632 0.657 0.660 
   1   (0.329) 0.316 0.146 0.261 0.368 0.343 0.340 

Locus 20 : Mnov_gtseq_129 
2 alleles
2.0% missing data
   0   (0.519) 0.545 0.507 0.470 0.834 0.479 0.220 
   1   (0.481) 0.455 0.493 0.530 0.166 0.521 0.780 

Locus 21 : Mnov_gtseq_13 
2 alleles
0.0% missing data
   0   (0.544) 0.578 0.532 0.413 0.705 0.433 0.854 
   1   (0.456) 0.422 0.468 0.587 0.295 0.567 0.146 

Locus 22 : Mnov_gtseq_130 
2 alleles
28.9% missing data
   1   (0.513) 0.516 0.439 0.523 0.305 0.533 0.724 
   0   (0.487) 0.484 0.561 0.477 0.695 0.467 0.276 

Locus 23 : Mnov_gtseq_135 
2 alleles
0.6% missing data
   1   (0.460) 0.598 0.460 0.342 0.562 0.477 0.332 
   0   (0.540) 0.402 0.540 0.658 0.438 0.523 0.668 

Locus 24 : Mnov_gtseq_138 
2 alleles
0.6% missing data
   0   (0.485) 0.312 0.358 0.554 0.600 0.528 0.383 
   1   (0.515) 0.688 0.642 0.446 0.400 0.472 0.617 

Locus 25 : Mnov_gtseq_140 
2 alleles
1.1% missing data
   0   (0.452) 0.629 0.363 0.407 0.624 0.514 0.160 
   1   (0.548) 0.371 0.637 0.593 0.376 0.486 0.840 

Locus 26 : Mnov_gtseq_141 
2 alleles
0.3% missing data
   0   (0.544) 0.536 0.792 0.591 0.594 0.489 0.357 
   1   (0.456) 0.464 0.208 0.409 0.406 0.511 0.643 

Locus 27 : Mnov_gtseq_143 
2 alleles
2.8% missing data
   1   (0.565) 0.504 0.672 0.648 0.527 0.642 0.309 
   0   (0.435) 0.496 0.328 0.352 0.473 0.358 0.691 

Locus 28 : Mnov_gtseq_145 
2 alleles
2.0% missing data
   0   (0.471) 0.579 0.636 0.402 0.257 0.523 0.361 
   1   (0.529) 0.421 0.364 0.598 0.743 0.477 0.639 

Locus 29 : Mnov_gtseq_147 
2 alleles
26.3% missing data
   0   (0.792) 0.357 0.817 0.926 0.790 0.870 0.727 
   1   (0.208) 0.643 0.183 0.074 0.210 0.130 0.273 

Locus 30 : Mnov_gtseq_148 
2 alleles
9.2% missing data
   0   (0.305) 0.097 0.213 0.355 0.247 0.298 0.496 
   1   (0.695) 0.903 0.787 0.645 0.753 0.702 0.504 

Locus 31 : Mnov_gtseq_149 
2 alleles
0.6% missing data
   0   (0.596) 0.558 0.581 0.633 0.629 0.640 0.547 
   1   (0.404) 0.442 0.419 0.367 0.371 0.360 0.453 

Locus 32 : Mnov_gtseq_15 
2 alleles
0.0% missing data
   0   (0.479) 0.445 0.612 0.332 0.330 0.590 0.489 
   1   (0.521) 0.555 0.388 0.668 0.670 0.410 0.511 

Locus 33 : Mnov_gtseq_152 
2 alleles
0.8% missing data
   0   (0.331) 0.339 0.405 0.183 0.522 0.321 0.215 
   1   (0.669) 0.661 0.595 0.817 0.478 0.679 0.785 

Locus 34 : Mnov_gtseq_154 
2 alleles
3.4% missing data
   0   (0.548) 0.403 0.681 0.553 0.478 0.582 0.568 
   1   (0.452) 0.597 0.319 0.447 0.522 0.418 0.432 

Locus 35 : Mnov_gtseq_155 
2 alleles
41.7% missing data
   0   (0.656) 0.662 0.674 0.663 0.789 0.646 0.627 
   1   (0.344) 0.338 0.326 0.337 0.211 0.354 0.373 

Locus 36 : Mnov_gtseq_157 
2 alleles
0.6% missing data
   1   (0.552) 0.643 0.630 0.428 0.636 0.564 0.495 
   0   (0.448) 0.357 0.370 0.572 0.364 0.436 0.505 

Locus 37 : Mnov_gtseq_158 
2 alleles
0.6% missing data
   0   (0.393) 0.056 0.765 0.565 0.133 0.432 0.393 
   1   (0.607) 0.944 0.235 0.435 0.867 0.568 0.607 

Locus 38 : Mnov_gtseq_159 
2 alleles
24.6% missing data
   0   (0.610) 0.328 0.698 0.817 0.641 0.572 0.468 
   1   (0.390) 0.672 0.302 0.183 0.359 0.428 0.532 

Locus 39 : Mnov_gtseq_16 
2 alleles
0.0% missing data
   0   (0.646) 0.479 0.679 0.457 0.666 0.742 0.809 
   1   (0.354) 0.521 0.321 0.543 0.334 0.258 0.191 

Locus 40 : Mnov_gtseq_160 
2 alleles
2.5% missing data
   0   (0.503) 0.343 0.442 0.627 0.495 0.537 0.429 
   1   (0.497) 0.657 0.558 0.373 0.505 0.463 0.571 

Locus 41 : Mnov_gtseq_161 
2 alleles
2.0% missing data
   1   (0.753) 0.792 0.707 0.693 0.867 0.795 0.829 
   0   (0.247) 0.208 0.293 0.307 0.133 0.205 0.171 

Locus 42 : Mnov_gtseq_162 
2 alleles
2.2% missing data
   1   (0.414) 0.473 0.747 0.229 0.555 0.390 0.215 
   0   (0.586) 0.527 0.253 0.771 0.445 0.610 0.785 

Locus 43 : Mnov_gtseq_167 
2 alleles
1.1% missing data
   1   (0.784) 0.852 0.686 0.774 0.937 0.793 0.837 
   0   (0.216) 0.148 0.314 0.226 0.063 0.207 0.163 

Locus 44 : Mnov_gtseq_17 
2 alleles
0.0% missing data
   0   (0.496) 0.498 0.739 0.524 0.379 0.375 0.585 
   1   (0.504) 0.502 0.261 0.476 0.621 0.625 0.415 

Locus 45 : Mnov_gtseq_170 
2 alleles
0.0% missing data
   0   (0.323) 0.157 0.225 0.298 0.342 0.354 0.347 
   1   (0.677) 0.843 0.775 0.702 0.658 0.646 0.653 

Locus 46 : Mnov_gtseq_171 
2 alleles
42.0% missing data
   1   (0.683) 0.723 0.504 0.764 0.760 0.665 0.775 
   0   (0.317) 0.277 0.496 0.236 0.240 0.335 0.225 

Locus 47 : Mnov_gtseq_173 
2 alleles
21.8% missing data
   1   (0.469) 0.810 0.197 0.414 0.517 0.354 0.748 
   0   (0.531) 0.190 0.803 0.586 0.483 0.646 0.252 

Locus 48 : Mnov_gtseq_174 
2 alleles
2.8% missing data
   0   (0.294) 0.538 0.242 0.221 0.264 0.259 0.267 
   1   (0.706) 0.462 0.758 0.779 0.736 0.741 0.733 

Locus 49 : Mnov_gtseq_180 
2 alleles
14.0% missing data
   0   (0.656) 0.935 0.524 0.733 0.793 0.651 0.248 
   1   (0.344) 0.065 0.476 0.267 0.207 0.349 0.752 

Locus 50 : Mnov_gtseq_182 
2 alleles
9.0% missing data
   0   (0.812) 0.803 0.635 0.866 0.919 0.792 0.952 
   1   (0.188) 0.197 0.365 0.134 0.081 0.208 0.048 

Locus 51 : Mnov_gtseq_186 
2 alleles
27.7% missing data
   0   (0.522) 0.500 0.562 0.556 0.413 0.504 0.587 
   1   (0.478) 0.500 0.438 0.444 0.587 0.496 0.413 

Locus 52 : Mnov_gtseq_187 
2 alleles
7.6% missing data
   1   (0.569) 0.844 0.627 0.590 0.376 0.566 0.555 
   0   (0.431) 0.156 0.373 0.410 0.624 0.434 0.445 

Locus 53 : Mnov_gtseq_188 
2 alleles
13.4% missing data
   0   (0.546) 0.694 0.505 0.263 0.610 0.530 0.874 
   1   (0.454) 0.306 0.495 0.737 0.390 0.470 0.126 

Locus 54 : Mnov_gtseq_189 
2 alleles
3.6% missing data
   0   (0.437) 0.465 0.668 0.471 0.590 0.367 0.152 
   1   (0.563) 0.535 0.332 0.529 0.410 0.633 0.848 

Locus 55 : Mnov_gtseq_19 
2 alleles
0.0% missing data
   1   (0.941) 0.716 0.994 0.981 0.982 0.978 0.824 
   0   (0.059) 0.284 0.006 0.019 0.018 0.022 0.176 

Locus 56 : Mnov_gtseq_190 
2 alleles
0.0% missing data
   1   (0.435) 0.279 0.321 0.459 0.431 0.474 0.416 
   0   (0.565) 0.721 0.679 0.541 0.569 0.526 0.584 

Locus 57 : Mnov_gtseq_191 
2 alleles
26.3% missing data
   0   (0.896) 0.990 0.925 0.789 0.979 0.924 0.811 
   1   (0.104) 0.010 0.075 0.211 0.021 0.076 0.189 

Locus 58 : Mnov_gtseq_192 
2 alleles
21.0% missing data
   0   (0.818) 0.767 0.768 0.805 0.893 0.869 0.898 
   1   (0.182) 0.233 0.232 0.195 0.107 0.131 0.102 

Locus 59 : Mnov_gtseq_193 
2 alleles
0.0% missing data
   0   (0.722) 0.729 0.763 0.672 0.911 0.771 0.522 
   1   (0.278) 0.271 0.237 0.328 0.089 0.229 0.478 

Locus 60 : Mnov_gtseq_195 
2 alleles
0.0% missing data
   0   (0.547) 0.446 0.325 0.545 0.664 0.554 0.767 
   1   (0.453) 0.554 0.675 0.455 0.336 0.446 0.233 

Locus 61 : Mnov_gtseq_196 
2 alleles
0.3% missing data
   0   (0.293) 0.107 0.581 0.232 0.196 0.241 0.510 
   1   (0.707) 0.893 0.419 0.768 0.804 0.759 0.490 

Locus 62 : Mnov_gtseq_197 
3 alleles
0.3% missing data
   1   (0.379) 0.253 0.536 0.299 0.389 0.369 0.385 
   0   (0.436) 0.691 0.366 0.575 0.516 0.439 0.157 
   2   (0.185) 0.056 0.098 0.126 0.095 0.191 0.458 

Locus 63 : Mnov_gtseq_2 
2 alleles
0.3% missing data
   0   (0.219) 0.191 0.048 0.185 0.285 0.245 0.177 
   1   (0.781) 0.809 0.952 0.815 0.715 0.755 0.823 

Locus 64 : Mnov_gtseq_200 
2 alleles
2.8% missing data
   0   (0.421) 0.725 0.274 0.349 0.571 0.435 0.218 
   1   (0.579) 0.275 0.726 0.651 0.429 0.565 0.782 

Locus 65 : Mnov_gtseq_201 
2 alleles
0.0% missing data
   0   (0.860) 0.981 0.735 0.781 0.979 0.859 0.926 
   1   (0.140) 0.019 0.265 0.219 0.021 0.141 0.074 

Locus 66 : Mnov_gtseq_202 
2 alleles
0.0% missing data
   0   (0.428) 0.698 0.372 0.483 0.318 0.456 0.281 
   1   (0.572) 0.302 0.628 0.517 0.682 0.544 0.719 

Locus 67 : Mnov_gtseq_204 
2 alleles
3.9% missing data
   0   (0.446) 0.661 0.489 0.398 0.292 0.425 0.468 
   1   (0.554) 0.339 0.511 0.602 0.708 0.575 0.532 

Locus 68 : Mnov_gtseq_205 
3 alleles
0.0% missing data
   0   (0.241) 0.226 0.246 0.194 0.123 0.318 0.183 
   2   (0.692) 0.691 0.735 0.785 0.855 0.633 0.744 
   1   (0.067) 0.083 0.019 0.021 0.023 0.049 0.073 

Locus 69 : Mnov_gtseq_208 
2 alleles
0.0% missing data
   0   (0.627) 0.291 0.739 0.726 0.719 0.672 0.525 
   1   (0.373) 0.709 0.261 0.274 0.281 0.328 0.475 

Locus 70 : Mnov_gtseq_209 
2 alleles
0.0% missing data
   0   (0.470) 0.581 0.396 0.328 0.645 0.506 0.297 
   1   (0.530) 0.419 0.604 0.672 0.355 0.494 0.703 

Locus 71 : Mnov_gtseq_21 
2 alleles
0.0% missing data
   1   (0.536) 0.261 0.670 0.602 0.405 0.555 0.611 
   0   (0.464) 0.739 0.330 0.398 0.595 0.445 0.389 

Locus 72 : Mnov_gtseq_210 
2 alleles
5.0% missing data
   0   (0.403) 0.203 0.632 0.256 0.233 0.592 0.345 
   1   (0.597) 0.797 0.368 0.744 0.767 0.408 0.655 

Locus 73 : Mnov_gtseq_213 
2 alleles
5.6% missing data
   0   (0.520) 0.294 0.519 0.633 0.543 0.563 0.414 
   1   (0.480) 0.706 0.481 0.367 0.457 0.437 0.586 

Locus 74 : Mnov_gtseq_214 
2 alleles
5.3% missing data
   0   (0.547) 0.785 0.462 0.643 0.610 0.483 0.365 
   1   (0.453) 0.215 0.538 0.357 0.390 0.517 0.635 

Locus 75 : Mnov_gtseq_215 
2 alleles
0.0% missing data
   0   (0.464) 0.463 0.416 0.276 0.778 0.471 0.351 
   1   (0.536) 0.537 0.584 0.724 0.222 0.529 0.649 

Locus 76 : Mnov_gtseq_216 
2 alleles
0.0% missing data
   1   (0.529) 0.576 0.448 0.391 0.798 0.464 0.630 
   0   (0.471) 0.424 0.552 0.609 0.202 0.536 0.370 

Locus 77 : Mnov_gtseq_217 
2 alleles
24.4% missing data
   0   (0.330) 0.106 0.253 0.274 0.377 0.483 0.226 
   1   (0.670) 0.894 0.747 0.726 0.623 0.517 0.774 

Locus 78 : Mnov_gtseq_218 
2 alleles
0.3% missing data
   0   (0.600) 0.773 0.300 0.622 0.781 0.475 0.814 
   1   (0.400) 0.227 0.700 0.378 0.219 0.525 0.186 

Locus 79 : Mnov_gtseq_22 
2 alleles
3.9% missing data
   1   (0.591) 0.785 0.529 0.634 0.660 0.524 0.522 
   0   (0.409) 0.215 0.471 0.366 0.340 0.476 0.478 

Locus 80 : Mnov_gtseq_220 
2 alleles
0.3% missing data
   0   (0.516) 0.702 0.471 0.523 0.556 0.417 0.628 
   1   (0.484) 0.298 0.529 0.477 0.444 0.583 0.372 

Locus 81 : Mnov_gtseq_222 
2 alleles
14.3% missing data
   0   (0.510) 0.647 0.167 0.437 0.742 0.448 0.785 
   1   (0.490) 0.353 0.833 0.563 0.258 0.552 0.215 

Locus 82 : Mnov_gtseq_223 
2 alleles
2.5% missing data
   0   (0.649) 0.592 0.838 0.409 0.716 0.741 0.659 
   1   (0.351) 0.408 0.162 0.591 0.284 0.259 0.341 

Locus 83 : Mnov_gtseq_225 
2 alleles
0.0% missing data
   0   (0.528) 0.477 0.594 0.651 0.517 0.575 0.268 
   1   (0.472) 0.523 0.406 0.349 0.483 0.425 0.732 

Locus 84 : Mnov_gtseq_227 
2 alleles
0.3% missing data
   0   (0.503) 0.758 0.462 0.387 0.444 0.442 0.738 
   1   (0.497) 0.242 0.538 0.613 0.556 0.558 0.262 

Locus 85 : Mnov_gtseq_229 
2 alleles
0.8% missing data
   1   (0.522) 0.735 0.589 0.466 0.491 0.466 0.600 
   0   (0.478) 0.265 0.411 0.534 0.509 0.534 0.400 

Locus 86 : Mnov_gtseq_230 
2 alleles
10.4% missing data
   0   (0.771) 0.862 0.666 0.594 0.918 0.745 0.945 
   1   (0.229) 0.138 0.334 0.406 0.082 0.255 0.055 

Locus 87 : Mnov_gtseq_232 
2 alleles
0.0% missing data
   0   (0.489) 0.827 0.474 0.489 0.493 0.428 0.305 
