

----------------------------------------------------
STRUCTURE by Pritchard, Stephens and Donnelly (2000)
     and Falush, Stephens and Pritchard (2003)
       Code by Pritchard, Falush and Hubisz
             Version 2.3.4 (Jul 2012)
----------------------------------------------------



Command line arguments:   structure -m wint.area.structureRun/wint.area.structureRun.k6.r5_mainparams -e wint.area.structureRun/wint.area.structureRun.k6.r5_extraparams -i wint.area.structureRun/wint.area.structureRun.k6.r5_data -o wint.area.structureRun/wint.area.structureRun.k6.r5_out 
Input File:    wint.area.structureRun/wint.area.structureRun.k6.r5_data

Run parameters:
   357 individuals
   328 loci
   6 populations assumed
   1000 Burn-in period
   10000 Reps


--------------------------------------------
Proportion of membership of each pre-defined
 population in each of the 6 clusters

Given    Inferred Clusters                            Number of
 Pop       1      2      3      4      5      6      Individuals

  1:     0.218  0.105  0.241  0.206  0.139  0.090       80
  2:     0.113  0.223  0.110  0.128  0.140  0.287      126
  3:     0.213  0.158  0.162  0.203  0.140  0.124      115
  4:     0.150  0.216  0.142  0.164  0.145  0.183       27
  5:     0.069  0.062  0.079  0.077  0.655  0.059        9
--------------------------------------------

Allele-freq. divergence among pops (Net nucleotide distance),
computed using point estimates of P.

      1       2       3       4       5       6      
 1      -    0.0446  0.0348  0.0316  0.0425  0.0585  
 2   0.0446     -    0.0458  0.0392  0.0396  0.0442  
 3   0.0348  0.0458     -    0.0341  0.0438  0.0589  
 4   0.0316  0.0392  0.0341     -    0.0376  0.0539  
 5   0.0425  0.0396  0.0438  0.0376     -    0.0559  
 6   0.0585  0.0442  0.0589  0.0539  0.0559     -    

Average distances (expected heterozygosity) between individuals in same cluster:
cluster  1  : 0.4005 
cluster  2  : 0.3847 
cluster  3  : 0.3970 
cluster  4  : 0.3941 
cluster  5  : 0.3829 
cluster  6  : 0.3769 

--------------------------------------------
Estimated Ln Prob of Data   = -136851.1
Mean value of ln likelihood = -132646.2
Variance of ln likelihood   = 8409.9
Mean value of alpha         = 1.0000

Mean value of Fst_1         = 0.1363
Mean value of Fst_2         = 0.1651
Mean value of Fst_3         = 0.1448
Mean value of Fst_4         = 0.1307
Mean value of Fst_5         = 0.1517
Mean value of Fst_6         = 0.1992


Inferred ancestry of individuals:
        Label (%Miss) Pop:  Inferred clusters
  1   207778    (2)    2 :  0.095 0.350 0.127 0.132 0.092 0.205 
  2 z0005757    (7)    3 :  0.122 0.243 0.234 0.089 0.217 0.096 
  3 z0005758    (0)    3 :  0.103 0.052 0.170 0.488 0.119 0.068 
  4 z0011944    (0)    1 :  0.044 0.069 0.052 0.054 0.711 0.072 
  5 z0012702   (10)    4 :  0.036 0.573 0.045 0.039 0.103 0.204 
  6 z0016577    (2)    3 :  0.143 0.241 0.118 0.243 0.094 0.160 
  7 z0016578   (21)    1 :  0.525 0.112 0.075 0.103 0.136 0.048 
  8 z0016579    (1)    3 :  0.130 0.216 0.160 0.205 0.192 0.097 
  9 z0018264    (0)    1 :  0.046 0.095 0.083 0.054 0.637 0.085 
 10 z0029828    (2)    3 :  0.562 0.146 0.069 0.085 0.047 0.091 
 11 z0029829   (14)    1 :  0.627 0.104 0.090 0.057 0.052 0.071 
 12 z0029846   (14)    1 :  0.124 0.135 0.207 0.233 0.211 0.091 
 13 z0029860    (1)    3 :  0.505 0.093 0.114 0.148 0.059 0.081 
 14 z0029863    (2)    1 :  0.114 0.110 0.079 0.324 0.275 0.098 
 15 z0029864    (8)    1 :  0.097 0.084 0.129 0.404 0.211 0.076 
 16 z0029865   (13)    3 :  0.090 0.068 0.235 0.452 0.080 0.075 
 17 z0037607    (2)    3 :  0.148 0.136 0.052 0.353 0.182 0.129 
 18 z0037609   (25)    3 :  0.130 0.126 0.115 0.368 0.162 0.100 
 19 z0037624   (21)    1 :  0.070 0.140 0.397 0.213 0.067 0.114 
 20 z0038417    (8)    2 :  0.053 0.214 0.086 0.066 0.154 0.428 
 21 z0040275    (9)    2 :  0.069 0.209 0.068 0.150 0.233 0.271 
 22 z0040287    (3)    2 :  0.140 0.214 0.089 0.142 0.234 0.181 
 23 z0040308    (1)    2 :  0.063 0.397 0.092 0.152 0.046 0.250 
 24 z0040333    (1)    2 :  0.094 0.336 0.121 0.125 0.110 0.214 
 25 z0040334    (1)    2 :  0.041 0.272 0.062 0.046 0.100 0.479 
 26 z0040337    (6)    2 :  0.148 0.231 0.105 0.173 0.149 0.194 
 27 z0040345    (1)    2 :  0.037 0.379 0.070 0.098 0.150 0.266 
 28 z0040357    (5)    2 :  0.073 0.145 0.111 0.154 0.117 0.400 
 29 z0040363   (20)    2 :  0.091 0.180 0.196 0.128 0.091 0.314 
 30 z0040364    (0)    2 :  0.086 0.210 0.098 0.085 0.078 0.443 
 31 z0040387    (1)    2 :  0.102 0.272 0.090 0.113 0.086 0.337 
 32 z0040403   (15)    2 :  0.090 0.284 0.176 0.120 0.106 0.225 
 33 z0040413   (43)    2 :  0.089 0.404 0.102 0.128 0.125 0.152 
 34 z0040439    (0)    2 :  0.053 0.102 0.047 0.081 0.128 0.590 
 35 z0040465   (20)    2 :  0.195 0.239 0.097 0.179 0.093 0.198 
 36 z0040513   (17)    3 :  0.208 0.288 0.220 0.066 0.096 0.121 
 37 z0040961   (12)    2 :  0.074 0.251 0.133 0.055 0.288 0.199 
 38 z0040985   (16)    2 :  0.084 0.302 0.098 0.164 0.156 0.195 
 39 z0041026    (0)    2 :  0.146 0.182 0.078 0.048 0.101 0.445 
 40 z0041051   (28)    2 :  0.072 0.184 0.097 0.114 0.265 0.268 
 41 z0041115    (7)    2 :  0.109 0.154 0.138 0.077 0.133 0.389 
 42 z0041153   (23)    2 :  0.100 0.210 0.117 0.145 0.229 0.198 
 43 z0041233    (4)    2 :  0.113 0.238 0.180 0.175 0.098 0.198 
 44 z0041243    (1)    2 :  0.063 0.131 0.125 0.221 0.201 0.258 
 45 z0041248    (6)    2 :  0.060 0.131 0.162 0.133 0.112 0.402 
 46 z0041250    (1)    2 :  0.068 0.328 0.053 0.125 0.117 0.309 
 47 z0041274    (2)    2 :  0.191 0.332 0.052 0.067 0.174 0.184 
 48 z0041465   (15)    2 :  0.136 0.094 0.175 0.107 0.051 0.438 
 49 z0041472    (2)    2 :  0.098 0.189 0.178 0.111 0.078 0.346 
 50 z0041480   (10)    2 :  0.121 0.220 0.196 0.173 0.100 0.190 
 51 z0041483    (0)    2 :  0.083 0.143 0.091 0.061 0.143 0.479 
 52 z0041494   (12)    2 :  0.097 0.433 0.059 0.084 0.142 0.185 
 53 z0041498    (1)    2 :  0.126 0.080 0.164 0.088 0.153 0.389 
 54 z0041501    (1)    2 :  0.066 0.504 0.040 0.072 0.058 0.260 
 55 z0041507    (7)    2 :  0.101 0.243 0.090 0.122 0.117 0.326 
 56 z0041512    (0)    2 :  0.092 0.174 0.067 0.123 0.082 0.462 
 57 z0041522   (17)    2 :  0.179 0.078 0.104 0.101 0.128 0.410 
 58 z0041526    (1)    3 :  0.077 0.065 0.134 0.196 0.064 0.463 
 59 z0041527   (16)    2 :  0.128 0.315 0.099 0.109 0.084 0.266 
 60 z0043243    (2)    2 :  0.099 0.137 0.297 0.154 0.235 0.078 
 61 z0043278    (2)    2 :  0.073 0.123 0.080 0.052 0.188 0.485 
 62 z0043475   (17)    3 :  0.195 0.214 0.174 0.098 0.119 0.200 
 63 z0043477    (0)    2 :  0.080 0.158 0.074 0.295 0.148 0.244 
 64 z0043478    (2)    2 :  0.068 0.096 0.063 0.077 0.072 0.624 
 65 z0043481    (0)    2 :  0.105 0.249 0.106 0.113 0.106 0.321 
 66 z0043489    (7)    2 :  0.057 0.312 0.058 0.069 0.126 0.377 
 67 z0043491   (13)    2 :  0.100 0.148 0.085 0.184 0.191 0.292 
 68 z0043493    (3)    2 :  0.056 0.377 0.063 0.277 0.127 0.099 
 69 z0043494    (2)    2 :  0.145 0.229 0.092 0.145 0.218 0.171 
 70 z0043498    (2)    2 :  0.128 0.168 0.106 0.051 0.079 0.467 
 71 z0043504    (7)    2 :  0.053 0.135 0.086 0.367 0.157 0.202 
 72 z0043526    (3)    4 :  0.115 0.466 0.111 0.108 0.112 0.087 
 73 z0043566    (3)    2 :  0.051 0.228 0.219 0.135 0.081 0.287 
 74 z0043572    (0)    2 :  0.136 0.135 0.076 0.149 0.083 0.422 
 75 z0043599    (5)    2 :  0.156 0.250 0.085 0.194 0.113 0.203 
 76 z0043642    (1)    2 :  0.259 0.210 0.066 0.176 0.106 0.183 
 77 z0043649    (1)    2 :  0.055 0.350 0.077 0.082 0.114 0.322 
 78 z0043652    (1)    2 :  0.186 0.346 0.086 0.119 0.152 0.110 
 79 z0043668    (1)    2 :  0.084 0.298 0.314 0.060 0.143 0.101 
 80 z0043674    (1)    4 :  0.391 0.104 0.121 0.171 0.162 0.052 
 81 z0043686    (1)    2 :  0.106 0.111 0.158 0.152 0.227 0.246 
 82 z0043693    (1)    2 :  0.146 0.392 0.159 0.062 0.108 0.133 
 83 z0043704   (15)    2 :  0.072 0.088 0.064 0.131 0.094 0.551 
 84 z0043807    (1)    2 :  0.188 0.187 0.074 0.174 0.091 0.286 
 85 z0043819    (1)    2 :  0.181 0.397 0.110 0.140 0.114 0.058 
 86 z0043876    (7)    2 :  0.117 0.144 0.185 0.317 0.076 0.162 
 87 z0043877   (33)    2 :  0.090 0.223 0.292 0.101 0.069 0.226 
 88 z0043891   (21)    4 :  0.154 0.085 0.152 0.221 0.219 0.169 
 89 z0043915   (33)    2 :  0.128 0.193 0.131 0.100 0.323 0.126 
 90 z0043940   (10)    2 :  0.138 0.275 0.103 0.276 0.159 0.048 
 91 z0043954    (2)    2 :  0.116 0.238 0.178 0.109 0.196 0.162 
 92 z0043966    (5)    2 :  0.125 0.080 0.069 0.110 0.101 0.515 
 93 z0043980    (0)    2 :  0.206 0.259 0.143 0.064 0.135 0.193 
 94 z0043994    (1)    3 :  0.067 0.136 0.080 0.055 0.166 0.497 
 95 z0044017   (12)    2 :  0.080 0.339 0.085 0.083 0.292 0.122 
 96 z0044019   (14)    2 :  0.083 0.209 0.227 0.090 0.127 0.263 
 97 z0044023   (36)    2 :  0.050 0.056 0.174 0.076 0.053 0.591 
 98 z0044033    (0)    2 :  0.075 0.096 0.057 0.039 0.048 0.685 
 99 z0044042    (3)    2 :  0.064 0.107 0.124 0.083 0.130 0.492 
100 z0044047   (25)    2 :  0.046 0.563 0.082 0.070 0.103 0.136 
101 z0044064   (13)    2 :  0.121 0.287 0.053 0.117 0.224 0.198 
102 z0044432   (14)    2 :  0.172 0.384 0.127 0.076 0.128 0.113 
103 z0045326    (0)    3 :  0.275 0.076 0.096 0.357 0.056 0.140 
104 z0045331    (5)    1 :  0.345 0.058 0.103 0.171 0.174 0.150 
105 z0045332    (2)    1 :  0.269 0.264 0.097 0.098 0.184 0.087 
106 z0045333    (6)    1 :  0.167 0.095 0.408 0.168 0.072 0.091 
107 z0045337    (5)    1 :  0.115 0.062 0.517 0.084 0.114 0.107 
108 z0045342   (13)    1 :  0.392 0.205 0.170 0.055 0.087 0.092 
109 z0045347    (1)    3 :  0.134 0.158 0.131 0.253 0.222 0.102 
110 z0045350    (0)    1 :  0.235 0.170 0.144 0.105 0.245 0.102 
111 z0045370    (1)    1 :  0.566 0.047 0.111 0.177 0.065 0.033 
112 z0045371    (1)    3 :  0.124 0.123 0.135 0.313 0.143 0.162 
113 z0045398    (1)    3 :  0.244 0.102 0.078 0.455 0.076 0.046 
114 z0045399    (1)    3 :  0.160 0.086 0.217 0.147 0.342 0.047 
115 z0045401   (26)    1 :  0.311 0.302 0.110 0.107 0.097 0.073 
116 z0045404    (0)    3 :  0.451 0.086 0.075 0.275 0.061 0.051 
117 z0045405    (5)    3 :  0.317 0.165 0.054 0.274 0.130 0.059 
118 z0045407    (2)    3 :  0.150 0.090 0.069 0.373 0.223 0.095 
119 z0045719    (0)    2 :  0.146 0.207 0.057 0.096 0.084 0.411 
120 z0045720    (1)    2 :  0.187 0.288 0.069 0.132 0.151 0.172 
121 z0045728    (1)    2 :  0.055 0.088 0.165 0.131 0.095 0.467 
122 z0045731    (1)    2 :  0.081 0.351 0.059 0.233 0.115 0.161 
123 z0045733    (0)    2 :  0.235 0.299 0.110 0.062 0.161 0.133 
124 z0045736    (1)    2 :  0.151 0.263 0.112 0.133 0.228 0.114 
125 z0045739    (1)    2 :  0.156 0.137 0.087 0.361 0.122 0.137 
126 z0045740    (1)    2 :  0.058 0.347 0.086 0.086 0.087 0.335 
127 z0045741    (0)    2 :  0.095 0.556 0.035 0.103 0.056 0.156 
128 z0045742    (0)    2 :  0.189 0.295 0.100 0.079 0.064 0.272 
129 z0045776    (1)    3 :  0.055 0.660 0.137 0.037 0.059 0.052 
130 z0045779    (0)    2 :  0.043 0.053 0.170 0.063 0.079 0.592 
131 z0045781    (0)    2 :  0.051 0.101 0.055 0.322 0.100 0.371 
132 z0045788    (5)    2 :  0.055 0.147 0.085 0.063 0.146 0.504 
133 z0045789    (2)    2 :  0.124 0.091 0.069 0.066 0.111 0.540 
134 z0045791    (5)    2 :  0.160 0.151 0.076 0.048 0.192 0.372 
135 z0045792   (23)    1 :  0.123 0.110 0.258 0.211 0.092 0.206 
136 z0045793    (0)    3 :  0.425 0.051 0.171 0.072 0.055 0.226 
137 z0047562   (15)    2 :  0.119 0.300 0.082 0.087 0.176 0.236 
138 z0047854    (1)    2 :  0.068 0.133 0.117 0.204 0.166 0.312 
139 z0051185    (1)    1 :  0.345 0.062 0.071 0.379 0.085 0.059 
140 z0051324    (6)    1 :  0.254 0.047 0.205 0.261 0.137 0.095 
141 z0051326    (0)    1 :  0.264 0.043 0.183 0.290 0.131 0.089 
142 z0051327    (4)    3 :  0.138 0.140 0.098 0.276 0.104 0.244 
143 z0051328    (3)    1 :  0.260 0.087 0.240 0.200 0.083 0.130 
144 z0051380    (0)    1 :  0.053 0.040 0.531 0.288 0.051 0.037 
145 z0051400    (0)    3 :  0.289 0.199 0.182 0.107 0.100 0.122 
146 z0051431   (23)    3 :  0.168 0.195 0.075 0.236 0.083 0.242 
147 z0051840   (34)    2 :  0.165 0.098 0.069 0.050 0.242 0.376 
148 z0051844   (27)    2 :  0.067 0.305 0.077 0.151 0.226 0.173 
149 z0051875   (29)    3 :  0.361 0.119 0.160 0.162 0.092 0.106 
150 z0051885    (8)    3 :  0.103 0.082 0.088 0.189 0.102 0.436 
151 z0051888    (1)    2 :  0.353 0.074 0.070 0.061 0.079 0.363 
152 z0051891    (1)    1 :  0.167 0.265 0.159 0.209 0.107 0.095 
153 z0051893    (4)    1 :  0.343 0.127 0.206 0.131 0.112 0.080 
154 z0051895    (0)    3 :  0.451 0.106 0.133 0.151 0.078 0.080 
155 z0051918    (1)    3 :  0.058 0.138 0.057 0.149 0.341 0.257 
156 z0051929    (1)    1 :  0.164 0.081 0.206 0.399 0.063 0.088 
157 z0051939   (12)    3 :  0.282 0.133 0.085 0.130 0.125 0.245 
158 z0051947    (3)    1 :  0.056 0.054 0.719 0.052 0.052 0.067 
159 z0051959    (2)    3 :  0.076 0.104 0.111 0.378 0.146 0.184 
160 z0052846    (0)    4 :  0.220 0.239 0.115 0.152 0.088 0.185 
161 z0052882    (1)    2 :  0.147 0.194 0.200 0.094 0.132 0.233 
162 z0053020   (22)    2 :  0.054 0.584 0.056 0.088 0.136 0.082 
163 z0053024   (13)    2 :  0.159 0.155 0.123 0.264 0.131 0.168 
164 z0053025    (5)    2 :  0.053 0.060 0.034 0.200 0.065 0.589 
165 z0053031    (0)    2 :  0.114 0.170 0.131 0.182 0.217 0.186 
166 z0053032    (1)    2 :  0.067 0.365 0.211 0.070 0.133 0.154 
167 z0053040    (5)    2 :  0.111 0.313 0.141 0.098 0.160 0.176 
168 z0053051    (1)    3 :  0.303 0.259 0.067 0.201 0.122 0.047 
169 z0053054    (6)    3 :  0.346 0.159 0.118 0.216 0.088 0.074 
170 z0053071    (3)    2 :  0.116 0.284 0.110 0.079 0.070 0.341 
171 z0053073    (2)    2 :  0.112 0.286 0.194 0.204 0.135 0.069 
172 z0053078    (1)    3 :  0.045 0.167 0.044 0.084 0.473 0.187 
173 z0053082    (2)    3 :  0.157 0.336 0.100 0.084 0.082 0.240 
174 z0053083   (12)    2 :  0.093 0.292 0.146 0.135 0.135 0.199 
175 z0053090   (11)    3 :  0.050 0.282 0.103 0.169 0.154 0.241 
176 z0053096    (0)    2 :  0.078 0.145 0.050 0.040 0.263 0.422 
177 z0053100    (8)    2 :  0.093 0.348 0.121 0.097 0.110 0.230 
178 z0053101    (0)    2 :  0.062 0.092 0.074 0.096 0.368 0.308 
179 z0053102    (9)    2 :  0.167 0.353 0.056 0.085 0.103 0.236 
180 z0053103    (1)    2 :  0.069 0.191 0.077 0.073 0.056 0.535 
181 z0053111    (2)    3 :  0.221 0.123 0.159 0.216 0.155 0.125 
182 z0053131    (0)    2 :  0.178 0.070 0.136 0.145 0.139 0.332 
183 z0053132    (0)    2 :  0.090 0.196 0.041 0.051 0.458 0.164 
184 z0053133    (1)    2 :  0.221 0.184 0.116 0.168 0.225 0.087 
185 z0053138    (0)    2 :  0.127 0.075 0.168 0.301 0.078 0.250 
186 z0053142    (3)    2 :  0.092 0.082 0.212 0.098 0.100 0.417 
187 z0053149    (1)    2 :  0.047 0.194 0.176 0.125 0.133 0.324 
188 z0053754    (1)    1 :  0.076 0.047 0.204 0.376 0.171 0.125 
189 z0053756    (2)    1 :  0.101 0.055 0.120 0.413 0.211 0.100 
190 z0053758   (17)    1 :  0.486 0.047 0.164 0.058 0.183 0.061 
191 z0053759    (1)    1 :  0.194 0.071 0.362 0.192 0.106 0.076 
192 z0053760    (0)    1 :  0.164 0.141 0.190 0.236 0.174 0.094 
193 z0053842    (2)    1 :  0.080 0.180 0.098 0.507 0.043 0.091 
194 z0053843    (6)    1 :  0.596 0.045 0.091 0.089 0.086 0.092 
195 z0053844    (9)    1 :  0.293 0.113 0.158 0.223 0.098 0.115 
196 z0053846    (3)    1 :  0.526 0.054 0.247 0.054 0.078 0.042 
197 z0053847    (1)    1 :  0.044 0.039 0.680 0.039 0.068 0.129 
198 z0053849    (1)    1 :  0.068 0.113 0.084 0.543 0.121 0.072 
199 z0055903    (1)    4 :  0.104 0.395 0.162 0.129 0.152 0.057 
200 z0055910   (35)    4 :  0.167 0.161 0.144 0.101 0.169 0.258 
201 z0055912    (7)    4 :  0.081 0.143 0.092 0.156 0.333 0.195 
202 z0055916   (17)    4 :  0.101 0.194 0.144 0.354 0.096 0.112 
203 z0055931    (4)    4 :  0.075 0.223 0.104 0.070 0.104 0.424 
204 z0055944    (4)    4 :  0.108 0.276 0.156 0.202 0.148 0.110 
205 z0055947   (10)    4 :  0.226 0.198 0.068 0.247 0.120 0.141 
206 z0055962    (6)    4 :  0.082 0.097 0.097 0.369 0.084 0.270 
207 z0055963   (21)    4 :  0.238 0.142 0.119 0.084 0.180 0.238 
208 z0055965   (26)    4 :  0.120 0.155 0.269 0.121 0.283 0.052 
209 z0055970   (16)    4 :  0.076 0.301 0.256 0.143 0.085 0.140 
210 z0055971    (8)    4 :  0.118 0.169 0.254 0.150 0.175 0.134 
211 z0055977    (6)    4 :  0.123 0.156 0.069 0.200 0.142 0.310 
212 z0055986   (21)    4 :  0.276 0.211 0.203 0.122 0.080 0.108 
213 z0055990    (7)    4 :  0.136 0.123 0.073 0.096 0.161 0.410 
214 z0055996    (3)    4 :  0.263 0.106 0.118 0.194 0.070 0.249 
215 z0055997    (4)    4 :  0.166 0.158 0.223 0.082 0.076 0.295 
216 z0055998    (5)    4 :  0.149 0.118 0.111 0.222 0.263 0.138 
217 z0055999    (3)    4 :  0.208 0.130 0.270 0.101 0.192 0.098 
218 z0056011    (9)    4 :  0.135 0.316 0.087 0.285 0.110 0.068 
219 z0056029    (5)    4 :  0.117 0.370 0.164 0.165 0.082 0.102 
220 z0056034    (2)    4 :  0.061 0.212 0.116 0.151 0.135 0.325 
221 z0056056   (26)    3 :  0.151 0.165 0.237 0.184 0.105 0.157 
222 z0056058    (5)    3 :  0.079 0.059 0.701 0.073 0.052 0.036 
223 z0056059    (8)    3 :  0.103 0.321 0.178 0.134 0.214 0.051 
224 z0056062    (1)    3 :  0.064 0.413 0.284 0.047 0.119 0.074 
225 z0056063    (4)    3 :  0.284 0.157 0.135 0.174 0.144 0.106 
226 z0056064    (0)    3 :  0.153 0.159 0.236 0.099 0.265 0.087 
227 z0056065    (0)    3 :  0.368 0.107 0.225 0.092 0.141 0.066 
228 z0056069    (1)    3 :  0.058 0.668 0.130 0.038 0.050 0.055 
229 z0056073    (0)    3 :  0.221 0.147 0.125 0.409 0.057 0.042 
230 z0056076    (5)    3 :  0.141 0.059 0.377 0.038 0.182 0.203 
231 z0056079   (10)    3 :  0.244 0.122 0.195 0.256 0.134 0.050 
232 z0056085    (1)    3 :  0.332 0.081 0.165 0.197 0.131 0.093 
233 z0056092    (1)    3 :  0.272 0.133 0.115 0.215 0.191 0.074 
234 z0056095    (1)    3 :  0.253 0.175 0.200 0.080 0.235 0.057 
235 z0056103    (8)    3 :  0.079 0.141 0.377 0.228 0.128 0.047 
236 z0056374    (8)    1 :  0.090 0.103 0.485 0.200 0.073 0.049 
237 z0056375    (0)    1 :  0.329 0.098 0.300 0.117 0.083 0.072 
238 z0056377    (0)    1 :  0.050 0.105 0.218 0.478 0.088 0.061 
239 z0056378    (2)    1 :  0.137 0.204 0.466 0.063 0.049 0.081 
240 z0056382    (1)    1 :  0.638 0.064 0.092 0.048 0.112 0.045 
241 z0056384    (3)    1 :  0.170 0.093 0.299 0.118 0.211 0.108 
242 z0056386    (8)    1 :  0.573 0.044 0.140 0.089 0.093 0.061 
243 z0056389    (1)    1 :  0.717 0.044 0.065 0.054 0.076 0.044 
244 z0056391    (2)    1 :  0.395 0.025 0.422 0.097 0.039 0.021 
245 z0056392   (12)    1 :  0.185 0.051 0.311 0.311 0.048 0.094 
246 z0056393    (9)    1 :  0.149 0.131 0.077 0.411 0.130 0.102 
247 z0056394    (1)    1 :  0.210 0.087 0.086 0.488 0.061 0.068 
248 z0056395    (2)    1 :  0.053 0.126 0.303 0.317 0.108 0.094 
249 z0056397    (1)    1 :  0.094 0.094 0.125 0.297 0.147 0.243 
250 z0061527    (3)    3 :  0.101 0.160 0.157 0.168 0.094 0.320 
251 z0061967    (1)    3 :  0.186 0.102 0.159 0.272 0.090 0.191 
252 z0061969    (1)    3 :  0.148 0.153 0.130 0.264 0.049 0.256 
253 z0061980    (1)    1 :  0.233 0.068 0.168 0.201 0.112 0.217 
254 z0066166    (3)    3 :  0.162 0.087 0.258 0.230 0.132 0.132 
255 z0066792    (2)    1 :  0.089 0.037 0.099 0.055 0.644 0.075 
256 z0066805    (2)    1 :  0.058 0.125 0.081 0.052 0.626 0.058 
257 z0068471    (3)    3 :  0.044 0.096 0.532 0.125 0.113 0.090 
258 z0075696    (7)    5 :  0.093 0.082 0.028 0.042 0.705 0.050 
259 z0101084    (8)    1 :  0.278 0.128 0.411 0.057 0.053 0.074 
260 z0107099    (3)    3 :  0.308 0.082 0.311 0.193 0.078 0.027 
261 z0107101    (0)    1 :  0.185 0.030 0.664 0.043 0.037 0.041 
262 z0108489    (1)    1 :  0.057 0.300 0.231 0.167 0.129 0.115 
263 z0108513    (0)    1 :  0.358 0.030 0.273 0.115 0.048 0.175 
264 z0108528    (1)    3 :  0.162 0.152 0.204 0.209 0.089 0.182 
265 z0113628    (2)    3 :  0.196 0.279 0.074 0.175 0.201 0.076 
266 z0133302   (18)    1 :  0.138 0.098 0.430 0.069 0.106 0.157 
267 z0173485    (0)    1 :  0.222 0.267 0.072 0.185 0.090 0.164 
268 z0175371    (1)    3 :  0.111 0.093 0.071 0.187 0.331 0.208 
269 z0175378    (0)    2 :  0.178 0.183 0.056 0.062 0.048 0.473 
270 z0175912    (6)    1 :  0.065 0.094 0.440 0.193 0.103 0.105 
271 z0175916    (3)    1 :  0.149 0.086 0.151 0.115 0.207 0.292 
272 z0175937    (1)    1 :  0.356 0.120 0.152 0.218 0.091 0.062 
273 z0178348   (13)    1 :  0.051 0.071 0.440 0.296 0.071 0.071 
274 z0187857    (3)    1 :  0.150 0.102 0.487 0.117 0.053 0.090 
275 z0187860    (0)    1 :  0.190 0.241 0.209 0.110 0.123 0.127 
276 z0187885    (0)    2 :  0.126 0.171 0.079 0.090 0.335 0.199 
277 z0187906   (10)    1 :  0.168 0.253 0.102 0.109 0.309 0.059 
278 z0195655    (0)    2 :  0.071 0.078 0.082 0.097 0.063 0.609 
279 z0195663    (1)    3 :  0.119 0.269 0.045 0.189 0.107 0.272 
280 z0195683    (1)    3 :  0.371 0.138 0.208 0.155 0.071 0.058 
281 z0195687   (22)    3 :  0.410 0.059 0.117 0.258 0.112 0.044 
282 z0195688    (0)    2 :  0.129 0.180 0.086 0.159 0.268 0.177 
283 z0195691    (1)    3 :  0.117 0.335 0.085 0.212 0.204 0.046 
284 z0195699    (0)    3 :  0.315 0.155 0.046 0.344 0.065 0.075 
285 z0195701    (8)    3 :  0.298 0.084 0.253 0.127 0.115 0.123 
286 z0195702    (0)    3 :  0.130 0.138 0.176 0.185 0.227 0.144 
287 z0195704    (1)    3 :  0.064 0.142 0.451 0.098 0.124 0.119 
288 z0195705    (1)    3 :  0.086 0.474 0.053 0.143 0.069 0.174 
289 z0195711    (0)    3 :  0.192 0.160 0.064 0.226 0.305 0.052 
290 z0195716    (0)    3 :  0.136 0.080 0.170 0.237 0.273 0.103 
291 z0195718   (13)    3 :  0.310 0.092 0.246 0.126 0.176 0.050 
292 z0195725    (5)    3 :  0.071 0.107 0.241 0.265 0.086 0.231 
293 z0195726   (17)    1 :  0.088 0.222 0.087 0.428 0.108 0.066 
294 z0195728   (14)    3 :  0.645 0.059 0.142 0.066 0.052 0.037 
295 z0195732   (16)    3 :  0.250 0.155 0.117 0.352 0.082 0.044 
296 z0195737    (1)    3 :  0.211 0.301 0.080 0.067 0.165 0.177 
297 z0195740   (30)    3 :  0.147 0.192 0.088 0.375 0.101 0.097 
298 z0195751    (1)    3 :  0.559 0.090 0.097 0.121 0.067 0.065 
299 z0195762    (2)    3 :  0.113 0.065 0.116 0.336 0.308 0.063 
300 z0195784    (0)    3 :  0.416 0.148 0.158 0.098 0.129 0.052 
301 z0196686    (0)    5 :  0.034 0.037 0.065 0.027 0.810 0.027 
302 z0196687    (0)    5 :  0.051 0.038 0.081 0.090 0.650 0.091 
303 z0196689    (1)    5 :  0.056 0.057 0.041 0.109 0.667 0.071 
304 z0196690    (3)    5 :  0.093 0.062 0.130 0.061 0.611 0.043 
305 z0196691    (9)    5 :  0.083 0.092 0.069 0.080 0.634 0.042 
306 z0196692    (1)    5 :  0.082 0.062 0.102 0.108 0.561 0.085 
307 z0196693    (2)    5 :  0.069 0.033 0.104 0.117 0.626 0.052 
308 z0196694    (3)    5 :  0.062 0.094 0.094 0.056 0.627 0.067 
309 z0196710    (0)    3 :  0.151 0.153 0.148 0.181 0.171 0.196 
310 z0196715   (23)    3 :  0.315 0.103 0.140 0.311 0.067 0.063 
311 z0196719    (0)    3 :  0.207 0.110 0.098 0.347 0.107 0.132 
312 z0196724   (20)    3 :  0.301 0.132 0.118 0.276 0.072 0.101 
313 z0196725    (1)    3 :  0.111 0.169 0.477 0.069 0.120 0.054 
314 z0196729    (3)    3 :  0.235 0.086 0.154 0.246 0.109 0.170 
315 z0196730    (3)    1 :  0.037 0.046 0.684 0.044 0.127 0.063 
316 z0196731    (1)    3 :  0.197 0.076 0.182 0.366 0.125 0.053 
317 z0196733   (17)    1 :  0.165 0.075 0.130 0.480 0.089 0.061 
318 z0196734    (2)    3 :  0.248 0.267 0.089 0.197 0.094 0.104 
319 z0196739   (18)    3 :  0.160 0.143 0.291 0.152 0.069 0.184 
320 z0196740   (10)    3 :  0.146 0.052 0.112 0.436 0.159 0.096 
321 z0196746    (3)    1 :  0.144 0.172 0.438 0.063 0.122 0.060 
322 z0196751    (0)    3 :  0.239 0.088 0.228 0.127 0.132 0.187 
323 z0196752    (0)    3 :  0.193 0.078 0.125 0.137 0.399 0.067 
324 z0196754    (0)    3 :  0.424 0.157 0.130 0.112 0.093 0.083 
325 z0196758    (2)    1 :  0.161 0.080 0.313 0.200 0.164 0.082 
326 z0196763    (2)    3 :  0.217 0.254 0.083 0.288 0.110 0.047 
327 z0196764    (1)    3 :  0.292 0.092 0.094 0.233 0.140 0.150 
328 z0196766    (0)    3 :  0.304 0.099 0.226 0.101 0.141 0.129 
329 z0196769    (1)    3 :  0.448 0.067 0.132 0.117 0.158 0.078 
330 z0196774    (1)    3 :  0.292 0.071 0.157 0.133 0.280 0.066 
331 z0196783    (0)    1 :  0.388 0.039 0.422 0.053 0.066 0.032 
332 z0196794    (2)    1 :  0.503 0.039 0.222 0.067 0.122 0.046 
333 z0196804   (15)    1 :  0.258 0.086 0.129 0.357 0.081 0.090 
334 z0196809   (15)    3 :  0.082 0.052 0.064 0.627 0.124 0.051 
335 z0196810    (2)    1 :  0.092 0.094 0.221 0.370 0.144 0.079 
336 z0196811    (1)    1 :  0.057 0.064 0.144 0.648 0.054 0.032 
337 z0196824    (0)    3 :  0.145 0.217 0.155 0.124 0.198 0.161 
338 z0196825    (1)    3 :  0.249 0.175 0.145 0.218 0.056 0.157 
339 z0196828    (1)    2 :  0.223 0.115 0.118 0.333 0.088 0.122 
340 z0196829    (0)    3 :  0.088 0.184 0.142 0.416 0.085 0.085 
341 z0196834   (28)    3 :  0.171 0.101 0.297 0.146 0.116 0.168 
342 z0196835    (0)    3 :  0.320 0.109 0.316 0.122 0.030 0.103 
343 z0196838    (2)    1 :  0.071 0.044 0.073 0.661 0.112 0.039 
344 z0196841   (22)    3 :  0.237 0.086 0.241 0.158 0.218 0.060 
345 z0196843   (27)    3 :  0.081 0.147 0.442 0.188 0.083 0.059 
346 z0196849    (1)    3 :  0.425 0.079 0.093 0.182 0.124 0.098 
347 z0196852    (1)    2 :  0.142 0.261 0.070 0.162 0.249 0.116 
348 z0196855    (0)    2 :  0.115 0.160 0.127 0.264 0.199 0.135 
349 z0196856    (1)    3 :  0.143 0.215 0.088 0.254 0.166 0.134 
350 z0196857    (0)    2 :  0.382 0.065 0.069 0.062 0.078 0.345 
351 z0196864    (2)    3 :  0.126 0.288 0.061 0.222 0.123 0.180 
352 z0196894    (0)    3 :  0.145 0.169 0.237 0.237 0.165 0.047 
353 z0197662    (3)    1 :  0.074 0.236 0.163 0.270 0.126 0.131 
354 z0197665    (2)    1 :  0.127 0.040 0.535 0.077 0.132 0.089 
355 z0197668   (20)    3 :  0.164 0.124 0.061 0.181 0.389 0.082 
356 z0197669    (1)    3 :  0.174 0.409 0.088 0.086 0.134 0.109 
357 z0197672    (1)    3 :  0.427 0.116 0.091 0.119 0.133 0.114 


Estimated Allele Frequencies in each cluster
First column gives estimated ancestral frequencies


Locus 1 : HI.v.HI.SEAK 
5 alleles
66.2% missing data
   0   (0.214) 0.098 0.244 0.141 0.108 0.350 0.191 
   4   (0.377) 0.748 0.114 0.417 0.724 0.296 0.046 
   1   (0.209) 0.061 0.456 0.100 0.084 0.181 0.719 
   2   (0.052) 0.012 0.068 0.021 0.016 0.030 0.020 
   3   (0.148) 0.082 0.119 0.322 0.068 0.142 0.023 

Locus 2 : Mnov_gtseq_1 
2 alleles
0.0% missing data
   0   (0.418) 0.383 0.457 0.368 0.428 0.466 0.285 
   1   (0.582) 0.617 0.543 0.632 0.572 0.534 0.715 

Locus 3 : Mnov_gtseq_10 
2 alleles
0.3% missing data
   0   (0.806) 0.625 0.941 0.787 0.731 0.927 0.937 
   1   (0.194) 0.375 0.059 0.213 0.269 0.073 0.063 

Locus 4 : Mnov_gtseq_102 
2 alleles
0.8% missing data
   0   (0.561) 0.468 0.653 0.365 0.701 0.527 0.751 
   1   (0.439) 0.532 0.347 0.635 0.299 0.473 0.249 

Locus 5 : Mnov_gtseq_104 
2 alleles
0.3% missing data
   0   (0.847) 0.792 0.947 0.670 0.864 0.961 0.957 
   1   (0.153) 0.208 0.053 0.330 0.136 0.039 0.043 

Locus 6 : Mnov_gtseq_106 
2 alleles
15.4% missing data
   1   (0.755) 0.866 0.894 0.680 0.790 0.699 0.739 
   0   (0.245) 0.134 0.106 0.320 0.210 0.301 0.261 

Locus 7 : Mnov_gtseq_107 
2 alleles
37.8% missing data
   1   (0.223) 0.100 0.553 0.216 0.124 0.078 0.405 
   0   (0.777) 0.900 0.447 0.784 0.876 0.922 0.595 

Locus 8 : Mnov_gtseq_111 
2 alleles
39.2% missing data
   1   (0.692) 0.433 0.825 0.733 0.834 0.848 0.376 
   0   (0.308) 0.567 0.175 0.267 0.166 0.152 0.624 

Locus 9 : Mnov_gtseq_112 
2 alleles
1.1% missing data
   0   (0.609) 0.817 0.623 0.596 0.525 0.375 0.774 
   1   (0.391) 0.183 0.377 0.404 0.475 0.625 0.226 

Locus 10 : Mnov_gtseq_113 
2 alleles
1.7% missing data
   1   (0.701) 0.864 0.753 0.718 0.710 0.646 0.615 
   0   (0.299) 0.136 0.247 0.282 0.290 0.354 0.385 

Locus 11 : Mnov_gtseq_114 
2 alleles
4.5% missing data
   0   (0.527) 0.664 0.635 0.531 0.637 0.417 0.206 
   1   (0.473) 0.336 0.365 0.469 0.363 0.583 0.794 

Locus 12 : Mnov_gtseq_117 
2 alleles
27.2% missing data
   0   (0.633) 0.564 0.593 0.568 0.608 0.667 0.909 
   1   (0.367) 0.436 0.407 0.432 0.392 0.333 0.091 

Locus 13 : Mnov_gtseq_118 
2 alleles
8.1% missing data
   0   (0.711) 0.772 0.782 0.390 0.725 0.779 0.912 
   1   (0.289) 0.228 0.218 0.610 0.275 0.221 0.088 

Locus 14 : Mnov_gtseq_12 
2 alleles
0.3% missing data
   0   (0.461) 0.739 0.240 0.236 0.418 0.747 0.281 
   1   (0.539) 0.261 0.760 0.764 0.582 0.253 0.719 

Locus 15 : Mnov_gtseq_124 
2 alleles
4.8% missing data
   1   (0.764) 0.731 0.877 0.717 0.632 0.909 0.881 
   0   (0.236) 0.269 0.123 0.283 0.368 0.091 0.119 

Locus 16 : Mnov_gtseq_125 
2 alleles
1.1% missing data
   1   (0.894) 0.985 0.824 0.977 0.898 0.965 0.588 
   0   (0.106) 0.015 0.176 0.023 0.102 0.035 0.412 

Locus 17 : Mnov_gtseq_126 
2 alleles
0.0% missing data
   0   (0.333) 0.104 0.429 0.173 0.491 0.584 0.267 
   1   (0.667) 0.896 0.571 0.827 0.509 0.416 0.733 

Locus 18 : Mnov_gtseq_127 
2 alleles
7.0% missing data
   0   (0.612) 0.799 0.528 0.642 0.587 0.641 0.450 
   1   (0.388) 0.201 0.472 0.358 0.413 0.359 0.550 

Locus 19 : Mnov_gtseq_128 
2 alleles
31.4% missing data
   0   (0.686) 0.772 0.610 0.815 0.715 0.646 0.672 
   1   (0.314) 0.228 0.390 0.185 0.285 0.354 0.328 

Locus 20 : Mnov_gtseq_129 
2 alleles
2.0% missing data
   0   (0.506) 0.381 0.826 0.577 0.532 0.231 0.508 
   1   (0.494) 0.619 0.174 0.423 0.468 0.769 0.492 

Locus 21 : Mnov_gtseq_13 
2 alleles
0.0% missing data
   0   (0.580) 0.399 0.691 0.615 0.395 0.849 0.561 
   1   (0.420) 0.601 0.309 0.385 0.605 0.151 0.439 

Locus 22 : Mnov_gtseq_130 
2 alleles
28.9% missing data
   1   (0.509) 0.398 0.319 0.485 0.616 0.708 0.517 
   0   (0.491) 0.602 0.681 0.515 0.384 0.292 0.483 

Locus 23 : Mnov_gtseq_135 
2 alleles
0.6% missing data
   1   (0.456) 0.584 0.544 0.313 0.356 0.349 0.614 
   0   (0.544) 0.416 0.456 0.687 0.644 0.651 0.386 

Locus 24 : Mnov_gtseq_138 
2 alleles
0.6% missing data
   0   (0.466) 0.389 0.599 0.560 0.494 0.389 0.304 
   1   (0.534) 0.611 0.401 0.440 0.506 0.611 0.696 

Locus 25 : Mnov_gtseq_140 
2 alleles
1.1% missing data
   0   (0.427) 0.627 0.667 0.185 0.432 0.163 0.606 
   1   (0.573) 0.373 0.333 0.815 0.568 0.837 0.394 

Locus 26 : Mnov_gtseq_141 
2 alleles
0.3% missing data
   0   (0.566) 0.543 0.576 0.837 0.526 0.358 0.529 
   1   (0.434) 0.457 0.424 0.163 0.474 0.642 0.471 

Locus 27 : Mnov_gtseq_143 
2 alleles
2.8% missing data
   1   (0.558) 0.585 0.473 0.784 0.647 0.300 0.520 
   0   (0.442) 0.415 0.527 0.216 0.353 0.700 0.480 

Locus 28 : Mnov_gtseq_145 
2 alleles
2.0% missing data
   0   (0.463) 0.586 0.248 0.673 0.309 0.361 0.600 
   1   (0.537) 0.414 0.752 0.327 0.691 0.639 0.400 

Locus 29 : Mnov_gtseq_147 
2 alleles
26.3% missing data
   0   (0.777) 0.866 0.751 0.868 0.937 0.705 0.358 
   1   (0.223) 0.134 0.249 0.132 0.063 0.295 0.642 

Locus 30 : Mnov_gtseq_148 
2 alleles
9.2% missing data
   0   (0.304) 0.239 0.227 0.175 0.474 0.472 0.103 
   1   (0.696) 0.761 0.773 0.825 0.526 0.528 0.897 

Locus 31 : Mnov_gtseq_149 
2 alleles
0.6% missing data
   0   (0.590) 0.571 0.616 0.665 0.671 0.519 0.545 
   1   (0.410) 0.429 0.384 0.335 0.329 0.481 0.455 

Locus 32 : Mnov_gtseq_15 
2 alleles
0.0% missing data
   0   (0.478) 0.787 0.358 0.350 0.332 0.515 0.450 
   1   (0.522) 0.213 0.642 0.650 0.668 0.485 0.550 

Locus 33 : Mnov_gtseq_152 
2 alleles
0.8% missing data
   0   (0.337) 0.380 0.521 0.356 0.168 0.229 0.322 
   1   (0.663) 0.620 0.479 0.644 0.832 0.771 0.678 

Locus 34 : Mnov_gtseq_154 
2 alleles
3.4% missing data
   0   (0.550) 0.631 0.443 0.657 0.546 0.569 0.422 
   1   (0.450) 0.369 0.557 0.343 0.454 0.431 0.578 

Locus 35 : Mnov_gtseq_155 
2 alleles
41.7% missing data
   0   (0.655) 0.700 0.787 0.657 0.633 0.626 0.652 
   1   (0.345) 0.300 0.213 0.343 0.367 0.374 0.348 

Locus 36 : Mnov_gtseq_157 
2 alleles
0.6% missing data
   1   (0.551) 0.522 0.678 0.535 0.558 0.478 0.618 
   0   (0.449) 0.478 0.322 0.465 0.442 0.522 0.382 

Locus 37 : Mnov_gtseq_158 
2 alleles
0.6% missing data
   0   (0.396) 0.656 0.111 0.720 0.430 0.390 0.063 
   1   (0.604) 0.344 0.889 0.280 0.570 0.610 0.937 

Locus 38 : Mnov_gtseq_159 
2 alleles
24.6% missing data
   0   (0.607) 0.717 0.554 0.604 0.838 0.455 0.348 
   1   (0.393) 0.283 0.446 0.396 0.162 0.545 0.652 

Locus 39 : Mnov_gtseq_16 
2 alleles
0.0% missing data
   0   (0.639) 0.815 0.682 0.551 0.495 0.816 0.463 
   1   (0.361) 0.185 0.318 0.449 0.505 0.184 0.537 

Locus 40 : Mnov_gtseq_160 
2 alleles
2.5% missing data
   0   (0.494) 0.479 0.479 0.506 0.647 0.417 0.344 
   1   (0.506) 0.521 0.521 0.494 0.353 0.583 0.656 

Locus 41 : Mnov_gtseq_161 
2 alleles
2.0% missing data
   1   (0.745) 0.689 0.872 0.808 0.712 0.813 0.785 
   0   (0.255) 0.311 0.128 0.192 0.288 0.187 0.215 

Locus 42 : Mnov_gtseq_162 
2 alleles
2.2% missing data
   1   (0.428) 0.562 0.528 0.575 0.259 0.218 0.463 
   0   (0.572) 0.438 0.472 0.425 0.741 0.782 0.537 

Locus 43 : Mnov_gtseq_167 
2 alleles
1.1% missing data
   1   (0.791) 0.881 0.944 0.534 0.810 0.854 0.838 
   0   (0.209) 0.119 0.056 0.466 0.190 0.146 0.162 

Locus 44 : Mnov_gtseq_17 
2 alleles
0.0% missing data
   0   (0.517) 0.622 0.410 0.575 0.409 0.591 0.493 
   1   (0.483) 0.378 0.590 0.425 0.591 0.409 0.507 

Locus 45 : Mnov_gtseq_170 
2 alleles
0.0% missing data
   0   (0.317) 0.323 0.317 0.222 0.339 0.343 0.172 
   1   (0.683) 0.677 0.683 0.778 0.661 0.657 0.828 

Locus 46 : Mnov_gtseq_171 
2 alleles
42.0% missing data
   1   (0.679) 0.495 0.762 0.684 0.763 0.763 0.729 
   0   (0.321) 0.505 0.238 0.316 0.237 0.237 0.271 

Locus 47 : Mnov_gtseq_173 
2 alleles
21.8% missing data
   1   (0.480) 0.333 0.581 0.186 0.388 0.751 0.796 
   0   (0.520) 0.667 0.419 0.814 0.612 0.249 0.204 

Locus 48 : Mnov_gtseq_174 
2 alleles
2.8% missing data
   0   (0.297) 0.131 0.283 0.410 0.180 0.267 0.536 
   1   (0.703) 0.869 0.717 0.590 0.820 0.733 0.464 

Locus 49 : Mnov_gtseq_180 
2 alleles
14.0% missing data
   0   (0.641) 0.650 0.804 0.488 0.752 0.253 0.930 
   1   (0.359) 0.350 0.196 0.512 0.248 0.747 0.070 

Locus 50 : Mnov_gtseq_182 
2 alleles
9.0% missing data
   0   (0.808) 0.685 0.902 0.708 0.903 0.949 0.806 
   1   (0.192) 0.315 0.098 0.292 0.097 0.051 0.194 

Locus 51 : Mnov_gtseq_186 
2 alleles
27.7% missing data
   0   (0.521) 0.510 0.418 0.544 0.546 0.597 0.514 
   1   (0.479) 0.490 0.582 0.456 0.454 0.403 0.486 

Locus 52 : Mnov_gtseq_187 
2 alleles
7.6% missing data
   1   (0.589) 0.771 0.402 0.383 0.604 0.549 0.847 
   0   (0.411) 0.229 0.598 0.617 0.396 0.451 0.153 

Locus 53 : Mnov_gtseq_188 
2 alleles
13.4% missing data
   0   (0.569) 0.588 0.605 0.473 0.228 0.888 0.691 
   1   (0.431) 0.412 0.395 0.527 0.772 0.112 0.309 

Locus 54 : Mnov_gtseq_189 
2 alleles
3.6% missing data
   0   (0.447) 0.460 0.552 0.701 0.384 0.163 0.460 
   1   (0.553) 0.540 0.448 0.299 0.616 0.837 0.540 

Locus 55 : Mnov_gtseq_19 
2 alleles
0.0% missing data
   1   (0.927) 0.993 0.979 0.987 0.981 0.827 0.709 
   0   (0.073) 0.007 0.021 0.013 0.019 0.173 0.291 

Locus 56 : Mnov_gtseq_190 
2 alleles
0.0% missing data
   1   (0.419) 0.467 0.437 0.371 0.429 0.401 0.277 
   0   (0.581) 0.533 0.563 0.629 0.571 0.599 0.723 

Locus 57 : Mnov_gtseq_191 
2 alleles
26.3% missing data
   0   (0.890) 0.976 0.980 0.815 0.819 0.832 0.989 
   1   (0.110) 0.024 0.020 0.185 0.181 0.168 0.011 

Locus 58 : Mnov_gtseq_192 
2 alleles
21.0% missing data
   0   (0.799) 0.813 0.889 0.881 0.736 0.903 0.775 
   1   (0.201) 0.187 0.111 0.119 0.264 0.097 0.225 

Locus 59 : Mnov_gtseq_193 
2 alleles
0.0% missing data
   0   (0.709) 0.799 0.901 0.705 0.684 0.563 0.708 
   1   (0.291) 0.201 0.099 0.295 0.316 0.437 0.292 

Locus 60 : Mnov_gtseq_195 
2 alleles
0.0% missing data
   0   (0.547) 0.426 0.675 0.414 0.577 0.765 0.432 
   1   (0.453) 0.574 0.325 0.586 0.423 0.235 0.568 

Locus 61 : Mnov_gtseq_196 
2 alleles
0.3% missing data
   0   (0.327) 0.392 0.144 0.500 0.228 0.479 0.126 
   1   (0.673) 0.608 0.856 0.500 0.772 0.521 0.874 

Locus 62 : Mnov_gtseq_197 
3 alleles
0.3% missing data
   1   (0.399) 0.383 0.388 0.536 0.316 0.365 0.243 
   0   (0.425) 0.546 0.498 0.320 0.524 0.155 0.702 
   2   (0.176) 0.071 0.114 0.144 0.160 0.480 0.055 

Locus 63 : Mnov_gtseq_2 
2 alleles
0.3% missing data
   0   (0.201) 0.073 0.326 0.071 0.316 0.169 0.169 
   1   (0.799) 0.927 0.674 0.929 0.684 0.831 0.831 

Locus 64 : Mnov_gtseq_200 
2 alleles
2.8% missing data
   0   (0.411) 0.321 0.611 0.370 0.309 0.239 0.721 
   1   (0.589) 0.679 0.389 0.630 0.691 0.761 0.279 

Locus 65 : Mnov_gtseq_201 
2 alleles
0.0% missing data
   0   (0.874) 0.915 0.980 0.573 0.890 0.910 0.979 
   1   (0.126) 0.085 0.020 0.427 0.110 0.090 0.021 

Locus 66 : Mnov_gtseq_202 
2 alleles
0.0% missing data
   0   (0.434) 0.505 0.288 0.363 0.450 0.291 0.718 
   1   (0.566) 0.495 0.712 0.637 0.550 0.709 0.282 

Locus 67 : Mnov_gtseq_204 
2 alleles
3.9% missing data
   0   (0.450) 0.393 0.302 0.548 0.350 0.485 0.673 
   1   (0.550) 0.607 0.698 0.452 0.650 0.515 0.327 

Locus 68 : Mnov_gtseq_205 
3 alleles
0.0% missing data
   0   (0.229) 0.405 0.128 0.091 0.221 0.192 0.244 
   2   (0.699) 0.574 0.850 0.874 0.760 0.718 0.672 
   1   (0.072) 0.021 0.023 0.035 0.019 0.090 0.084 

Locus 69 : Mnov_gtseq_208 
2 alleles
0.0% missing data
   0   (0.629) 0.621 0.634 0.866 0.732 0.513 0.307 
   1   (0.371) 0.379 0.366 0.134 0.268 0.487 0.693 

Locus 70 : Mnov_gtseq_209 
2 alleles
0.0% missing data
   0   (0.447) 0.575 0.682 0.274 0.334 0.300 0.572 
   1   (0.553) 0.425 0.318 0.726 0.666 0.700 0.428 

Locus 71 : Mnov_gtseq_21 
2 alleles
0.0% missing data
   1   (0.533) 0.454 0.394 0.775 0.593 0.623 0.272 
   0   (0.467) 0.546 0.606 0.225 0.407 0.377 0.728 

Locus 72 : Mnov_gtseq_210 
2 alleles
5.0% missing data
   0   (0.398) 0.674 0.187 0.487 0.322 0.371 0.226 
   1   (0.602) 0.326 0.813 0.513 0.678 0.629 0.774 

Locus 73 : Mnov_gtseq_213 
2 alleles
5.6% missing data
   0   (0.506) 0.591 0.543 0.507 0.623 0.405 0.292 
   1   (0.494) 0.409 0.457 0.493 0.377 0.595 0.708 

Locus 74 : Mnov_gtseq_214 
2 alleles
5.3% missing data
   0   (0.546) 0.446 0.664 0.446 0.676 0.360 0.758 
   1   (0.454) 0.554 0.336 0.554 0.324 0.640 0.242 

Locus 75 : Mnov_gtseq_215 
2 alleles
0.0% missing data
   0   (0.456) 0.368 0.803 0.486 0.262 0.400 0.431 
   1   (0.544) 0.632 0.197 0.514 0.738 0.600 0.569 

Locus 76 : Mnov_gtseq_216 
2 alleles
0.0% missing data
   1   (0.541) 0.355 0.824 0.478 0.455 0.640 0.542 
   0   (0.459) 0.645 0.176 0.522 0.545 0.360 0.458 

Locus 77 : Mnov_gtseq_217 
2 alleles
24.4% missing data
   0   (0.307) 0.480 0.368 0.189 0.322 0.237 0.108 
   1   (0.693) 0.520 0.632 0.811 0.678 0.763 0.892 

Locus 78 : Mnov_gtseq_218 
2 alleles
0.3% missing data
   0   (0.610) 0.287 0.806 0.506 0.603 0.807 0.757 
   1   (0.390) 0.713 0.194 0.494 0.397 0.193 0.243 

Locus 79 : Mnov_gtseq_22 
2 alleles
3.9% missing data
   1   (0.589) 0.459 0.717 0.661 0.526 0.530 0.772 
   0   (0.411) 0.541 0.283 0.339 0.474 0.470 0.228 

Locus 80 : Mnov_gtseq_220 
2 alleles
0.3% missing data
   0   (0.533) 0.345 0.575 0.548 0.520 0.640 0.678 
   1   (0.467) 0.655 0.425 0.452 0.480 0.360 0.322 

Locus 81 : Mnov_gtseq_222 
2 alleles
14.3% missing data
   0   (0.519) 0.193 0.775 0.456 0.412 0.777 0.613 
   1   (0.481) 0.807 0.225 0.544 0.588 0.223 0.387 

Locus 82 : Mnov_gtseq_223 
2 alleles
2.5% missing data
   0   (0.648) 0.801 0.710 0.786 0.391 0.673 0.593 
   1   (0.352) 0.199 0.290 0.214 0.609 0.327 0.407 

Locus 83 : Mnov_gtseq_225 
2 alleles
0.0% missing data
   0   (0.517) 0.597 0.494 0.572 0.676 0.261 0.480 
   1   (0.483) 0.403 0.506 0.428 0.324 0.739 0.520 

Locus 84 : Mnov_gtseq_227 
2 alleles
0.3% missing data
   0   (0.525) 0.424 0.460 0.497 0.376 0.720 0.758 
   1   (0.475) 0.576 0.540 0.503 0.624 0.280 0.242 

Locus 85 : Mnov_gtseq_229 
2 alleles
0.8% missing data
   1   (0.547) 0.345 0.469 0.760 0.440 0.614 0.744 
   0   (0.453) 0.655 0.531 0.240 0.560 0.386 0.256 

Locus 86 : Mnov_gtseq_230 
2 alleles
10.4% missing data
   0   (0.791) 0.855 0.938 0.623 0.471 0.952 0.878 
   1   (0.209) 0.145 0.062 0.377 0.529 0.048 0.122 

Locus 87 : Mnov_gtseq_232 
2 alleles
0.0% missing data
   0   (0.496) 0.455 0.498 0.514 0.420 0.328 0.819 
