

----------------------------------------------------
STRUCTURE by Pritchard, Stephens and Donnelly (2000)
     and Falush, Stephens and Pritchard (2003)
       Code by Pritchard, Falush and Hubisz
             Version 2.3.4 (Jul 2012)
----------------------------------------------------



Command line arguments:   structure -m wint.area.structureRun/wint.area.structureRun.k5.r1_mainparams -e wint.area.structureRun/wint.area.structureRun.k5.r1_extraparams -i wint.area.structureRun/wint.area.structureRun.k5.r1_data -o wint.area.structureRun/wint.area.structureRun.k5.r1_out 
Input File:    wint.area.structureRun/wint.area.structureRun.k5.r1_data

Run parameters:
   350 individuals
   298 loci
   5 populations assumed
   1000 Burn-in period
   10000 Reps


--------------------------------------------
Proportion of membership of each pre-defined
 population in each of the 5 clusters

Given    Inferred Clusters                     Number of
 Pop       1      2      3      4      5      Individuals

  1:     0.098  0.244  0.180  0.292  0.186       77
  2:     0.382  0.142  0.147  0.129  0.199      124
  3:     0.151  0.238  0.187  0.189  0.235      113
  4:     0.240  0.178  0.181  0.153  0.248       27
  5:     0.066  0.073  0.685  0.085  0.090        9
--------------------------------------------

Allele-freq. divergence among pops (Net nucleotide distance),
computed using point estimates of P.

      1       2       3       4       5      
 1      -    0.0440  0.0449  0.0498  0.0321  
 2   0.0440     -    0.0274  0.0264  0.0133  
 3   0.0449  0.0274     -    0.0332  0.0179  
 4   0.0498  0.0264  0.0332     -    0.0198  
 5   0.0321  0.0133  0.0179  0.0198     -    

Average distances (expected heterozygosity) between individuals in same cluster:
cluster  1  : 0.4116 
cluster  2  : 0.4413 
cluster  3  : 0.4258 
cluster  4  : 0.4304 
cluster  5  : 0.4449 

--------------------------------------------
Estimated Ln Prob of Data   = -140997.4
Mean value of ln likelihood = -134422.9
Variance of ln likelihood   = 13149.1
Mean value of alpha         = 1.0000

Mean value of Fst_1         = 0.1651
Mean value of Fst_2         = 0.0865
Mean value of Fst_3         = 0.0988
Mean value of Fst_4         = 0.1157
Mean value of Fst_5         = 0.0543


Inferred ancestry of individuals:
        Label (%Miss) Pop:  Inferred clusters
  1   207778    (1)    2 :  0.436 0.130 0.088 0.137 0.209 
  2 z0005757    (7)    3 :  0.117 0.167 0.177 0.322 0.218 
  3 z0005758    (0)    3 :  0.108 0.109 0.178 0.275 0.330 
  4 z0011944    (0)    1 :  0.104 0.035 0.769 0.040 0.051 
  5 z0012702    (8)    4 :  0.591 0.088 0.185 0.045 0.091 
  6 z0016577    (1)    3 :  0.200 0.224 0.102 0.202 0.273 
  7 z0016578   (20)    1 :  0.050 0.569 0.109 0.085 0.188 
  8 z0016579    (1)    3 :  0.112 0.089 0.205 0.152 0.442 
  9 z0018264    (0)    1 :  0.088 0.062 0.661 0.095 0.094 
 10 z0029828    (2)    3 :  0.092 0.527 0.092 0.107 0.182 
 11 z0029829   (13)    1 :  0.053 0.627 0.061 0.132 0.126 
 12 z0029846    (0)    1 :  0.185 0.301 0.121 0.196 0.197 
 13 z0029860    (0)    3 :  0.139 0.499 0.082 0.132 0.149 
 14 z0029863    (1)    1 :  0.119 0.192 0.420 0.074 0.195 
 15 z0029864    (8)    1 :  0.101 0.311 0.379 0.091 0.119 
 16 z0029865   (12)    3 :  0.045 0.101 0.117 0.366 0.371 
 17 z0037607    (1)    3 :  0.193 0.158 0.351 0.064 0.235 
 18 z0037609   (23)    3 :  0.112 0.232 0.188 0.156 0.312 
 19 z0037624   (20)    1 :  0.135 0.097 0.101 0.445 0.222 
 20 z0038417    (7)    2 :  0.563 0.089 0.141 0.108 0.098 
 21 z0040275    (8)    2 :  0.490 0.166 0.182 0.061 0.101 
 22 z0040287    (3)    2 :  0.173 0.206 0.293 0.102 0.227 
 23 z0040308    (0)    2 :  0.407 0.063 0.050 0.114 0.366 
 24 z0040333    (1)    2 :  0.377 0.233 0.110 0.092 0.189 
 25 z0040334    (1)    2 :  0.666 0.059 0.083 0.080 0.113 
 26 z0040337    (4)    2 :  0.256 0.159 0.208 0.101 0.277 
 27 z0040345    (1)    2 :  0.496 0.053 0.136 0.085 0.230 
 28 z0040357    (5)    2 :  0.421 0.148 0.140 0.158 0.133 
 29 z0040363   (19)    2 :  0.416 0.113 0.133 0.175 0.164 
 30 z0040364    (0)    2 :  0.593 0.070 0.079 0.099 0.158 
 31 z0040387    (0)    2 :  0.414 0.108 0.189 0.156 0.133 
 32 z0040403   (15)    2 :  0.339 0.196 0.142 0.192 0.132 
 33 z0040439    (0)    2 :  0.595 0.094 0.176 0.048 0.086 
 34 z0040465   (20)    2 :  0.326 0.317 0.079 0.096 0.183 
 35 z0040513   (24)    3 :  0.147 0.354 0.148 0.140 0.210 
 36 z0040961   (11)    2 :  0.287 0.135 0.288 0.136 0.154 
 37 z0040985   (14)    2 :  0.214 0.109 0.127 0.151 0.400 
 38 z0041026    (0)    2 :  0.407 0.191 0.112 0.122 0.168 
 39 z0041051   (30)    2 :  0.410 0.065 0.269 0.118 0.138 
 40 z0041115    (7)    2 :  0.432 0.102 0.088 0.261 0.116 
 41 z0041153   (23)    2 :  0.280 0.124 0.200 0.143 0.253 
 42 z0041233    (3)    2 :  0.299 0.143 0.083 0.184 0.291 
 43 z0041243    (0)    2 :  0.367 0.107 0.154 0.115 0.257 
 44 z0041248    (5)    2 :  0.457 0.091 0.172 0.146 0.134 
 45 z0041250    (1)    2 :  0.524 0.092 0.120 0.083 0.181 
 46 z0041274    (1)    2 :  0.229 0.261 0.213 0.110 0.187 
 47 z0041465   (16)    2 :  0.428 0.196 0.040 0.259 0.077 
 48 z0041472    (2)    2 :  0.364 0.112 0.091 0.222 0.211 
 49 z0041480    (9)    2 :  0.330 0.151 0.082 0.180 0.257 
 50 z0041483    (0)    2 :  0.566 0.101 0.078 0.173 0.082 
 51 z0041494   (12)    2 :  0.406 0.146 0.133 0.070 0.245 
 52 z0041498    (1)    2 :  0.457 0.153 0.114 0.159 0.117 
 53 z0041501    (1)    2 :  0.504 0.115 0.141 0.044 0.196 
 54 z0041507    (6)    2 :  0.402 0.098 0.174 0.091 0.234 
 55 z0041512    (0)    2 :  0.521 0.161 0.145 0.063 0.111 
 56 z0041522   (15)    2 :  0.422 0.148 0.176 0.146 0.108 
 57 z0041526    (0)    3 :  0.554 0.141 0.051 0.136 0.118 
 58 z0041527   (14)    2 :  0.342 0.191 0.085 0.175 0.207 
 59 z0043243    (1)    2 :  0.119 0.116 0.287 0.305 0.173 
 60 z0043278    (0)    2 :  0.497 0.130 0.186 0.072 0.115 
 61 z0043475   (16)    3 :  0.308 0.152 0.134 0.171 0.234 
 62 z0043477    (0)    2 :  0.306 0.099 0.260 0.138 0.197 
 63 z0043478    (2)    2 :  0.572 0.054 0.120 0.153 0.102 
 64 z0043481    (0)    2 :  0.488 0.090 0.104 0.133 0.185 
 65 z0043489    (5)    2 :  0.504 0.082 0.193 0.071 0.150 
 66 z0043491   (12)    2 :  0.283 0.149 0.191 0.108 0.269 
 67 z0043493    (2)    2 :  0.149 0.082 0.151 0.097 0.521 
 68 z0043494    (1)    2 :  0.361 0.203 0.093 0.081 0.262 
 69 z0043498    (1)    2 :  0.549 0.176 0.083 0.079 0.114 
 70 z0043504    (7)    2 :  0.256 0.057 0.228 0.174 0.285 
 71 z0043526    (3)    4 :  0.235 0.139 0.291 0.106 0.229 
 72 z0043566    (2)    2 :  0.429 0.057 0.096 0.191 0.228 
 73 z0043572    (0)    2 :  0.484 0.147 0.124 0.114 0.131 
 74 z0043599    (2)    2 :  0.300 0.186 0.091 0.145 0.278 
 75 z0043642    (0)    2 :  0.397 0.276 0.106 0.069 0.152 
 76 z0043649    (1)    2 :  0.547 0.144 0.093 0.101 0.116 
 77 z0043652    (1)    2 :  0.165 0.257 0.196 0.134 0.249 
 78 z0043668    (0)    2 :  0.292 0.073 0.111 0.253 0.271 
 79 z0043674    (0)    4 :  0.056 0.480 0.131 0.189 0.144 
 80 z0043686    (1)    2 :  0.421 0.115 0.220 0.131 0.113 
 81 z0043693    (1)    2 :  0.333 0.251 0.099 0.115 0.202 
 82 z0043704   (14)    2 :  0.648 0.102 0.102 0.082 0.066 
 83 z0043807    (1)    2 :  0.338 0.187 0.144 0.093 0.239 
 84 z0043819    (0)    2 :  0.154 0.177 0.190 0.186 0.294 
 85 z0043876    (7)    2 :  0.198 0.089 0.077 0.297 0.339 
 86 z0043877   (32)    2 :  0.280 0.117 0.076 0.258 0.269 
 87 z0043891   (21)    4 :  0.254 0.154 0.248 0.170 0.174 
 88 z0043915   (31)    2 :  0.227 0.129 0.313 0.132 0.199 
 89 z0043940   (10)    2 :  0.071 0.230 0.200 0.126 0.373 
 90 z0043954    (1)    2 :  0.219 0.220 0.200 0.141 0.221 
 91 z0043966    (5)    2 :  0.471 0.161 0.102 0.072 0.194 
 92 z0043980    (1)    2 :  0.289 0.160 0.121 0.206 0.225 
 93 z0044017   (11)    2 :  0.466 0.161 0.159 0.090 0.125 
 94 z0044019   (14)    2 :  0.305 0.102 0.091 0.229 0.273 
 95 z0044023   (35)    2 :  0.613 0.077 0.077 0.162 0.071 
 96 z0044033    (0)    2 :  0.751 0.071 0.049 0.069 0.059 
 97 z0044042    (3)    2 :  0.587 0.052 0.093 0.156 0.113 
 98 z0044047   (24)    2 :  0.468 0.129 0.104 0.095 0.204 
 99 z0044064   (13)    2 :  0.391 0.155 0.122 0.063 0.269 
100 z0044432   (14)    2 :  0.202 0.127 0.259 0.176 0.236 
101 z0045326    (0)    3 :  0.150 0.481 0.067 0.156 0.147 
102 z0045331    (5)    1 :  0.145 0.500 0.123 0.081 0.151 
103 z0045332    (1)    1 :  0.098 0.441 0.186 0.075 0.199 
104 z0045333    (6)    1 :  0.072 0.129 0.129 0.515 0.155 
105 z0045337    (4)    1 :  0.072 0.086 0.123 0.656 0.063 
106 z0045342   (12)    1 :  0.116 0.337 0.074 0.154 0.319 
107 z0045347    (1)    3 :  0.098 0.093 0.303 0.194 0.311 
108 z0045350    (0)    1 :  0.094 0.253 0.197 0.163 0.293 
109 z0045370    (0)    1 :  0.030 0.698 0.075 0.120 0.077 
110 z0045371    (1)    3 :  0.175 0.266 0.183 0.178 0.198 
111 z0045398    (1)    3 :  0.029 0.156 0.250 0.200 0.365 
112 z0045399    (1)    3 :  0.066 0.226 0.315 0.173 0.220 
113 z0045401   (23)    1 :  0.106 0.353 0.105 0.154 0.283 
114 z0045404    (0)    3 :  0.064 0.630 0.083 0.077 0.146 
115 z0045405    (4)    3 :  0.092 0.286 0.172 0.077 0.372 
116 z0045407    (1)    3 :  0.129 0.187 0.377 0.094 0.212 
117 z0045719    (0)    2 :  0.376 0.144 0.166 0.051 0.263 
118 z0045720    (1)    2 :  0.148 0.200 0.201 0.141 0.310 
119 z0045728    (0)    2 :  0.453 0.089 0.095 0.246 0.117 
120 z0045731    (0)    2 :  0.248 0.196 0.146 0.063 0.347 
121 z0045733    (0)    2 :  0.185 0.220 0.123 0.156 0.317 
122 z0045736    (1)    2 :  0.259 0.197 0.111 0.133 0.301 
123 z0045739    (1)    2 :  0.175 0.277 0.170 0.114 0.264 
124 z0045740    (1)    2 :  0.518 0.093 0.108 0.117 0.164 
125 z0045741    (0)    2 :  0.329 0.201 0.163 0.056 0.250 
126 z0045742    (0)    2 :  0.450 0.268 0.072 0.123 0.088 
127 z0045776    (0)    3 :  0.253 0.133 0.178 0.215 0.221 
128 z0045779    (0)    2 :  0.647 0.065 0.058 0.188 0.042 
129 z0045781    (0)    2 :  0.452 0.129 0.169 0.079 0.171 
130 z0045788    (5)    2 :  0.679 0.048 0.140 0.075 0.058 
131 z0045789    (2)    2 :  0.524 0.129 0.165 0.081 0.101 
132 z0045791    (4)    2 :  0.455 0.175 0.157 0.089 0.125 
133 z0045792   (22)    1 :  0.182 0.108 0.152 0.280 0.279 
134 z0045793    (0)    3 :  0.181 0.521 0.051 0.151 0.095 
135 z0047562   (14)    2 :  0.402 0.141 0.111 0.105 0.241 
136 z0047854    (1)    2 :  0.403 0.125 0.102 0.108 0.262 
137 z0051185    (0)    1 :  0.052 0.334 0.113 0.126 0.375 
138 z0051324    (0)    1 :  0.082 0.216 0.148 0.309 0.244 
139 z0051327    (3)    3 :  0.204 0.254 0.085 0.109 0.347 
140 z0051328    (1)    1 :  0.145 0.104 0.145 0.413 0.193 
141 z0051380    (0)    1 :  0.026 0.062 0.081 0.755 0.076 
142 z0051400    (0)    3 :  0.197 0.276 0.129 0.274 0.123 
143 z0051431   (21)    3 :  0.264 0.297 0.095 0.079 0.266 
144 z0051840   (33)    2 :  0.375 0.264 0.160 0.075 0.126 
145 z0051844   (27)    2 :  0.329 0.176 0.188 0.090 0.217 
146 z0051875   (28)    3 :  0.091 0.408 0.104 0.142 0.255 
147 z0051885    (7)    3 :  0.431 0.252 0.146 0.085 0.086 
148 z0051888    (0)    2 :  0.446 0.198 0.084 0.121 0.151 
149 z0051891    (0)    1 :  0.121 0.242 0.196 0.124 0.316 
150 z0051893    (2)    1 :  0.118 0.181 0.168 0.349 0.184 
151 z0051895    (0)    3 :  0.081 0.337 0.139 0.220 0.222 
152 z0051918    (0)    3 :  0.287 0.090 0.387 0.082 0.153 
153 z0051929    (1)    1 :  0.082 0.166 0.092 0.404 0.256 
154 z0051939   (11)    3 :  0.261 0.342 0.158 0.077 0.162 
155 z0051947    (3)    1 :  0.084 0.084 0.098 0.625 0.108 
156 z0051959    (1)    3 :  0.184 0.106 0.373 0.158 0.180 
157 z0052846    (0)    4 :  0.173 0.262 0.170 0.147 0.247 
158 z0052882    (1)    2 :  0.269 0.183 0.156 0.144 0.248 
159 z0053020   (20)    2 :  0.291 0.105 0.210 0.100 0.293 
160 z0053024   (12)    2 :  0.230 0.127 0.130 0.146 0.368 
161 z0053025    (3)    2 :  0.634 0.119 0.095 0.059 0.092 
162 z0053031    (0)    2 :  0.172 0.213 0.237 0.165 0.213 
163 z0053032    (0)    2 :  0.305 0.059 0.170 0.223 0.243 
164 z0053040    (5)    2 :  0.288 0.156 0.141 0.143 0.271 
165 z0053051    (0)    3 :  0.068 0.373 0.227 0.065 0.267 
166 z0053054    (5)    3 :  0.062 0.305 0.113 0.119 0.402 
167 z0053071    (2)    2 :  0.578 0.150 0.078 0.070 0.124 
168 z0053073    (1)    2 :  0.131 0.100 0.207 0.189 0.372 
169 z0053078    (0)    3 :  0.365 0.084 0.402 0.052 0.096 
170 z0053082    (1)    3 :  0.379 0.292 0.089 0.089 0.150 
171 z0053083   (12)    2 :  0.326 0.152 0.151 0.154 0.217 
172 z0053090   (10)    3 :  0.399 0.070 0.167 0.086 0.277 
173 z0053096    (0)    2 :  0.598 0.084 0.217 0.041 0.061 
174 z0053100    (6)    2 :  0.398 0.066 0.087 0.086 0.364 
175 z0053101    (0)    2 :  0.377 0.079 0.291 0.138 0.114 
176 z0053102    (8)    2 :  0.470 0.152 0.099 0.056 0.223 
177 z0053103    (0)    2 :  0.620 0.126 0.064 0.087 0.102 
178 z0053111    (2)    3 :  0.128 0.169 0.192 0.134 0.377 
179 z0053131    (0)    2 :  0.356 0.197 0.102 0.154 0.190 
180 z0053132    (0)    2 :  0.293 0.141 0.396 0.049 0.121 
181 z0053133    (0)    2 :  0.145 0.343 0.201 0.080 0.230 
182 z0053138    (0)    2 :  0.266 0.196 0.118 0.196 0.224 
183 z0053142    (2)    2 :  0.294 0.120 0.186 0.260 0.139 
184 z0053149    (0)    2 :  0.425 0.083 0.197 0.193 0.102 
185 z0053754    (1)    1 :  0.144 0.107 0.393 0.263 0.093 
186 z0053756    (1)    1 :  0.069 0.103 0.485 0.234 0.109 
187 z0053758   (17)    1 :  0.097 0.571 0.068 0.178 0.086 
188 z0053759    (0)    1 :  0.075 0.123 0.175 0.399 0.228 
189 z0053842    (1)    1 :  0.087 0.128 0.079 0.127 0.578 
190 z0053843    (6)    1 :  0.056 0.606 0.127 0.125 0.086 
191 z0053844    (7)    1 :  0.121 0.297 0.154 0.232 0.196 
192 z0053846    (2)    1 :  0.061 0.607 0.096 0.168 0.068 
193 z0053847    (0)    1 :  0.137 0.045 0.123 0.569 0.126 
194 z0053849    (1)    1 :  0.088 0.274 0.297 0.122 0.219 
195 z0055903    (1)    4 :  0.112 0.146 0.176 0.214 0.352 
196 z0055910   (34)    4 :  0.190 0.112 0.234 0.174 0.290 
197 z0055912    (7)    4 :  0.201 0.110 0.290 0.096 0.303 
198 z0055916   (15)    4 :  0.162 0.131 0.204 0.156 0.347 
199 z0055931    (2)    4 :  0.492 0.113 0.134 0.124 0.138 
200 z0055944    (3)    4 :  0.156 0.189 0.139 0.208 0.308 
201 z0055947    (9)    4 :  0.165 0.377 0.137 0.075 0.246 
202 z0055962    (6)    4 :  0.383 0.122 0.103 0.121 0.270 
203 z0055963   (21)    4 :  0.359 0.142 0.174 0.104 0.220 
204 z0055965   (25)    4 :  0.066 0.122 0.427 0.155 0.231 
205 z0055970   (15)    4 :  0.262 0.092 0.142 0.265 0.240 
206 z0055971    (7)    4 :  0.237 0.160 0.217 0.170 0.216 
207 z0055977    (6)    4 :  0.321 0.206 0.185 0.069 0.219 
208 z0055986   (19)    4 :  0.102 0.286 0.116 0.283 0.212 
209 z0055990    (6)    4 :  0.466 0.187 0.125 0.089 0.133 
210 z0055996    (2)    4 :  0.267 0.242 0.073 0.103 0.315 
211 z0055997    (3)    4 :  0.269 0.157 0.122 0.241 0.211 
212 z0055998    (4)    4 :  0.133 0.144 0.316 0.176 0.232 
213 z0055999    (2)    4 :  0.116 0.311 0.188 0.213 0.172 
214 z0056011    (7)    4 :  0.131 0.115 0.146 0.116 0.492 
215 z0056029    (4)    4 :  0.251 0.108 0.104 0.191 0.346 
216 z0056034    (0)    4 :  0.332 0.099 0.119 0.143 0.306 
217 z0056056   (25)    3 :  0.133 0.191 0.145 0.281 0.250 
218 z0056058    (5)    3 :  0.030 0.061 0.033 0.810 0.066 
219 z0056059    (8)    3 :  0.141 0.143 0.149 0.160 0.407 
220 z0056062    (1)    3 :  0.141 0.109 0.271 0.300 0.179 
221 z0056063    (4)    3 :  0.083 0.240 0.165 0.150 0.363 
222 z0056064    (0)    3 :  0.101 0.197 0.330 0.120 0.252 
223 z0056065    (0)    3 :  0.075 0.297 0.214 0.269 0.145 
224 z0056073    (0)    3 :  0.072 0.232 0.109 0.186 0.401 
225 z0056076    (4)    3 :  0.169 0.077 0.278 0.300 0.177 
226 z0056079    (9)    3 :  0.056 0.140 0.196 0.195 0.413 
227 z0056085    (0)    3 :  0.111 0.393 0.202 0.097 0.197 
228 z0056092    (1)    3 :  0.074 0.315 0.304 0.149 0.158 
229 z0056095    (1)    3 :  0.067 0.259 0.277 0.202 0.195 
230 z0056103    (7)    3 :  0.046 0.112 0.170 0.458 0.214 
231 z0056374    (7)    1 :  0.041 0.098 0.066 0.653 0.141 
232 z0056375    (0)    1 :  0.066 0.498 0.112 0.228 0.096 
233 z0056377    (0)    1 :  0.120 0.136 0.173 0.259 0.311 
234 z0056378    (0)    1 :  0.095 0.109 0.087 0.562 0.147 
235 z0056382    (0)    1 :  0.057 0.684 0.120 0.065 0.073 
236 z0056384    (3)    1 :  0.107 0.107 0.314 0.318 0.154 
237 z0056386    (7)    1 :  0.059 0.528 0.122 0.193 0.098 
238 z0056389    (0)    1 :  0.051 0.749 0.042 0.065 0.093 
239 z0056391    (1)    1 :  0.030 0.506 0.036 0.364 0.064 
240 z0056392   (11)    1 :  0.068 0.186 0.104 0.548 0.094 
241 z0056393    (8)    1 :  0.089 0.295 0.074 0.204 0.338 
242 z0056394    (0)    1 :  0.065 0.251 0.067 0.231 0.386 
243 z0056395    (1)    1 :  0.149 0.072 0.206 0.437 0.136 
244 z0056397    (0)    1 :  0.216 0.097 0.321 0.187 0.179 
245 z0061527    (2)    3 :  0.501 0.114 0.097 0.113 0.175 
246 z0061967    (1)    3 :  0.139 0.219 0.157 0.153 0.332 
247 z0061969    (0)    3 :  0.335 0.258 0.060 0.131 0.215 
248 z0061980    (1)    1 :  0.125 0.237 0.266 0.256 0.117 
249 z0066166    (3)    3 :  0.233 0.279 0.091 0.259 0.137 
250 z0066792    (2)    1 :  0.111 0.076 0.641 0.067 0.105 
251 z0066805    (1)    1 :  0.081 0.078 0.669 0.089 0.082 
252 z0068471    (2)    3 :  0.110 0.074 0.203 0.488 0.124 
253 z0075696    (6)    5 :  0.055 0.092 0.719 0.038 0.097 
254 z0101084    (7)    1 :  0.086 0.116 0.088 0.580 0.130 
255 z0107099    (2)    3 :  0.039 0.311 0.113 0.365 0.172 
256 z0107101    (0)    1 :  0.047 0.233 0.046 0.635 0.039 
257 z0108489    (0)    1 :  0.141 0.091 0.272 0.278 0.218 
258 z0108513    (0)    1 :  0.100 0.408 0.082 0.328 0.081 
259 z0108528    (0)    3 :  0.207 0.221 0.080 0.248 0.244 
260 z0113628    (1)    3 :  0.158 0.166 0.235 0.082 0.360 
261 z0133302   (16)    1 :  0.111 0.167 0.153 0.327 0.243 
262 z0173485    (1)    1 :  0.244 0.143 0.092 0.092 0.430 
263 z0175371    (1)    3 :  0.227 0.166 0.354 0.118 0.135 
264 z0175378    (0)    2 :  0.523 0.174 0.052 0.072 0.179 
265 z0175912    (0)    1 :  0.096 0.070 0.102 0.560 0.172 
266 z0175916    (1)    1 :  0.269 0.097 0.188 0.227 0.220 
267 z0175937    (1)    1 :  0.072 0.421 0.203 0.179 0.125 
268 z0178348   (12)    1 :  0.098 0.083 0.116 0.513 0.190 
269 z0187819    (7)    3 :  0.109 0.188 0.104 0.406 0.193 
270 z0187857    (1)    1 :  0.107 0.213 0.061 0.491 0.128 
271 z0187860    (0)    1 :  0.134 0.178 0.101 0.250 0.336 
272 z0187885    (0)    2 :  0.345 0.135 0.342 0.062 0.116 
273 z0187906    (9)    1 :  0.139 0.138 0.282 0.132 0.309 
274 z0195655    (0)    2 :  0.632 0.085 0.078 0.098 0.107 
275 z0195663    (0)    3 :  0.372 0.133 0.219 0.055 0.222 
276 z0195683    (1)    3 :  0.076 0.373 0.096 0.171 0.284 
277 z0195688    (0)    2 :  0.242 0.191 0.231 0.120 0.216 
278 z0195691    (0)    3 :  0.130 0.157 0.185 0.085 0.444 
279 z0195699    (0)    3 :  0.115 0.368 0.096 0.089 0.332 
280 z0195701    (7)    3 :  0.083 0.325 0.193 0.254 0.146 
281 z0195702    (0)    3 :  0.202 0.112 0.221 0.145 0.319 
282 z0195704    (0)    3 :  0.222 0.078 0.112 0.493 0.095 
283 z0195705    (0)    3 :  0.470 0.100 0.086 0.075 0.269 
284 z0195711    (0)    3 :  0.104 0.137 0.323 0.121 0.316 
285 z0195716    (0)    3 :  0.122 0.140 0.344 0.188 0.207 
286 z0195718   (12)    3 :  0.051 0.275 0.183 0.282 0.209 
287 z0195725    (5)    3 :  0.276 0.075 0.093 0.377 0.179 
288 z0195726   (16)    1 :  0.048 0.098 0.121 0.090 0.642 
289 z0195728   (14)    3 :  0.033 0.686 0.076 0.107 0.098 
290 z0195732   (16)    3 :  0.046 0.308 0.141 0.161 0.344 
291 z0195737    (0)    3 :  0.321 0.169 0.148 0.135 0.227 
292 z0195740   (26)    3 :  0.141 0.136 0.236 0.125 0.362 
293 z0195751    (1)    3 :  0.051 0.594 0.100 0.119 0.136 
294 z0195762    (1)    3 :  0.060 0.176 0.516 0.094 0.154 
295 z0195784    (0)    3 :  0.056 0.249 0.184 0.204 0.306 
296 z0196686    (0)    5 :  0.041 0.031 0.809 0.068 0.050 
297 z0196687    (0)    5 :  0.108 0.063 0.696 0.064 0.068 
298 z0196689    (0)    5 :  0.091 0.052 0.724 0.054 0.079 
299 z0196690    (2)    5 :  0.053 0.096 0.642 0.144 0.064 
300 z0196691    (7)    5 :  0.036 0.067 0.704 0.085 0.108 
301 z0196692    (1)    5 :  0.090 0.094 0.604 0.119 0.094 
302 z0196693    (1)    5 :  0.066 0.107 0.634 0.093 0.099 
303 z0196694    (1)    5 :  0.055 0.056 0.634 0.102 0.153 
304 z0196710    (0)    3 :  0.140 0.102 0.376 0.211 0.171 
305 z0196715   (22)    3 :  0.057 0.326 0.070 0.237 0.311 
306 z0196719    (0)    3 :  0.135 0.378 0.129 0.133 0.226 
307 z0196724   (20)    3 :  0.111 0.366 0.093 0.127 0.302 
308 z0196725    (0)    3 :  0.085 0.112 0.141 0.521 0.140 
309 z0196729    (1)    3 :  0.094 0.246 0.176 0.284 0.200 
310 z0196730    (3)    1 :  0.081 0.040 0.063 0.761 0.056 
311 z0196731    (0)    3 :  0.062 0.217 0.128 0.237 0.357 
312 z0196733   (13)    1 :  0.088 0.250 0.167 0.171 0.323 
313 z0196734    (1)    3 :  0.120 0.231 0.121 0.088 0.441 
314 z0196739   (17)    3 :  0.237 0.165 0.092 0.247 0.260 
315 z0196740   (11)    3 :  0.078 0.273 0.416 0.114 0.119 
316 z0196746    (1)    1 :  0.054 0.179 0.137 0.508 0.121 
317 z0196751    (0)    3 :  0.105 0.269 0.199 0.198 0.230 
318 z0196752    (0)    3 :  0.044 0.088 0.620 0.155 0.093 
319 z0196754    (0)    3 :  0.126 0.548 0.076 0.112 0.138 
320 z0196758    (1)    1 :  0.135 0.215 0.226 0.318 0.106 
321 z0196763    (1)    3 :  0.106 0.272 0.170 0.080 0.372 
322 z0196764    (0)    3 :  0.068 0.379 0.181 0.142 0.230 
323 z0196766    (0)    3 :  0.064 0.223 0.227 0.338 0.148 
324 z0196769    (1)    3 :  0.052 0.341 0.192 0.210 0.205 
325 z0196774    (0)    3 :  0.050 0.176 0.401 0.295 0.078 
326 z0196783    (0)    1 :  0.042 0.270 0.070 0.544 0.073 
327 z0196794    (2)    1 :  0.046 0.433 0.137 0.308 0.076 
328 z0196804   (14)    1 :  0.068 0.284 0.139 0.217 0.292 
329 z0196809    (0)    3 :  0.060 0.362 0.232 0.110 0.235 
330 z0196810    (1)    1 :  0.083 0.092 0.336 0.318 0.170 
331 z0196811    (0)    1 :  0.049 0.329 0.236 0.151 0.235 
332 z0196824    (0)    3 :  0.257 0.137 0.208 0.204 0.195 
333 z0196825    (0)    3 :  0.130 0.179 0.091 0.253 0.346 
334 z0196828    (1)    2 :  0.155 0.170 0.135 0.177 0.363 
335 z0196829    (0)    3 :  0.108 0.117 0.088 0.236 0.452 
336 z0196834   (26)    3 :  0.208 0.315 0.110 0.198 0.169 
337 z0196835    (0)    3 :  0.058 0.272 0.060 0.398 0.213 
338 z0196841   (20)    3 :  0.095 0.239 0.293 0.201 0.172 
339 z0196843   (25)    3 :  0.095 0.081 0.094 0.503 0.227 
340 z0196849    (0)    3 :  0.066 0.549 0.100 0.082 0.203 
341 z0196852    (0)    2 :  0.179 0.120 0.161 0.085 0.455 
342 z0196855    (0)    2 :  0.272 0.117 0.223 0.185 0.203 
343 z0196856    (0)    3 :  0.265 0.102 0.252 0.088 0.293 
344 z0196864    (1)    3 :  0.289 0.097 0.159 0.087 0.369 
345 z0196894    (0)    3 :  0.067 0.236 0.343 0.200 0.154 
346 z0197662    (2)    1 :  0.239 0.072 0.109 0.197 0.382 
347 z0197665    (2)    1 :  0.043 0.115 0.107 0.679 0.055 
348 z0197668   (20)    3 :  0.100 0.195 0.498 0.062 0.145 
349 z0197669    (0)    3 :  0.370 0.165 0.150 0.065 0.249 
350 z0197672    (1)    3 :  0.102 0.412 0.173 0.090 0.224 


Estimated Allele Frequencies in each cluster
First column gives estimated ancestral frequencies


Locus 1 : Mnov_gtseq_1 
2 alleles
0.0% missing data
   0   (0.438) 0.249 0.397 0.469 0.381 0.524 
   1   (0.562) 0.751 0.603 0.531 0.619 0.476 

Locus 2 : Mnov_gtseq_10 
2 alleles
0.3% missing data
   0   (0.816) 0.965 0.704 0.907 0.713 0.820 
   1   (0.184) 0.035 0.296 0.093 0.287 0.180 

Locus 3 : Mnov_gtseq_102 
2 alleles
0.9% missing data
   0   (0.539) 0.792 0.570 0.570 0.395 0.517 
   1   (0.461) 0.208 0.430 0.430 0.605 0.483 

Locus 4 : Mnov_gtseq_104 
2 alleles
0.3% missing data
   0   (0.864) 0.958 0.781 0.955 0.711 0.907 
   1   (0.136) 0.042 0.219 0.045 0.289 0.093 

Locus 5 : Mnov_gtseq_106 
2 alleles
14.9% missing data
   1   (0.757) 0.802 0.818 0.689 0.749 0.815 
   0   (0.243) 0.198 0.182 0.311 0.251 0.185 

Locus 6 : Mnov_gtseq_107 
2 alleles
37.4% missing data
   1   (0.218) 0.492 0.111 0.107 0.228 0.241 
   0   (0.782) 0.508 0.889 0.893 0.772 0.759 

Locus 7 : Mnov_gtseq_112 
2 alleles
0.9% missing data
   0   (0.606) 0.716 0.737 0.375 0.598 0.648 
   1   (0.394) 0.284 0.263 0.625 0.402 0.352 

Locus 8 : Mnov_gtseq_113 
2 alleles
2.0% missing data
   1   (0.728) 0.605 0.821 0.664 0.755 0.765 
   0   (0.272) 0.395 0.179 0.336 0.245 0.235 

Locus 9 : Mnov_gtseq_114 
3 alleles
4.3% missing data
   0   (0.526) 0.237 0.623 0.419 0.573 0.630 
   1   (0.441) 0.726 0.364 0.572 0.420 0.352 
   2   (0.033) 0.037 0.013 0.010 0.007 0.018 

Locus 10 : Mnov_gtseq_117 
2 alleles
26.9% missing data
   0   (0.637) 0.876 0.533 0.652 0.546 0.642 
   1   (0.363) 0.124 0.467 0.348 0.454 0.358 

Locus 11 : Mnov_gtseq_12 
2 alleles
0.3% missing data
   0   (0.455) 0.255 0.691 0.674 0.251 0.353 
   1   (0.545) 0.745 0.309 0.326 0.749 0.647 

Locus 12 : Mnov_gtseq_124 
4 alleles
5.1% missing data
   3   (0.714) 0.893 0.761 0.805 0.616 0.727 
   2   (0.224) 0.086 0.195 0.168 0.373 0.242 
   1   (0.034) 0.018 0.033 0.010 0.004 0.016 
   0   (0.028) 0.003 0.011 0.017 0.007 0.015 

Locus 13 : Mnov_gtseq_125 
3 alleles
1.7% missing data
   1   (0.218) 0.429 0.261 0.207 0.087 0.150 
   2   (0.692) 0.174 0.715 0.746 0.892 0.737 
   0   (0.090) 0.398 0.023 0.047 0.021 0.114 

Locus 14 : Mnov_gtseq_126 
2 alleles
0.0% missing data
   0   (0.352) 0.275 0.174 0.599 0.255 0.415 
   1   (0.648) 0.725 0.826 0.401 0.745 0.585 

Locus 15 : Mnov_gtseq_127 
2 alleles
6.9% missing data
   0   (0.630) 0.403 0.740 0.658 0.635 0.605 
   1   (0.370) 0.597 0.260 0.342 0.365 0.395 

Locus 16 : Mnov_gtseq_128 
2 alleles
30.9% missing data
   0   (0.681) 0.656 0.734 0.648 0.814 0.669 
   1   (0.319) 0.344 0.266 0.352 0.186 0.331 

Locus 17 : Mnov_gtseq_129 
3 alleles
2.0% missing data
   0   (0.519) 0.599 0.470 0.298 0.533 0.647 
   1   (0.315) 0.322 0.410 0.238 0.328 0.245 
   2   (0.167) 0.079 0.120 0.464 0.138 0.108 

Locus 18 : Mnov_gtseq_13 
3 alleles
0.0% missing data
   1   (0.425) 0.352 0.566 0.206 0.465 0.496 
   2   (0.177) 0.127 0.079 0.330 0.109 0.172 
   0   (0.398) 0.521 0.355 0.464 0.425 0.332 

Locus 19 : Mnov_gtseq_130 
2 alleles
28.6% missing data
   1   (0.502) 0.495 0.465 0.591 0.475 0.505 
   0   (0.498) 0.505 0.535 0.409 0.525 0.495 

Locus 20 : Mnov_gtseq_135 
2 alleles
0.6% missing data
   0   (0.467) 0.537 0.515 0.407 0.349 0.473 
   1   (0.533) 0.463 0.485 0.593 0.651 0.527 

Locus 21 : Mnov_gtseq_138 
3 alleles
0.6% missing data
   0   (0.254) 0.289 0.240 0.150 0.355 0.231 
   1   (0.516) 0.641 0.542 0.626 0.445 0.471 
   2   (0.230) 0.070 0.218 0.224 0.200 0.297 

Locus 22 : Mnov_gtseq_140 
2 alleles
1.1% missing data
   0   (0.462) 0.603 0.594 0.289 0.226 0.530 
   1   (0.538) 0.397 0.406 0.711 0.774 0.470 

Locus 23 : Mnov_gtseq_141 
2 alleles
0.3% missing data
   0   (0.554) 0.529 0.514 0.478 0.789 0.498 
   1   (0.446) 0.471 0.486 0.522 0.211 0.502 

Locus 24 : Mnov_gtseq_143 
2 alleles
2.6% missing data
   1   (0.547) 0.499 0.618 0.362 0.720 0.540 
   0   (0.453) 0.501 0.382 0.638 0.280 0.460 

Locus 25 : Mnov_gtseq_145 
2 alleles
2.0% missing data
   0   (0.461) 0.491 0.458 0.334 0.620 0.422 
   1   (0.539) 0.509 0.542 0.666 0.380 0.578 

Locus 26 : Mnov_gtseq_147 
3 alleles
25.4% missing data
   0   (0.776) 0.459 0.852 0.793 0.846 0.828 
   2   (0.145) 0.073 0.121 0.128 0.133 0.119 
   1   (0.080) 0.468 0.027 0.079 0.021 0.053 

Locus 27 : Mnov_gtseq_148 
3 alleles
9.1% missing data
   0   (0.308) 0.096 0.274 0.490 0.178 0.363 
   1   (0.431) 0.652 0.302 0.368 0.528 0.444 
   2   (0.261) 0.252 0.424 0.142 0.294 0.193 

Locus 28 : Mnov_gtseq_149 
2 alleles
0.3% missing data
   0   (0.607) 0.523 0.576 0.576 0.673 0.662 
   1   (0.393) 0.477 0.424 0.424 0.327 0.338 

Locus 29 : Mnov_gtseq_15 
2 alleles
0.0% missing data
   0   (0.482) 0.404 0.699 0.481 0.342 0.408 
   1   (0.518) 0.596 0.301 0.519 0.658 0.592 

Locus 30 : Mnov_gtseq_152 
2 alleles
0.9% missing data
   0   (0.344) 0.422 0.331 0.268 0.280 0.333 
   1   (0.656) 0.578 0.669 0.732 0.720 0.667 

Locus 31 : Mnov_gtseq_154 
3 alleles
3.4% missing data
   0   (0.344) 0.123 0.366 0.356 0.488 0.379 
   2   (0.226) 0.276 0.186 0.243 0.157 0.189 
   1   (0.430) 0.601 0.448 0.401 0.355 0.432 

Locus 32 : Mnov_gtseq_157 
2 alleles
0.6% missing data
   1   (0.553) 0.679 0.583 0.486 0.512 0.543 
   0   (0.447) 0.321 0.417 0.514 0.488 0.457 

Locus 33 : Mnov_gtseq_158 
2 alleles
0.6% missing data
   0   (0.416) 0.059 0.543 0.377 0.687 0.379 
   1   (0.584) 0.941 0.457 0.623 0.313 0.621 

Locus 34 : Mnov_gtseq_159 
3 alleles
24.0% missing data
   0   (0.598) 0.342 0.723 0.591 0.670 0.627 
   1   (0.189) 0.454 0.093 0.172 0.238 0.141 
   2   (0.213) 0.203 0.184 0.237 0.092 0.232 

Locus 35 : Mnov_gtseq_16 
2 alleles
0.0% missing data
   0   (0.640) 0.573 0.779 0.683 0.510 0.644 
   1   (0.360) 0.427 0.221 0.317 0.490 0.356 

Locus 36 : Mnov_gtseq_160 
2 alleles
2.3% missing data
   0   (0.489) 0.381 0.510 0.443 0.552 0.526 
   1   (0.511) 0.619 0.490 0.557 0.448 0.474 

Locus 37 : Mnov_gtseq_161 
2 alleles
1.7% missing data
   1   (0.749) 0.844 0.775 0.730 0.760 0.774 
   0   (0.251) 0.156 0.225 0.270 0.240 0.226 

Locus 38 : Mnov_gtseq_167 
3 alleles
1.1% missing data
   2   (0.733) 0.814 0.842 0.863 0.541 0.722 
   0   (0.191) 0.113 0.107 0.112 0.442 0.182 
   1   (0.076) 0.073 0.051 0.025 0.018 0.097 

Locus 39 : Mnov_gtseq_17 
2 alleles
0.3% missing data
   0   (0.525) 0.449 0.551 0.588 0.548 0.475 
   1   (0.475) 0.551 0.449 0.412 0.452 0.525 

Locus 40 : Mnov_gtseq_170 
2 alleles
0.0% missing data
   0   (0.331) 0.196 0.327 0.288 0.208 0.412 
   1   (0.669) 0.804 0.673 0.712 0.792 0.588 

Locus 41 : Mnov_gtseq_171 
3 alleles
41.4% missing data
   2   (0.590) 0.632 0.570 0.696 0.597 0.591 
   0   (0.320) 0.245 0.399 0.228 0.305 0.339 
   1   (0.090) 0.124 0.031 0.076 0.098 0.070 

Locus 42 : Mnov_gtseq_173 
4 alleles
21.4% missing data
   3   (0.414) 0.613 0.272 0.650 0.211 0.446 
   1   (0.516) 0.211 0.704 0.304 0.775 0.520 
   2   (0.055) 0.175 0.020 0.043 0.011 0.029 
   0   (0.015) 0.001 0.004 0.003 0.002 0.005 

Locus 43 : Mnov_gtseq_174 
2 alleles
2.6% missing data
   0   (0.253) 0.520 0.139 0.267 0.390 0.169 
   1   (0.747) 0.480 0.861 0.733 0.610 0.831 

Locus 44 : Mnov_gtseq_180 
3 alleles
14.3% missing data
   1   (0.609) 0.933 0.704 0.330 0.591 0.663 
   2   (0.296) 0.058 0.206 0.603 0.314 0.265 
   0   (0.096) 0.009 0.090 0.066 0.096 0.073 

Locus 45 : Mnov_gtseq_182 
2 alleles
8.6% missing data
   0   (0.834) 0.835 0.695 0.935 0.765 0.906 
   1   (0.166) 0.165 0.305 0.065 0.235 0.094 

Locus 46 : Mnov_gtseq_186 
3 alleles
28.0% missing data
   1   (0.464) 0.502 0.532 0.473 0.480 0.425 
   2   (0.095) 0.015 0.053 0.112 0.076 0.090 
   0   (0.441) 0.483 0.415 0.415 0.444 0.485 

Locus 47 : Mnov_gtseq_187 
2 alleles
7.1% missing data
   1   (0.576) 0.768 0.686 0.576 0.423 0.524 
   0   (0.424) 0.232 0.314 0.424 0.577 0.476 

Locus 48 : Mnov_gtseq_188 
2 alleles
13.4% missing data
   0   (0.548) 0.677 0.493 0.778 0.443 0.465 
   1   (0.452) 0.323 0.507 0.222 0.557 0.535 

Locus 49 : Mnov_gtseq_189 
2 alleles
3.7% missing data
   0   (0.448) 0.464 0.457 0.216 0.641 0.483 
   1   (0.552) 0.536 0.543 0.784 0.359 0.517 

Locus 50 : Mnov_gtseq_19 
3 alleles
0.0% missing data
   1   (0.857) 0.731 0.932 0.819 0.863 0.913 
   2   (0.091) 0.037 0.061 0.038 0.125 0.068 
   0   (0.053) 0.232 0.008 0.143 0.012 0.019 

Locus 51 : Mnov_gtseq_190 
2 alleles
0.0% missing data
   1   (0.441) 0.322 0.400 0.364 0.386 0.542 
   0   (0.559) 0.678 0.600 0.636 0.614 0.458 

Locus 52 : Mnov_gtseq_192 
2 alleles
20.9% missing data
   0   (0.824) 0.822 0.720 0.880 0.889 0.855 
   1   (0.176) 0.178 0.280 0.120 0.111 0.145 

Locus 53 : Mnov_gtseq_193 
2 alleles
0.0% missing data
   0   (0.717) 0.788 0.817 0.567 0.679 0.763 
   1   (0.283) 0.212 0.183 0.433 0.321 0.237 

Locus 54 : Mnov_gtseq_195 
3 alleles
0.0% missing data
   1   (0.548) 0.550 0.513 0.717 0.417 0.552 
   2   (0.423) 0.447 0.480 0.268 0.576 0.424 
   0   (0.029) 0.002 0.007 0.015 0.007 0.024 

Locus 55 : Mnov_gtseq_196 
2 alleles
0.3% missing data
   0   (0.322) 0.094 0.359 0.488 0.393 0.250 
   1   (0.678) 0.906 0.641 0.512 0.607 0.750 

Locus 56 : Mnov_gtseq_197 
3 alleles
0.3% missing data
   1   (0.376) 0.294 0.354 0.390 0.515 0.319 
   0   (0.429) 0.634 0.543 0.238 0.378 0.487 
   2   (0.195) 0.072 0.103 0.372 0.107 0.194 

Locus 57 : Mnov_gtseq_2 
3 alleles
0.3% missing data
   0   (0.196) 0.263 0.106 0.131 0.078 0.311 
   2   (0.766) 0.734 0.882 0.735 0.915 0.667 
   1   (0.039) 0.003 0.012 0.134 0.006 0.022 

Locus 58 : Mnov_gtseq_200 
2 alleles
2.3% missing data
   0   (0.417) 0.704 0.346 0.277 0.398 0.416 
   1   (0.583) 0.296 0.654 0.723 0.602 0.584 

Locus 59 : Mnov_gtseq_201 
4 alleles
0.0% missing data
   0   (0.599) 0.598 0.478 0.764 0.435 0.675 
   2   (0.149) 0.228 0.185 0.066 0.114 0.116 
   3   (0.148) 0.159 0.271 0.085 0.041 0.142 
   1   (0.103) 0.016 0.066 0.084 0.410 0.066 

Locus 60 : Mnov_gtseq_202 
2 alleles
0.0% missing data
   0   (0.425) 0.564 0.458 0.285 0.439 0.421 
   1   (0.575) 0.436 0.542 0.715 0.561 0.579 

Locus 61 : Mnov_gtseq_204 
2 alleles
3.4% missing data
   0   (0.420) 0.592 0.411 0.465 0.526 0.313 
   1   (0.580) 0.408 0.589 0.535 0.474 0.687 

Locus 62 : Mnov_gtseq_205 
5 alleles
0.0% missing data
   0   (0.201) 0.223 0.427 0.201 0.077 0.140 
   4   (0.037) 0.160 0.008 0.010 0.007 0.027 
   3   (0.677) 0.546 0.536 0.729 0.882 0.779 
   1   (0.065) 0.069 0.023 0.056 0.027 0.045 
   2   (0.020) 0.001 0.005 0.004 0.008 0.008 

Locus 63 : Mnov_gtseq_208 
2 alleles
0.0% missing data
   0   (0.656) 0.316 0.635 0.611 0.826 0.723 
   1   (0.344) 0.684 0.365 0.389 0.174 0.277 

Locus 64 : Mnov_gtseq_209 
3 alleles
0.0% missing data
   0   (0.457) 0.584 0.599 0.300 0.302 0.507 
   2   (0.501) 0.259 0.394 0.674 0.690 0.468 
   1   (0.042) 0.157 0.007 0.026 0.009 0.024 

Locus 65 : Mnov_gtseq_21 
2 alleles
0.0% missing data
   1   (0.529) 0.300 0.486 0.594 0.750 0.486 
   0   (0.471) 0.700 0.514 0.406 0.250 0.514 

Locus 66 : Mnov_gtseq_210 
2 alleles
4.6% missing data
   0   (0.373) 0.202 0.620 0.309 0.441 0.290 
   1   (0.627) 0.798 0.380 0.691 0.559 0.710 

Locus 67 : Mnov_gtseq_211 
2 alleles
1.1% missing data
   0   (0.419) 0.249 0.415 0.366 0.470 0.492 
   1   (0.581) 0.751 0.585 0.634 0.530 0.508 

Locus 68 : Mnov_gtseq_213 
2 alleles
5.4% missing data
   0   (0.513) 0.333 0.568 0.476 0.592 0.524 
   1   (0.487) 0.667 0.432 0.524 0.408 0.476 

Locus 69 : Mnov_gtseq_214 
2 alleles
5.1% missing data
   0   (0.537) 0.801 0.443 0.345 0.534 0.652 
   1   (0.463) 0.199 0.557 0.655 0.466 0.348 

Locus 70 : Mnov_gtseq_215 
2 alleles
0.0% missing data
   0   (0.456) 0.589 0.391 0.328 0.453 0.506 
   1   (0.544) 0.411 0.609 0.672 0.547 0.494 

Locus 71 : Mnov_gtseq_216 
3 alleles
0.0% missing data
   2   (0.522) 0.731 0.438 0.591 0.439 0.518 
   1   (0.453) 0.265 0.558 0.371 0.557 0.473 
   0   (0.025) 0.004 0.004 0.038 0.003 0.009 

Locus 72 : Mnov_gtseq_217 
2 alleles
23.7% missing data
   0   (0.325) 0.171 0.492 0.239 0.186 0.341 
   1   (0.675) 0.829 0.508 0.761 0.814 0.659 

Locus 73 : Mnov_gtseq_218 
2 alleles
0.6% missing data
   0   (0.602) 0.846 0.365 0.743 0.528 0.629 
   1   (0.398) 0.154 0.635 0.257 0.472 0.371 

Locus 74 : Mnov_gtseq_22 
4 alleles
3.4% missing data
   2   (0.500) 0.787 0.419 0.421 0.591 0.532 
   0   (0.228) 0.132 0.326 0.213 0.142 0.220 
   1   (0.208) 0.074 0.178 0.250 0.244 0.216 
   3   (0.064) 0.007 0.076 0.115 0.023 0.032 

Locus 75 : Mnov_gtseq_220 
3 alleles
0.0% missing data
   0   (0.496) 0.694 0.427 0.588 0.551 0.453 
   1   (0.454) 0.283 0.562 0.313 0.433 0.516 
   2   (0.050) 0.023 0.011 0.099 0.016 0.031 

Locus 76 : Mnov_gtseq_223 
2 alleles
2.6% missing data
   0   (0.644) 0.629 0.767 0.626 0.727 0.546 
   1   (0.356) 0.371 0.233 0.374 0.273 0.454 

Locus 77 : Mnov_gtseq_224 
3 alleles
0.6% missing data
   0   (0.232) 0.281 0.114 0.268 0.266 0.231 
   1   (0.713) 0.712 0.855 0.702 0.682 0.729 
   2   (0.055) 0.007 0.032 0.029 0.052 0.040 

Locus 78 : Mnov_gtseq_225 
2 alleles
0.0% missing data
   0   (0.512) 0.493 0.611 0.305 0.635 0.534 
   1   (0.488) 0.507 0.389 0.695 0.365 0.466 

Locus 79 : Mnov_gtseq_227 
2 alleles
0.3% missing data
   0   (0.525) 0.674 0.359 0.644 0.514 0.512 
   1   (0.475) 0.326 0.641 0.356 0.486 0.488 

Locus 80 : Mnov_gtseq_229 
2 alleles
0.9% missing data
   1   (0.521) 0.641 0.412 0.583 0.713 0.443 
   0   (0.479) 0.359 0.588 0.417 0.287 0.557 

Locus 81 : Mnov_gtseq_232 
2 alleles
0.0% missing data
   0   (0.464) 0.738 0.436 0.376 0.496 0.434 
   1   (0.536) 0.262 0.564 0.624 0.504 0.566 

Locus 82 : Mnov_gtseq_234 
2 alleles
9.1% missing data
   0   (0.736) 0.865 0.849 0.788 0.544 0.718 
   1   (0.264) 0.135 0.151 0.212 0.456 0.282 

Locus 83 : Mnov_gtseq_235 
2 alleles
0.0% missing data
   0   (0.783) 0.902 0.667 0.907 0.792 0.763 
   1   (0.217) 0.098 0.333 0.093 0.208 0.237 

Locus 84 : Mnov_gtseq_238 
2 alleles
0.0% missing data
   0   (0.600) 0.832 0.613 0.631 0.657 0.473 
   1   (0.400) 0.168 0.387 0.369 0.343 0.527 

Locus 85 : Mnov_gtseq_239 
2 alleles
0.0% missing data
   0   (0.724) 0.777 0.630 0.689 0.816 0.775 
   1   (0.276) 0.223 0.370 0.311 0.184 0.225 

Locus 86 : Mnov_gtseq_241 
2 alleles
0.0% missing data
   0   (0.851) 0.819 0.800 0.905 0.862 0.910 
   1   (0.149) 0.181 0.200 0.095 0.138 0.090 

Locus 87 : Mnov_gtseq_243 
2 alleles
0.0% missing data
   0   (0.595) 0.617 0.637 0.706 0.375 0.600 
   1   (0.405) 0.383 0.363 0.294 0.625 0.400 

Locus 88 : Mnov_gtseq_244 
2 alleles
0.0% missing data
   0   (0.336) 0.464 0.490 0.217 0.228 0.290 
   1   (0.664) 0.536 0.510 0.783 0.772 0.710 

Locus 89 : Mnov_gtseq_245 
2 alleles
20.0% missing data
   1   (0.496) 0.695 0.420 0.354 0.673 0.494 
   0   (0.504) 0.305 0.580 0.646 0.327 0.506 

Locus 90 : Mnov_gtseq_246 
2 alleles
0.3% missing data
   0   (0.438) 0.524 0.466 0.177 0.606 0.507 
   1   (0.562) 0.476 0.534 0.823 0.394 0.493 

Locus 91 : Mnov_gtseq_247 
2 alleles
3.1% missing data
   0   (0.295) 0.156 0.221 0.514 0.195 0.298 
   1   (0.705) 0.844 0.779 0.486 0.805 0.702 

Locus 92 : Mnov_gtseq_248 
2 alleles
0.3% missing data
   0   (0.226) 0.469 0.163 0.254 0.074 0.242 
   1   (0.774) 0.531 0.837 0.746 0.926 0.758 

Locus 93 : Mnov_gtseq_25 
2 alleles
0.3% missing data
   0   (0.455) 0.664 0.500 0.267 0.551 0.404 
   1   (0.545) 0.336 0.500 0.733 0.449 0.596 

Locus 94 : Mnov_gtseq_250 
2 alleles
3.4% missing data
   0   (0.794) 0.700 0.845 0.871 0.572 0.870 
   1   (0.206) 0.300 0.155 0.129 0.428 0.130 

Locus 95 : Mnov_gtseq_251 
2 alleles
2.0% missing data
   1   (0.217) 0.192 0.188 0.131 0.101 0.330 
   0   (0.783) 0.808 0.812 0.869 0.899 0.670 

Locus 96 : Mnov_gtseq_253 
2 alleles
16.3% missing data
   0   (0.490) 0.498 0.428 0.610 0.280 0.537 
   1   (0.510) 0.502 0.572 0.390 0.720 0.463 

Locus 97 : Mnov_gtseq_254 
2 alleles
0.0% missing data
   1   (0.917) 0.991 0.839 0.945 0.984 0.915 
   0   (0.083) 0.009 0.161 0.055 0.016 0.085 

Locus 98 : Mnov_gtseq_255 
3 alleles
0.0% missing data
   0   (0.323) 0.472 0.210 0.282 0.625 0.241 
   2   (0.405) 0.459 0.450 0.291 0.192 0.499 
   1   (0.272) 0.069 0.340 0.427 0.184 0.259 

Locus 99 : Mnov_gtseq_257 
2 alleles
0.0% missing data
   0   (0.625) 0.435 0.775 0.490 0.690 0.662 
   1   (0.375) 0.565 0.225 0.510 0.310 0.338 

Locus 100 : Mnov_gtseq_258 
2 alleles
0.0% missing data
   0   (0.517) 0.651 0.377 0.698 0.448 0.512 
   1   (0.483) 0.349 0.623 0.302 0.552 0.488 

Locus 101 : Mnov_gtseq_26 
2 alleles
0.0% missing data
   1   (0.888) 0.972 0.940 0.894 0.918 0.890 
   0   (0.112) 0.028 0.060 0.106 0.082 0.110 

Locus 102 : Mnov_gtseq_260 
2 alleles
0.6% missing data
   0   (0.758) 0.785 0.822 0.692 0.886 0.700 
   1   (0.242) 0.215 0.178 0.308 0.114 0.300 

Locus 103 : Mnov_gtseq_261 
3 alleles
0.3% missing data
   0   (0.472) 0.589 0.396 0.431 0.511 0.531 
   1   (0.280) 0.251 0.197 0.378 0.351 0.228 
   2   (0.247) 0.160 0.407 0.191 0.138 0.242 

Locus 104 : Mnov_gtseq_262 
3 alleles
3.1% missing data
