

----------------------------------------------------
STRUCTURE by Pritchard, Stephens and Donnelly (2000)
     and Falush, Stephens and Pritchard (2003)
       Code by Pritchard, Falush and Hubisz
             Version 2.3.4 (Jul 2012)
----------------------------------------------------



Command line arguments:   structure -m wint.area.structureRun/wint.area.structureRun.k6.r4_mainparams -e wint.area.structureRun/wint.area.structureRun.k6.r4_extraparams -i wint.area.structureRun/wint.area.structureRun.k6.r4_data -o wint.area.structureRun/wint.area.structureRun.k6.r4_out 
Input File:    wint.area.structureRun/wint.area.structureRun.k6.r4_data

Run parameters:
   350 individuals
   298 loci
   6 populations assumed
   1000 Burn-in period
   10000 Reps


--------------------------------------------
Proportion of membership of each pre-defined
 population in each of the 6 clusters

Given    Inferred Clusters                            Number of
 Pop       1      2      3      4      5      6      Individuals

  1:     0.147  0.259  0.086  0.209  0.154  0.145       77
  2:     0.170  0.104  0.314  0.117  0.127  0.168      124
  3:     0.179  0.160  0.122  0.201  0.159  0.179      113
  4:     0.187  0.130  0.190  0.151  0.154  0.188       27
  5:     0.083  0.078  0.062  0.073  0.621  0.083        9
--------------------------------------------

Allele-freq. divergence among pops (Net nucleotide distance),
computed using point estimates of P.

      1       2       3       4       5       6      
 1      -    0.0332  0.0409  0.0221  0.0251  0.0145  
 2   0.0332     -    0.0640  0.0344  0.0430  0.0299  
 3   0.0409  0.0640     -    0.0541  0.0549  0.0370  
 4   0.0221  0.0344  0.0541     -    0.0335  0.0211  
 5   0.0251  0.0430  0.0549  0.0335     -    0.0239  
 6   0.0145  0.0299  0.0370  0.0211  0.0239     -    

Average distances (expected heterozygosity) between individuals in same cluster:
cluster  1  : 0.4298 
cluster  2  : 0.4192 
cluster  3  : 0.4013 
cluster  4  : 0.4378 
cluster  5  : 0.4209 
cluster  6  : 0.4467 

--------------------------------------------
Estimated Ln Prob of Data   = -164729.1
Mean value of ln likelihood = -134133.8
Variance of ln likelihood   = 61190.6
Mean value of alpha         = 1.0000

Mean value of Fst_1         = 0.1131
Mean value of Fst_2         = 0.1558
Mean value of Fst_3         = 0.1990
Mean value of Fst_4         = 0.1111
Mean value of Fst_5         = 0.1203
Mean value of Fst_6         = 0.0807


Inferred ancestry of individuals:
        Label (%Miss) Pop:  Inferred clusters
  1   207778    (1)    2 :  0.244 0.123 0.353 0.103 0.083 0.095 
  2 z0005757    (7)    3 :  0.167 0.240 0.074 0.140 0.148 0.231 
  3 z0005758    (0)    3 :  0.215 0.237 0.100 0.102 0.158 0.187 
  4 z0011944    (0)    1 :  0.102 0.039 0.081 0.040 0.689 0.049 
  5 z0012702    (8)    4 :  0.252 0.033 0.410 0.074 0.126 0.104 
  6 z0016577    (1)    3 :  0.215 0.186 0.176 0.164 0.092 0.167 
  7 z0016578   (20)    1 :  0.085 0.077 0.045 0.563 0.095 0.135 
  8 z0016579    (1)    3 :  0.163 0.148 0.079 0.101 0.191 0.318 
  9 z0018264    (0)    1 :  0.074 0.079 0.075 0.069 0.566 0.137 
 10 z0029828    (2)    3 :  0.206 0.113 0.082 0.379 0.089 0.131 
 11 z0029829   (13)    1 :  0.135 0.150 0.063 0.487 0.060 0.105 
 12 z0029846    (0)    1 :  0.145 0.208 0.160 0.253 0.121 0.113 
 13 z0029860    (0)    3 :  0.168 0.148 0.115 0.422 0.070 0.077 
 14 z0029863    (1)    1 :  0.160 0.068 0.086 0.150 0.357 0.178 
 15 z0029864    (8)    1 :  0.213 0.091 0.094 0.249 0.282 0.072 
 16 z0029865   (12)    3 :  0.344 0.308 0.038 0.105 0.088 0.117 
 17 z0037607    (1)    3 :  0.223 0.050 0.132 0.150 0.283 0.163 
 18 z0037609   (23)    3 :  0.174 0.128 0.096 0.252 0.185 0.165 
 19 z0037624   (20)    1 :  0.168 0.294 0.103 0.072 0.078 0.285 
 20 z0038417    (7)    2 :  0.096 0.098 0.496 0.076 0.121 0.113 
 21 z0040275    (8)    2 :  0.117 0.059 0.429 0.123 0.159 0.113 
 22 z0040287    (3)    2 :  0.223 0.111 0.124 0.170 0.248 0.124 
 23 z0040308    (0)    2 :  0.399 0.090 0.302 0.056 0.045 0.108 
 24 z0040333    (1)    2 :  0.205 0.056 0.206 0.144 0.068 0.321 
 25 z0040334    (1)    2 :  0.106 0.050 0.543 0.052 0.083 0.165 
 26 z0040337    (4)    2 :  0.169 0.084 0.185 0.134 0.196 0.231 
 27 z0040345    (1)    2 :  0.180 0.089 0.423 0.048 0.151 0.109 
 28 z0040357    (5)    2 :  0.150 0.124 0.327 0.111 0.128 0.160 
 29 z0040363   (19)    2 :  0.162 0.116 0.325 0.082 0.116 0.199 
 30 z0040364    (0)    2 :  0.141 0.079 0.544 0.072 0.083 0.080 
 31 z0040387    (0)    2 :  0.255 0.120 0.314 0.091 0.112 0.108 
 32 z0040403   (15)    2 :  0.088 0.167 0.280 0.164 0.136 0.165 
 33 z0040439    (0)    2 :  0.071 0.046 0.552 0.072 0.188 0.071 
 34 z0040465   (20)    2 :  0.147 0.076 0.299 0.286 0.074 0.117 
 35 z0040513   (24)    3 :  0.312 0.125 0.134 0.193 0.123 0.114 
 36 z0040961   (11)    2 :  0.124 0.096 0.195 0.098 0.225 0.261 
 37 z0040985   (14)    2 :  0.163 0.104 0.139 0.099 0.140 0.355 
 38 z0041026    (0)    2 :  0.107 0.092 0.324 0.162 0.105 0.210 
 39 z0041051   (30)    2 :  0.091 0.088 0.357 0.064 0.254 0.146 
 40 z0041115    (7)    2 :  0.112 0.238 0.403 0.096 0.068 0.084 
 41 z0041153   (23)    2 :  0.174 0.109 0.224 0.111 0.150 0.231 
 42 z0041233    (3)    2 :  0.233 0.134 0.243 0.152 0.076 0.162 
 43 z0041243    (0)    2 :  0.258 0.097 0.310 0.091 0.134 0.110 
 44 z0041248    (5)    2 :  0.130 0.113 0.380 0.084 0.127 0.167 
 45 z0041250    (1)    2 :  0.161 0.058 0.460 0.085 0.109 0.127 
 46 z0041274    (1)    2 :  0.100 0.083 0.169 0.225 0.193 0.229 
 47 z0041465   (16)    2 :  0.067 0.243 0.428 0.156 0.039 0.067 
 48 z0041472    (2)    2 :  0.215 0.183 0.294 0.092 0.084 0.132 
 49 z0041480    (9)    2 :  0.179 0.148 0.301 0.143 0.085 0.145 
 50 z0041483    (0)    2 :  0.065 0.136 0.529 0.102 0.079 0.089 
 51 z0041494   (12)    2 :  0.185 0.035 0.215 0.093 0.081 0.391 
 52 z0041498    (1)    2 :  0.076 0.110 0.394 0.137 0.119 0.165 
 53 z0041501    (1)    2 :  0.417 0.032 0.309 0.074 0.076 0.092 
 54 z0041507    (6)    2 :  0.158 0.066 0.317 0.092 0.133 0.234 
 55 z0041512    (0)    2 :  0.166 0.054 0.443 0.129 0.116 0.092 
 56 z0041522   (15)    2 :  0.089 0.139 0.396 0.145 0.132 0.099 
 57 z0041526    (0)    3 :  0.132 0.122 0.523 0.110 0.051 0.063 
 58 z0041527   (14)    2 :  0.249 0.137 0.271 0.132 0.066 0.145 
 59 z0043243    (1)    2 :  0.115 0.287 0.110 0.116 0.241 0.131 
 60 z0043278    (0)    2 :  0.125 0.056 0.420 0.094 0.164 0.141 
 61 z0043475   (16)    3 :  0.138 0.109 0.173 0.102 0.103 0.376 
 62 z0043477    (0)    2 :  0.177 0.126 0.255 0.094 0.226 0.122 
 63 z0043478    (2)    2 :  0.098 0.139 0.522 0.046 0.105 0.090 
 64 z0043481    (0)    2 :  0.240 0.105 0.365 0.073 0.081 0.136 
 65 z0043489    (5)    2 :  0.237 0.059 0.392 0.064 0.138 0.110 
 66 z0043491   (12)    2 :  0.266 0.086 0.218 0.124 0.187 0.120 
 67 z0043493    (2)    2 :  0.475 0.086 0.100 0.079 0.156 0.103 
 68 z0043494    (1)    2 :  0.164 0.066 0.275 0.191 0.099 0.205 
 69 z0043498    (1)    2 :  0.119 0.060 0.439 0.111 0.076 0.196 
 70 z0043504    (7)    2 :  0.315 0.165 0.228 0.045 0.157 0.091 
 71 z0043526    (3)    4 :  0.410 0.081 0.144 0.077 0.193 0.095 
 72 z0043566    (2)    2 :  0.135 0.125 0.319 0.046 0.090 0.284 
 73 z0043572    (0)    2 :  0.112 0.082 0.387 0.101 0.089 0.228 
 74 z0043599    (2)    2 :  0.199 0.128 0.252 0.164 0.086 0.172 
 75 z0043642    (0)    2 :  0.169 0.060 0.327 0.230 0.096 0.117 
 76 z0043649    (1)    2 :  0.167 0.088 0.478 0.109 0.096 0.063 
 77 z0043652    (1)    2 :  0.221 0.114 0.106 0.236 0.152 0.171 
 78 z0043668    (0)    2 :  0.161 0.183 0.211 0.065 0.089 0.291 
 79 z0043674    (0)    4 :  0.100 0.221 0.063 0.403 0.107 0.105 
 80 z0043686    (1)    2 :  0.112 0.110 0.361 0.098 0.193 0.126 
 81 z0043693    (1)    2 :  0.251 0.085 0.220 0.158 0.085 0.201 
 82 z0043704   (14)    2 :  0.061 0.068 0.604 0.091 0.093 0.083 
 83 z0043807    (1)    2 :  0.138 0.059 0.263 0.152 0.119 0.269 
 84 z0043819    (0)    2 :  0.188 0.117 0.091 0.124 0.162 0.319 
 85 z0043876    (7)    2 :  0.300 0.247 0.137 0.057 0.058 0.201 
 86 z0043877   (32)    2 :  0.285 0.168 0.191 0.082 0.067 0.206 
 87 z0043891   (21)    4 :  0.134 0.153 0.216 0.126 0.211 0.161 
 88 z0043915   (31)    2 :  0.215 0.109 0.175 0.106 0.257 0.137 
 89 z0043940   (10)    2 :  0.136 0.136 0.053 0.241 0.187 0.247 
 90 z0043954    (1)    2 :  0.167 0.129 0.186 0.186 0.180 0.152 
 91 z0043966    (5)    2 :  0.108 0.070 0.430 0.136 0.104 0.151 
 92 z0043980    (1)    2 :  0.109 0.110 0.188 0.113 0.084 0.397 
 93 z0044017   (11)    2 :  0.174 0.071 0.366 0.137 0.153 0.098 
 94 z0044019   (14)    2 :  0.174 0.170 0.226 0.068 0.078 0.285 
 95 z0044023   (35)    2 :  0.074 0.118 0.565 0.066 0.063 0.115 
 96 z0044033    (0)    2 :  0.094 0.057 0.663 0.060 0.039 0.087 
 97 z0044042    (3)    2 :  0.121 0.138 0.530 0.051 0.087 0.074 
 98 z0044047   (24)    2 :  0.282 0.067 0.322 0.094 0.087 0.148 
 99 z0044064   (13)    2 :  0.132 0.055 0.303 0.139 0.132 0.240 
100 z0044432   (14)    2 :  0.258 0.107 0.116 0.098 0.197 0.224 
101 z0045326    (0)    3 :  0.156 0.154 0.133 0.423 0.067 0.067 
102 z0045331    (5)    1 :  0.109 0.083 0.135 0.438 0.105 0.129 
103 z0045332    (1)    1 :  0.118 0.065 0.091 0.373 0.174 0.179 
104 z0045333    (6)    1 :  0.106 0.450 0.069 0.098 0.119 0.157 
105 z0045337    (4)    1 :  0.072 0.597 0.081 0.076 0.111 0.064 
106 z0045342   (12)    1 :  0.141 0.092 0.053 0.201 0.061 0.451 
107 z0045347    (1)    3 :  0.163 0.212 0.091 0.089 0.272 0.174 
108 z0045350    (0)    1 :  0.123 0.143 0.066 0.211 0.178 0.280 
109 z0045370    (0)    1 :  0.128 0.171 0.031 0.552 0.071 0.047 
110 z0045371    (1)    3 :  0.154 0.150 0.135 0.235 0.156 0.171 
111 z0045398    (1)    3 :  0.364 0.179 0.025 0.134 0.209 0.089 
112 z0045399    (1)    3 :  0.187 0.120 0.051 0.179 0.251 0.211 
113 z0045401   (23)    1 :  0.136 0.138 0.093 0.324 0.106 0.204 
114 z0045404    (0)    3 :  0.105 0.071 0.054 0.622 0.075 0.074 
115 z0045405    (4)    3 :  0.305 0.082 0.085 0.247 0.165 0.116 
116 z0045407    (1)    3 :  0.133 0.084 0.107 0.183 0.311 0.182 
117 z0045719    (0)    2 :  0.145 0.037 0.270 0.129 0.144 0.275 
118 z0045720    (1)    2 :  0.191 0.114 0.110 0.168 0.199 0.217 
119 z0045728    (0)    2 :  0.143 0.161 0.374 0.060 0.085 0.177 
120 z0045731    (0)    2 :  0.371 0.047 0.175 0.142 0.120 0.143 
121 z0045733    (0)    2 :  0.179 0.132 0.133 0.182 0.114 0.260 
122 z0045736    (1)    2 :  0.166 0.108 0.144 0.151 0.084 0.347 
123 z0045739    (1)    2 :  0.206 0.083 0.126 0.201 0.129 0.255 
124 z0045740    (1)    2 :  0.152 0.089 0.459 0.084 0.108 0.107 
125 z0045741    (0)    2 :  0.401 0.046 0.210 0.115 0.117 0.110 
126 z0045742    (0)    2 :  0.089 0.112 0.400 0.253 0.065 0.082 
127 z0045776    (0)    3 :  0.159 0.152 0.195 0.124 0.137 0.233 
128 z0045779    (0)    2 :  0.041 0.170 0.628 0.059 0.056 0.045 
129 z0045781    (0)    2 :  0.231 0.060 0.370 0.112 0.124 0.102 
130 z0045788    (5)    2 :  0.072 0.062 0.605 0.049 0.125 0.088 
131 z0045789    (2)    2 :  0.084 0.058 0.501 0.100 0.174 0.083 
132 z0045791    (4)    2 :  0.129 0.073 0.396 0.104 0.148 0.151 
133 z0045792   (22)    1 :  0.236 0.245 0.147 0.083 0.129 0.161 
134 z0045793    (0)    3 :  0.051 0.122 0.167 0.456 0.043 0.161 
135 z0047562   (14)    2 :  0.163 0.079 0.288 0.148 0.085 0.237 
136 z0047854    (1)    2 :  0.129 0.091 0.329 0.141 0.086 0.225 
137 z0051185    (0)    1 :  0.282 0.122 0.052 0.306 0.111 0.127 
138 z0051324    (0)    1 :  0.170 0.295 0.077 0.195 0.130 0.132 
139 z0051327    (3)    3 :  0.238 0.102 0.155 0.175 0.086 0.245 
140 z0051328    (1)    1 :  0.161 0.406 0.128 0.076 0.118 0.111 
141 z0051380    (0)    1 :  0.068 0.726 0.028 0.055 0.071 0.052 
142 z0051400    (0)    3 :  0.128 0.230 0.162 0.228 0.116 0.137 
143 z0051431   (21)    3 :  0.219 0.062 0.219 0.265 0.089 0.146 
144 z0051840   (33)    2 :  0.082 0.067 0.313 0.199 0.142 0.197 
145 z0051844   (27)    2 :  0.283 0.067 0.245 0.117 0.149 0.138 
146 z0051875   (28)    3 :  0.133 0.099 0.074 0.367 0.086 0.240 
147 z0051885    (7)    3 :  0.063 0.059 0.398 0.220 0.134 0.125 
148 z0051888    (0)    2 :  0.110 0.110 0.395 0.167 0.084 0.134 
149 z0051891    (0)    1 :  0.279 0.121 0.102 0.184 0.143 0.172 
150 z0051893    (2)    1 :  0.209 0.319 0.090 0.118 0.132 0.132 
151 z0051895    (0)    3 :  0.255 0.204 0.078 0.241 0.126 0.096 
152 z0051918    (0)    3 :  0.135 0.064 0.253 0.072 0.346 0.130 
153 z0051929    (1)    1 :  0.231 0.360 0.075 0.127 0.073 0.134 
154 z0051939   (11)    3 :  0.132 0.068 0.212 0.298 0.139 0.151 
155 z0051947    (3)    1 :  0.055 0.398 0.072 0.080 0.068 0.328 
156 z0051959    (1)    3 :  0.225 0.137 0.175 0.087 0.293 0.084 
157 z0052846    (0)    4 :  0.124 0.140 0.148 0.287 0.180 0.120 
158 z0052882    (1)    2 :  0.132 0.106 0.221 0.159 0.119 0.263 
159 z0053020   (20)    2 :  0.256 0.094 0.220 0.106 0.187 0.138 
160 z0053024   (12)    2 :  0.320 0.130 0.176 0.112 0.118 0.144 
161 z0053025    (3)    2 :  0.100 0.052 0.605 0.094 0.082 0.067 
162 z0053031    (0)    2 :  0.118 0.144 0.161 0.194 0.204 0.179 
163 z0053032    (0)    2 :  0.130 0.163 0.250 0.056 0.147 0.254 
164 z0053040    (5)    2 :  0.141 0.113 0.200 0.141 0.135 0.270 
165 z0053051    (0)    3 :  0.241 0.073 0.055 0.277 0.194 0.161 
166 z0053054    (5)    3 :  0.225 0.104 0.051 0.279 0.095 0.246 
167 z0053071    (2)    2 :  0.105 0.066 0.515 0.129 0.080 0.105 
168 z0053073    (1)    2 :  0.189 0.156 0.091 0.074 0.160 0.330 
169 z0053078    (0)    3 :  0.095 0.045 0.331 0.080 0.367 0.083 
170 z0053082    (1)    3 :  0.126 0.070 0.290 0.233 0.076 0.205 
171 z0053083   (12)    2 :  0.272 0.135 0.248 0.097 0.124 0.125 
172 z0053090   (10)    3 :  0.340 0.062 0.271 0.060 0.116 0.151 
173 z0053096    (0)    2 :  0.088 0.032 0.523 0.077 0.210 0.070 
174 z0053100    (6)    2 :  0.159 0.058 0.234 0.052 0.064 0.434 
175 z0053101    (0)    2 :  0.088 0.097 0.347 0.070 0.197 0.201 
176 z0053102    (8)    2 :  0.152 0.043 0.280 0.121 0.087 0.318 
177 z0053103    (0)    2 :  0.108 0.069 0.568 0.093 0.063 0.098 
178 z0053111    (2)    3 :  0.192 0.104 0.105 0.155 0.173 0.271 
179 z0053131    (0)    2 :  0.146 0.150 0.346 0.170 0.095 0.093 
180 z0053132    (0)    2 :  0.140 0.039 0.228 0.104 0.329 0.159 
181 z0053133    (0)    2 :  0.234 0.077 0.103 0.224 0.148 0.214 
182 z0053138    (0)    2 :  0.214 0.163 0.245 0.172 0.088 0.119 
183 z0053142    (2)    2 :  0.136 0.239 0.273 0.108 0.157 0.087 
184 z0053149    (0)    2 :  0.102 0.173 0.389 0.081 0.167 0.089 
185 z0053754    (1)    1 :  0.091 0.259 0.149 0.109 0.323 0.069 
186 z0053756    (1)    1 :  0.106 0.215 0.071 0.093 0.385 0.130 
187 z0053758   (17)    1 :  0.056 0.178 0.097 0.526 0.073 0.071 
188 z0053759    (0)    1 :  0.156 0.333 0.066 0.109 0.152 0.184 
189 z0053842    (1)    1 :  0.506 0.104 0.077 0.132 0.086 0.096 
190 z0053843    (6)    1 :  0.102 0.130 0.052 0.513 0.113 0.091 
191 z0053844    (7)    1 :  0.196 0.207 0.102 0.251 0.120 0.124 
192 z0053846    (2)    1 :  0.045 0.123 0.052 0.626 0.069 0.084 
193 z0053847    (0)    1 :  0.041 0.281 0.086 0.036 0.066 0.492 
194 z0053849    (1)    1 :  0.309 0.115 0.073 0.222 0.201 0.080 
195 z0055903    (1)    4 :  0.228 0.176 0.060 0.108 0.144 0.284 
196 z0055910   (34)    4 :  0.207 0.159 0.166 0.090 0.225 0.153 
197 z0055912    (7)    4 :  0.170 0.089 0.143 0.105 0.266 0.227 
198 z0055916   (15)    4 :  0.291 0.145 0.163 0.099 0.188 0.114 
199 z0055931    (2)    4 :  0.086 0.080 0.391 0.102 0.110 0.231 
200 z0055944    (3)    4 :  0.263 0.206 0.126 0.152 0.127 0.125 
201 z0055947    (9)    4 :  0.155 0.080 0.163 0.379 0.151 0.073 
202 z0055962    (6)    4 :  0.245 0.087 0.310 0.090 0.096 0.172 
203 z0055963   (21)    4 :  0.181 0.078 0.265 0.117 0.152 0.207 
204 z0055965   (25)    4 :  0.128 0.131 0.054 0.098 0.330 0.258 
205 z0055970   (15)    4 :  0.215 0.164 0.175 0.080 0.103 0.263 
206 z0055971    (7)    4 :  0.204 0.166 0.193 0.119 0.165 0.152 
207 z0055977    (6)    4 :  0.258 0.060 0.261 0.156 0.137 0.128 
208 z0055986   (19)    4 :  0.155 0.208 0.089 0.209 0.097 0.242 
209 z0055990    (6)    4 :  0.069 0.077 0.392 0.157 0.121 0.185 
210 z0055996    (2)    4 :  0.147 0.105 0.233 0.239 0.064 0.212 
211 z0055997    (3)    4 :  0.136 0.175 0.193 0.114 0.084 0.299 
212 z0055998    (4)    4 :  0.116 0.143 0.122 0.118 0.264 0.236 
213 z0055999    (2)    4 :  0.108 0.209 0.115 0.270 0.163 0.135 
214 z0056011    (7)    4 :  0.333 0.095 0.091 0.116 0.146 0.219 
215 z0056029    (4)    4 :  0.172 0.138 0.162 0.101 0.093 0.335 
216 z0056034    (0)    4 :  0.159 0.109 0.278 0.089 0.113 0.252 
217 z0056056   (25)    3 :  0.169 0.241 0.104 0.142 0.113 0.231 
218 z0056058    (5)    3 :  0.049 0.752 0.036 0.060 0.032 0.071 
219 z0056059    (8)    3 :  0.170 0.083 0.063 0.100 0.090 0.494 
220 z0056062    (1)    3 :  0.162 0.256 0.117 0.095 0.246 0.123 
221 z0056063    (4)    3 :  0.237 0.133 0.056 0.135 0.136 0.304 
222 z0056064    (0)    3 :  0.194 0.110 0.084 0.138 0.277 0.198 
223 z0056065    (0)    3 :  0.119 0.247 0.074 0.224 0.193 0.143 
224 z0056073    (0)    3 :  0.285 0.170 0.070 0.232 0.097 0.146 
225 z0056076    (4)    3 :  0.047 0.109 0.084 0.051 0.172 0.536 
226 z0056079    (9)    3 :  0.323 0.214 0.048 0.095 0.201 0.119 
227 z0056085    (0)    3 :  0.090 0.084 0.094 0.381 0.183 0.169 
228 z0056092    (1)    3 :  0.144 0.132 0.063 0.262 0.249 0.150 
229 z0056095    (1)    3 :  0.097 0.142 0.048 0.219 0.252 0.241 
230 z0056103    (7)    3 :  0.186 0.399 0.042 0.091 0.128 0.154 
231 z0056374    (7)    1 :  0.097 0.628 0.044 0.082 0.059 0.090 
232 z0056375    (0)    1 :  0.146 0.216 0.064 0.381 0.111 0.083 
233 z0056377    (0)    1 :  0.264 0.216 0.088 0.123 0.137 0.173 
234 z0056378    (0)    1 :  0.088 0.427 0.078 0.083 0.078 0.246 
235 z0056382    (0)    1 :  0.069 0.063 0.044 0.607 0.105 0.113 
236 z0056384    (3)    1 :  0.116 0.253 0.091 0.092 0.291 0.158 
237 z0056386    (7)    1 :  0.081 0.182 0.059 0.414 0.133 0.130 
238 z0056389    (0)    1 :  0.048 0.085 0.040 0.681 0.045 0.102 
239 z0056391    (1)    1 :  0.042 0.401 0.032 0.436 0.035 0.054 
240 z0056392   (11)    1 :  0.085 0.492 0.066 0.197 0.081 0.079 
241 z0056393    (8)    1 :  0.279 0.251 0.083 0.242 0.064 0.081 
242 z0056394    (0)    1 :  0.362 0.250 0.058 0.189 0.058 0.082 
243 z0056395    (1)    1 :  0.114 0.328 0.126 0.067 0.179 0.185 
244 z0056397    (0)    1 :  0.159 0.185 0.208 0.090 0.254 0.103 
245 z0061527    (2)    3 :  0.116 0.081 0.432 0.082 0.092 0.196 
246 z0061967    (1)    3 :  0.238 0.122 0.099 0.143 0.117 0.282 
247 z0061969    (0)    3 :  0.128 0.111 0.297 0.265 0.065 0.135 
248 z0061980    (1)    1 :  0.117 0.265 0.118 0.198 0.206 0.095 
249 z0066166    (3)    3 :  0.133 0.237 0.227 0.248 0.079 0.077 
250 z0066792    (2)    1 :  0.080 0.071 0.112 0.087 0.566 0.083 
251 z0066805    (1)    1 :  0.080 0.089 0.063 0.073 0.595 0.100 
252 z0068471    (2)    3 :  0.096 0.380 0.088 0.069 0.180 0.188 
253 z0075696    (6)    5 :  0.073 0.034 0.043 0.085 0.690 0.075 
254 z0101084    (7)    1 :  0.089 0.522 0.077 0.134 0.076 0.102 
255 z0107099    (2)    3 :  0.170 0.348 0.035 0.291 0.084 0.072 
256 z0107101    (0)    1 :  0.048 0.607 0.059 0.206 0.037 0.043 
257 z0108489    (0)    1 :  0.230 0.213 0.113 0.081 0.220 0.142 
258 z0108513    (0)    1 :  0.055 0.317 0.138 0.332 0.085 0.073 
259 z0108528    (0)    3 :  0.147 0.185 0.180 0.205 0.080 0.203 
260 z0113628    (1)    3 :  0.250 0.065 0.117 0.129 0.215 0.224 
261 z0133302   (16)    1 :  0.070 0.128 0.066 0.094 0.114 0.527 
262 z0173485    (1)    1 :  0.182 0.069 0.177 0.106 0.079 0.386 
263 z0175371    (1)    3 :  0.115 0.087 0.177 0.139 0.281 0.201 
264 z0175378    (0)    2 :  0.116 0.050 0.406 0.129 0.046 0.253 
265 z0175912    (0)    1 :  0.150 0.516 0.098 0.056 0.106 0.074 
266 z0175916    (1)    1 :  0.105 0.159 0.218 0.097 0.167 0.255 
267 z0175937    (1)    1 :  0.123 0.156 0.072 0.430 0.150 0.068 
268 z0178348   (12)    1 :  0.151 0.500 0.082 0.085 0.103 0.079 
269 z0187819    (7)    3 :  0.162 0.356 0.087 0.169 0.107 0.118 
270 z0187857    (1)    1 :  0.146 0.459 0.097 0.176 0.048 0.074 
271 z0187860    (0)    1 :  0.161 0.180 0.111 0.138 0.088 0.321 
272 z0187885    (0)    2 :  0.103 0.052 0.283 0.116 0.298 0.149 
273 z0187906    (9)    1 :  0.275 0.117 0.100 0.096 0.245 0.167 
274 z0195655    (0)    2 :  0.088 0.078 0.605 0.066 0.071 0.092 
275 z0195663    (0)    3 :  0.183 0.053 0.317 0.116 0.204 0.127 
276 z0195683    (1)    3 :  0.202 0.117 0.059 0.283 0.075 0.263 
277 z0195688    (0)    2 :  0.140 0.107 0.203 0.179 0.190 0.181 
278 z0195691    (0)    3 :  0.192 0.059 0.088 0.155 0.186 0.319 
279 z0195699    (0)    3 :  0.310 0.111 0.095 0.298 0.080 0.106 
280 z0195701    (7)    3 :  0.144 0.191 0.070 0.262 0.167 0.166 
281 z0195702    (0)    3 :  0.128 0.098 0.116 0.087 0.153 0.418 
282 z0195704    (0)    3 :  0.097 0.429 0.210 0.064 0.105 0.096 
283 z0195705    (0)    3 :  0.280 0.057 0.374 0.070 0.092 0.127 
284 z0195711    (0)    3 :  0.213 0.118 0.079 0.142 0.293 0.155 
285 z0195716    (0)    3 :  0.105 0.137 0.081 0.128 0.262 0.286 
286 z0195718   (12)    3 :  0.111 0.257 0.039 0.199 0.159 0.235 
287 z0195725    (5)    3 :  0.182 0.346 0.256 0.061 0.069 0.087 
288 z0195726   (16)    1 :  0.494 0.089 0.040 0.095 0.125 0.156 
289 z0195728   (14)    3 :  0.053 0.087 0.035 0.626 0.073 0.126 
290 z0195732   (16)    3 :  0.321 0.158 0.039 0.263 0.124 0.096 
291 z0195737    (0)    3 :  0.212 0.090 0.220 0.148 0.110 0.221 
292 z0195740   (26)    3 :  0.284 0.121 0.115 0.121 0.217 0.143 
293 z0195751    (1)    3 :  0.163 0.112 0.043 0.455 0.079 0.148 
294 z0195762    (1)    3 :  0.196 0.113 0.059 0.157 0.408 0.067 
295 z0195784    (0)    3 :  0.188 0.218 0.045 0.205 0.190 0.154 
296 z0196686    (0)    5 :  0.047 0.069 0.039 0.035 0.741 0.070 
297 z0196687    (0)    5 :  0.078 0.060 0.099 0.055 0.629 0.079 
298 z0196689    (0)    5 :  0.099 0.040 0.092 0.054 0.638 0.076 
299 z0196690    (2)    5 :  0.068 0.133 0.046 0.106 0.567 0.079 
300 z0196691    (7)    5 :  0.113 0.067 0.027 0.065 0.629 0.100 
301 z0196692    (1)    5 :  0.094 0.111 0.093 0.088 0.540 0.074 
302 z0196693    (1)    5 :  0.082 0.082 0.064 0.108 0.575 0.090 
303 z0196694    (1)    5 :  0.095 0.105 0.059 0.057 0.583 0.100 
304 z0196710    (0)    3 :  0.129 0.159 0.110 0.086 0.298 0.218 
305 z0196715   (22)    3 :  0.187 0.247 0.049 0.324 0.066 0.127 
306 z0196719    (0)    3 :  0.230 0.123 0.107 0.334 0.101 0.105 
307 z0196724   (20)    3 :  0.273 0.105 0.086 0.266 0.087 0.184 
308 z0196725    (0)    3 :  0.072 0.416 0.081 0.085 0.129 0.217 
309 z0196729    (1)    3 :  0.099 0.185 0.083 0.198 0.155 0.280 
310 z0196730    (3)    1 :  0.049 0.671 0.096 0.043 0.062 0.079 
311 z0196731    (0)    3 :  0.183 0.227 0.054 0.232 0.103 0.201 
312 z0196733   (13)    1 :  0.251 0.186 0.089 0.186 0.134 0.155 
313 z0196734    (1)    3 :  0.357 0.074 0.089 0.189 0.094 0.197 
314 z0196739   (17)    3 :  0.214 0.156 0.163 0.112 0.079 0.277 
315 z0196740   (11)    3 :  0.169 0.134 0.067 0.223 0.337 0.069 
316 z0196746    (1)    1 :  0.105 0.432 0.043 0.154 0.124 0.142 
317 z0196751    (0)    3 :  0.133 0.126 0.079 0.154 0.139 0.368 
318 z0196752    (0)    3 :  0.085 0.134 0.043 0.075 0.483 0.179 
319 z0196754    (0)    3 :  0.126 0.114 0.098 0.482 0.079 0.100 
320 z0196758    (1)    1 :  0.104 0.312 0.127 0.165 0.193 0.099 
321 z0196763    (1)    3 :  0.331 0.085 0.084 0.261 0.139 0.100 
322 z0196764    (0)    3 :  0.205 0.141 0.064 0.319 0.156 0.115 
323 z0196766    (0)    3 :  0.058 0.225 0.049 0.178 0.177 0.313 
324 z0196769    (1)    3 :  0.163 0.202 0.046 0.285 0.194 0.110 
325 z0196774    (0)    3 :  0.109 0.260 0.046 0.147 0.319 0.119 
326 z0196783    (0)    1 :  0.055 0.483 0.043 0.278 0.066 0.076 
327 z0196794    (2)    1 :  0.082 0.309 0.044 0.336 0.138 0.091 
328 z0196804   (14)    1 :  0.153 0.240 0.058 0.264 0.144 0.141 
329 z0196809    (0)    3 :  0.198 0.131 0.055 0.344 0.188 0.084 
330 z0196810    (1)    1 :  0.134 0.239 0.070 0.070 0.246 0.241 
331 z0196811    (0)    1 :  0.319 0.164 0.045 0.256 0.138 0.077 
332 z0196824    (0)    3 :  0.112 0.119 0.153 0.101 0.126 0.389 
333 z0196825    (0)    3 :  0.219 0.201 0.099 0.148 0.078 0.254 
334 z0196828    (1)    2 :  0.338 0.181 0.125 0.126 0.106 0.124 
335 z0196829    (0)    3 :  0.322 0.207 0.094 0.126 0.090 0.161 
336 z0196834   (26)    3 :  0.087 0.132 0.147 0.244 0.083 0.307 
337 z0196835    (0)    3 :  0.117 0.367 0.057 0.236 0.058 0.166 
338 z0196841   (20)    3 :  0.113 0.138 0.066 0.157 0.203 0.322 
339 z0196843   (25)    3 :  0.187 0.449 0.096 0.081 0.080 0.107 
340 z0196849    (0)    3 :  0.127 0.080 0.063 0.486 0.102 0.142 
341 z0196852    (0)    2 :  0.308 0.072 0.136 0.122 0.156 0.206 
342 z0196855    (0)    2 :  0.195 0.141 0.228 0.099 0.193 0.144 
343 z0196856    (0)    3 :  0.209 0.070 0.218 0.090 0.217 0.197 
344 z0196864    (1)    3 :  0.343 0.078 0.220 0.069 0.139 0.151 
345 z0196894    (0)    3 :  0.110 0.170 0.066 0.257 0.293 0.105 
346 z0197662    (2)    1 :  0.225 0.157 0.199 0.061 0.107 0.250 
347 z0197665    (2)    1 :  0.053 0.657 0.045 0.100 0.093 0.053 
348 z0197668   (20)    3 :  0.175 0.061 0.088 0.175 0.431 0.069 
349 z0197669    (0)    3 :  0.167 0.048 0.281 0.156 0.143 0.204 
350 z0197672    (1)    3 :  0.253 0.080 0.079 0.295 0.132 0.161 


Estimated Allele Frequencies in each cluster
First column gives estimated ancestral frequencies


Locus 1 : Mnov_gtseq_1 
2 alleles
0.0% missing data
   0   (0.421) 0.592 0.385 0.208 0.375 0.477 0.387 
   1   (0.579) 0.408 0.615 0.792 0.625 0.523 0.613 

Locus 2 : Mnov_gtseq_10 
2 alleles
0.3% missing data
   0   (0.820) 0.865 0.676 0.967 0.677 0.911 0.842 
   1   (0.180) 0.135 0.324 0.033 0.323 0.089 0.158 

Locus 3 : Mnov_gtseq_102 
2 alleles
0.9% missing data
   0   (0.544) 0.611 0.431 0.837 0.599 0.572 0.372 
   1   (0.456) 0.389 0.569 0.163 0.401 0.428 0.628 

Locus 4 : Mnov_gtseq_104 
2 alleles
0.3% missing data
   0   (0.857) 0.919 0.704 0.959 0.771 0.959 0.867 
   1   (0.143) 0.081 0.296 0.041 0.229 0.041 0.133 

Locus 5 : Mnov_gtseq_106 
2 alleles
14.9% missing data
   1   (0.757) 0.849 0.757 0.783 0.825 0.671 0.773 
   0   (0.243) 0.151 0.243 0.217 0.175 0.329 0.227 

Locus 6 : Mnov_gtseq_107 
2 alleles
37.4% missing data
   1   (0.226) 0.246 0.170 0.477 0.108 0.099 0.332 
   0   (0.774) 0.754 0.830 0.523 0.892 0.901 0.668 

Locus 7 : Mnov_gtseq_112 
2 alleles
0.9% missing data
   0   (0.604) 0.647 0.587 0.735 0.732 0.357 0.641 
   1   (0.396) 0.353 0.413 0.265 0.268 0.643 0.359 

Locus 8 : Mnov_gtseq_113 
2 alleles
2.0% missing data
   1   (0.711) 0.789 0.813 0.588 0.824 0.671 0.653 
   0   (0.289) 0.211 0.187 0.412 0.176 0.329 0.347 

Locus 9 : Mnov_gtseq_114 
3 alleles
4.3% missing data
   0   (0.508) 0.630 0.598 0.200 0.626 0.405 0.524 
   1   (0.462) 0.356 0.397 0.748 0.365 0.586 0.466 
   2   (0.031) 0.014 0.006 0.052 0.009 0.009 0.010 

Locus 10 : Mnov_gtseq_117 
2 alleles
26.9% missing data
   0   (0.641) 0.645 0.477 0.893 0.535 0.667 0.690 
   1   (0.359) 0.355 0.523 0.107 0.465 0.333 0.310 

Locus 11 : Mnov_gtseq_12 
2 alleles
0.3% missing data
   0   (0.457) 0.296 0.268 0.278 0.755 0.719 0.331 
   1   (0.543) 0.704 0.732 0.722 0.245 0.281 0.669 

Locus 12 : Mnov_gtseq_124 
4 alleles
5.1% missing data
   3   (0.721) 0.737 0.543 0.904 0.787 0.844 0.751 
   2   (0.216) 0.240 0.447 0.070 0.165 0.128 0.225 
   1   (0.034) 0.009 0.004 0.023 0.036 0.011 0.014 
   0   (0.028) 0.014 0.007 0.003 0.012 0.017 0.010 

Locus 13 : Mnov_gtseq_125 
3 alleles
1.7% missing data
   1   (0.229) 0.166 0.075 0.455 0.298 0.223 0.150 
   2   (0.668) 0.729 0.905 0.131 0.677 0.725 0.729 
   0   (0.104) 0.105 0.020 0.414 0.025 0.053 0.120 

Locus 14 : Mnov_gtseq_126 
2 alleles
0.0% missing data
   0   (0.353) 0.432 0.243 0.272 0.163 0.620 0.322 
   1   (0.647) 0.568 0.757 0.728 0.837 0.380 0.678 

Locus 15 : Mnov_gtseq_127 
2 alleles
6.9% missing data
   0   (0.626) 0.560 0.627 0.357 0.740 0.651 0.708 
   1   (0.374) 0.440 0.373 0.643 0.260 0.349 0.292 

Locus 16 : Mnov_gtseq_128 
2 alleles
30.9% missing data
   0   (0.681) 0.742 0.846 0.653 0.744 0.638 0.598 
   1   (0.319) 0.258 0.154 0.347 0.256 0.362 0.402 

Locus 17 : Mnov_gtseq_129 
3 alleles
2.0% missing data
   0   (0.512) 0.704 0.494 0.541 0.440 0.254 0.645 
   1   (0.317) 0.204 0.348 0.364 0.434 0.231 0.264 
   2   (0.172) 0.093 0.158 0.096 0.126 0.516 0.091 

Locus 18 : Mnov_gtseq_13 
3 alleles
0.0% missing data
   1   (0.407) 0.521 0.504 0.362 0.553 0.192 0.380 
   2   (0.176) 0.132 0.089 0.094 0.063 0.357 0.240 
   0   (0.417) 0.348 0.407 0.544 0.384 0.451 0.380 

Locus 19 : Mnov_gtseq_130 
2 alleles
28.6% missing data
   1   (0.503) 0.460 0.461 0.518 0.473 0.617 0.506 
   0   (0.497) 0.540 0.539 0.482 0.527 0.383 0.494 

Locus 20 : Mnov_gtseq_135 
2 alleles
0.6% missing data
   0   (0.467) 0.491 0.347 0.546 0.474 0.393 0.499 
   1   (0.533) 0.509 0.653 0.454 0.526 0.607 0.501 

Locus 21 : Mnov_gtseq_138 
3 alleles
0.6% missing data
   0   (0.262) 0.231 0.356 0.243 0.218 0.143 0.338 
   1   (0.511) 0.466 0.452 0.694 0.566 0.627 0.453 
   2   (0.227) 0.303 0.192 0.063 0.216 0.230 0.209 

Locus 22 : Mnov_gtseq_140 
2 alleles
1.1% missing data
   0   (0.460) 0.599 0.181 0.576 0.582 0.253 0.524 
   1   (0.540) 0.401 0.819 0.424 0.418 0.747 0.476 

Locus 23 : Mnov_gtseq_141 
2 alleles
0.3% missing data
   0   (0.550) 0.549 0.809 0.534 0.478 0.451 0.541 
   1   (0.450) 0.451 0.191 0.466 0.522 0.549 0.459 

Locus 24 : Mnov_gtseq_143 
2 alleles
2.6% missing data
   1   (0.539) 0.521 0.726 0.529 0.629 0.345 0.535 
   0   (0.461) 0.479 0.274 0.471 0.371 0.655 0.465 

Locus 25 : Mnov_gtseq_145 
2 alleles
2.0% missing data
   0   (0.461) 0.296 0.597 0.523 0.470 0.341 0.562 
   1   (0.539) 0.704 0.403 0.477 0.530 0.659 0.438 

Locus 26 : Mnov_gtseq_147 
3 alleles
25.4% missing data
   0   (0.768) 0.872 0.886 0.407 0.838 0.786 0.747 
   2   (0.148) 0.080 0.095 0.052 0.136 0.127 0.197 
   1   (0.084) 0.048 0.020 0.541 0.026 0.086 0.056 

Locus 27 : Mnov_gtseq_148 
3 alleles
9.1% missing data
   0   (0.304) 0.354 0.169 0.093 0.264 0.506 0.291 
   1   (0.445) 0.494 0.515 0.600 0.274 0.364 0.522 
   2   (0.251) 0.153 0.316 0.307 0.462 0.130 0.187 

Locus 28 : Mnov_gtseq_149 
2 alleles
0.3% missing data
   0   (0.598) 0.742 0.681 0.517 0.522 0.564 0.584 
   1   (0.402) 0.258 0.319 0.483 0.478 0.436 0.416 

Locus 29 : Mnov_gtseq_15 
2 alleles
0.0% missing data
   0   (0.495) 0.357 0.289 0.353 0.742 0.481 0.577 
   1   (0.505) 0.643 0.711 0.647 0.258 0.519 0.423 

Locus 30 : Mnov_gtseq_152 
2 alleles
0.9% missing data
   0   (0.353) 0.298 0.219 0.364 0.319 0.251 0.520 
   1   (0.647) 0.702 0.781 0.636 0.681 0.749 0.480 

Locus 31 : Mnov_gtseq_154 
3 alleles
3.4% missing data
   0   (0.336) 0.324 0.555 0.113 0.403 0.366 0.280 
   2   (0.224) 0.192 0.112 0.304 0.159 0.249 0.245 
   1   (0.439) 0.484 0.333 0.582 0.438 0.385 0.475 

Locus 32 : Mnov_gtseq_157 
2 alleles
0.6% missing data
   1   (0.550) 0.624 0.489 0.671 0.555 0.478 0.554 
   0   (0.450) 0.376 0.511 0.329 0.445 0.522 0.446 

Locus 33 : Mnov_gtseq_158 
2 alleles
0.6% missing data
   0   (0.402) 0.239 0.739 0.051 0.570 0.375 0.460 
   1   (0.598) 0.761 0.261 0.949 0.430 0.625 0.540 

Locus 34 : Mnov_gtseq_159 
3 alleles
24.0% missing data
   0   (0.586) 0.732 0.682 0.331 0.692 0.562 0.536 
   1   (0.200) 0.105 0.236 0.480 0.095 0.178 0.229 
   2   (0.215) 0.164 0.082 0.189 0.213 0.260 0.235 

Locus 35 : Mnov_gtseq_16 
2 alleles
0.0% missing data
   0   (0.635) 0.609 0.543 0.564 0.786 0.712 0.610 
   1   (0.365) 0.391 0.457 0.436 0.214 0.288 0.390 

Locus 36 : Mnov_gtseq_160 
2 alleles
2.3% missing data
   0   (0.487) 0.584 0.612 0.351 0.496 0.435 0.418 
   1   (0.513) 0.416 0.388 0.649 0.504 0.565 0.582 

Locus 37 : Mnov_gtseq_161 
2 alleles
1.7% missing data
   1   (0.748) 0.700 0.748 0.848 0.843 0.750 0.772 
   0   (0.252) 0.300 0.252 0.152 0.157 0.250 0.228 

Locus 38 : Mnov_gtseq_167 
3 alleles
1.1% missing data
   2   (0.742) 0.764 0.521 0.832 0.859 0.879 0.681 
   0   (0.186) 0.090 0.464 0.118 0.097 0.099 0.274 
   1   (0.072) 0.146 0.015 0.050 0.044 0.022 0.045 

Locus 39 : Mnov_gtseq_17 
2 alleles
0.3% missing data
   0   (0.540) 0.492 0.521 0.377 0.516 0.571 0.653 
   1   (0.460) 0.508 0.479 0.623 0.484 0.429 0.347 

Locus 40 : Mnov_gtseq_170 
2 alleles
0.0% missing data
   0   (0.325) 0.341 0.195 0.168 0.312 0.289 0.421 
   1   (0.675) 0.659 0.805 0.832 0.688 0.711 0.579 

Locus 41 : Mnov_gtseq_171 
3 alleles
41.4% missing data
   2   (0.590) 0.599 0.619 0.647 0.555 0.711 0.567 
   0   (0.315) 0.346 0.304 0.219 0.414 0.215 0.323 
   1   (0.095) 0.055 0.077 0.133 0.030 0.073 0.110 

Locus 42 : Mnov_gtseq_173 
4 alleles
21.4% missing data
   3   (0.427) 0.525 0.180 0.605 0.262 0.682 0.391 
   1   (0.500) 0.446 0.808 0.183 0.715 0.274 0.578 
   2   (0.057) 0.025 0.010 0.211 0.019 0.042 0.026 
   0   (0.017) 0.004 0.001 0.001 0.004 0.003 0.005 

Locus 43 : Mnov_gtseq_174 
2 alleles
2.6% missing data
   0   (0.264) 0.169 0.405 0.591 0.126 0.279 0.208 
   1   (0.736) 0.831 0.595 0.409 0.874 0.721 0.792 

Locus 44 : Mnov_gtseq_180 
3 alleles
14.3% missing data
   1   (0.625) 0.707 0.624 0.949 0.726 0.319 0.562 
   2   (0.285) 0.249 0.294 0.043 0.175 0.630 0.323 
   0   (0.091) 0.044 0.082 0.008 0.099 0.051 0.115 

Locus 45 : Mnov_gtseq_182 
2 alleles
8.6% missing data
   0   (0.832) 0.915 0.730 0.816 0.662 0.943 0.898 
   1   (0.168) 0.085 0.270 0.184 0.338 0.057 0.102 

Locus 46 : Mnov_gtseq_186 
3 alleles
28.0% missing data
   1   (0.467) 0.452 0.478 0.483 0.550 0.462 0.467 
   2   (0.094) 0.064 0.077 0.013 0.046 0.102 0.111 
   0   (0.438) 0.483 0.445 0.504 0.404 0.436 0.423 

Locus 47 : Mnov_gtseq_187 
2 alleles
7.1% missing data
   1   (0.587) 0.529 0.387 0.801 0.697 0.561 0.601 
   0   (0.413) 0.471 0.613 0.199 0.303 0.439 0.399 

Locus 48 : Mnov_gtseq_188 
2 alleles
13.4% missing data
   0   (0.562) 0.385 0.458 0.726 0.501 0.812 0.532 
   1   (0.438) 0.615 0.542 0.274 0.499 0.188 0.468 

Locus 49 : Mnov_gtseq_189 
2 alleles
3.7% missing data
   0   (0.449) 0.414 0.611 0.444 0.463 0.194 0.594 
   1   (0.551) 0.586 0.389 0.556 0.537 0.806 0.406 

Locus 50 : Mnov_gtseq_19 
3 alleles
0.0% missing data
   1   (0.860) 0.900 0.875 0.693 0.950 0.805 0.890 
   2   (0.087) 0.086 0.115 0.021 0.042 0.030 0.094 
   0   (0.053) 0.014 0.010 0.285 0.007 0.165 0.016 

Locus 51 : Mnov_gtseq_190 
2 alleles
0.0% missing data
   1   (0.437) 0.564 0.362 0.262 0.360 0.367 0.515 
   0   (0.563) 0.436 0.638 0.738 0.640 0.633 0.485 

Locus 52 : Mnov_gtseq_192 
2 alleles
20.9% missing data
   0   (0.819) 0.801 0.879 0.801 0.728 0.896 0.891 
   1   (0.181) 0.199 0.121 0.199 0.272 0.104 0.109 

Locus 53 : Mnov_gtseq_193 
2 alleles
0.0% missing data
   0   (0.713) 0.817 0.654 0.784 0.823 0.553 0.711 
   1   (0.287) 0.183 0.346 0.216 0.177 0.447 0.289 

Locus 54 : Mnov_gtseq_195 
3 alleles
0.0% missing data
   1   (0.547) 0.558 0.427 0.517 0.511 0.742 0.547 
   2   (0.422) 0.430 0.568 0.481 0.482 0.246 0.424 
   0   (0.030) 0.012 0.005 0.002 0.007 0.012 0.029 

Locus 55 : Mnov_gtseq_196 
2 alleles
0.3% missing data
   0   (0.314) 0.257 0.417 0.104 0.370 0.528 0.204 
   1   (0.686) 0.743 0.583 0.896 0.630 0.472 0.796 

Locus 56 : Mnov_gtseq_197 
3 alleles
0.3% missing data
   1   (0.379) 0.396 0.554 0.297 0.312 0.394 0.282 
   0   (0.441) 0.472 0.378 0.656 0.596 0.228 0.425 
   2   (0.180) 0.132 0.068 0.047 0.091 0.378 0.293 

Locus 57 : Mnov_gtseq_2 
3 alleles
0.3% missing data
   0   (0.185) 0.376 0.066 0.221 0.100 0.122 0.197 
   2   (0.771) 0.606 0.927 0.775 0.885 0.730 0.785 
   1   (0.044) 0.018 0.008 0.004 0.014 0.148 0.019 

Locus 58 : Mnov_gtseq_200 
2 alleles
2.3% missing data
   0   (0.422) 0.421 0.353 0.718 0.315 0.253 0.523 
   1   (0.578) 0.579 0.647 0.282 0.685 0.747 0.477 

Locus 59 : Mnov_gtseq_201 
4 alleles
0.0% missing data
   0   (0.583) 0.706 0.411 0.566 0.455 0.770 0.633 
   2   (0.155) 0.122 0.080 0.252 0.186 0.059 0.157 
   3   (0.157) 0.125 0.040 0.164 0.294 0.091 0.128 
   1   (0.105) 0.047 0.469 0.018 0.064 0.079 0.082 

Locus 60 : Mnov_gtseq_202 
2 alleles
0.0% missing data
   0   (0.424) 0.428 0.460 0.604 0.434 0.262 0.420 
   1   (0.576) 0.572 0.540 0.396 0.566 0.738 0.580 

Locus 61 : Mnov_gtseq_204 
2 alleles
3.4% missing data
   0   (0.425) 0.284 0.578 0.679 0.432 0.477 0.310 
   1   (0.575) 0.716 0.422 0.321 0.568 0.523 0.690 

Locus 62 : Mnov_gtseq_205 
5 alleles
0.0% missing data
   0   (0.207) 0.136 0.069 0.240 0.491 0.190 0.150 
   4   (0.042) 0.023 0.007 0.185 0.008 0.011 0.026 
   3   (0.663) 0.805 0.891 0.493 0.473 0.732 0.773 
   1   (0.066) 0.030 0.023 0.080 0.021 0.063 0.045 
   2   (0.022) 0.006 0.010 0.002 0.007 0.004 0.005 

Locus 63 : Mnov_gtseq_208 
2 alleles
0.0% missing data
   0   (0.642) 0.664 0.837 0.282 0.632 0.592 0.718 
   1   (0.358) 0.336 0.163 0.718 0.368 0.408 0.282 

Locus 64 : Mnov_gtseq_209 
3 alleles
0.0% missing data
   0   (0.462) 0.528 0.274 0.547 0.618 0.282 0.518 
   2   (0.489) 0.450 0.718 0.272 0.374 0.694 0.453 
   1   (0.048) 0.022 0.008 0.182 0.008 0.024 0.029 

Locus 65 : Mnov_gtseq_21 
2 alleles
0.0% missing data
   1   (0.520) 0.421 0.786 0.315 0.514 0.607 0.475 
   0   (0.480) 0.579 0.214 0.685 0.486 0.393 0.525 

Locus 66 : Mnov_gtseq_210 
2 alleles
4.6% missing data
   0   (0.367) 0.229 0.538 0.249 0.655 0.325 0.227 
   1   (0.633) 0.771 0.462 0.751 0.345 0.675 0.773 

Locus 67 : Mnov_gtseq_211 
2 alleles
1.1% missing data
   0   (0.411) 0.489 0.525 0.235 0.427 0.364 0.353 
   1   (0.589) 0.511 0.475 0.765 0.573 0.636 0.647 

Locus 68 : Mnov_gtseq_213 
2 alleles
5.4% missing data
   0   (0.499) 0.537 0.651 0.340 0.601 0.461 0.395 
   1   (0.501) 0.463 0.349 0.660 0.399 0.539 0.605 

Locus 69 : Mnov_gtseq_214 
2 alleles
5.1% missing data
   0   (0.538) 0.727 0.552 0.800 0.437 0.329 0.512 
   1   (0.462) 0.273 0.448 0.200 0.563 0.671 0.488 

Locus 70 : Mnov_gtseq_215 
2 alleles
0.0% missing data
   0   (0.476) 0.444 0.386 0.522 0.377 0.322 0.684 
   1   (0.524) 0.556 0.614 0.478 0.623 0.678 0.316 

Locus 71 : Mnov_gtseq_216 
3 alleles
0.0% missing data
   2   (0.535) 0.533 0.378 0.691 0.436 0.590 0.642 
   1   (0.439) 0.459 0.619 0.305 0.561 0.368 0.350 
   0   (0.026) 0.007 0.003 0.004 0.004 0.042 0.008 

Locus 72 : Mnov_gtseq_217 
2 alleles
23.7% missing data
   0   (0.315) 0.331 0.165 0.138 0.516 0.233 0.340 
   1   (0.685) 0.669 0.835 0.862 0.484 0.767 0.660 

Locus 73 : Mnov_gtseq_218 
2 alleles
0.6% missing data
   0   (0.606) 0.649 0.532 0.863 0.367 0.772 0.557 
   1   (0.394) 0.351 0.468 0.137 0.633 0.228 0.443 

Locus 74 : Mnov_gtseq_22 
4 alleles
3.4% missing data
   2   (0.505) 0.544 0.585 0.801 0.405 0.395 0.586 
   0   (0.227) 0.207 0.127 0.129 0.359 0.220 0.195 
   1   (0.201) 0.226 0.264 0.062 0.151 0.252 0.190 
   3   (0.066) 0.023 0.023 0.008 0.085 0.133 0.030 

Locus 75 : Mnov_gtseq_220 
3 alleles
0.0% missing data
   0   (0.506) 0.538 0.584 0.716 0.439 0.587 0.390 
   1   (0.443) 0.445 0.405 0.263 0.551 0.301 0.565 
   2   (0.051) 0.016 0.011 0.021 0.010 0.113 0.045 

Locus 76 : Mnov_gtseq_223 
2 alleles
2.6% missing data
   0   (0.642) 0.455 0.758 0.662 0.804 0.638 0.626 
   1   (0.358) 0.545 0.242 0.338 0.196 0.362 0.374 

Locus 77 : Mnov_gtseq_224 
3 alleles
0.6% missing data
   0   (0.238) 0.170 0.281 0.298 0.122 0.286 0.236 
   1   (0.713) 0.817 0.701 0.697 0.858 0.693 0.654 
   2   (0.049) 0.014 0.018 0.005 0.020 0.021 0.110 

Locus 78 : Mnov_gtseq_225 
2 alleles
0.0% missing data
   0   (0.504) 0.560 0.667 0.525 0.639 0.288 0.419 
   1   (0.496) 0.440 0.333 0.475 0.361 0.712 0.581 

Locus 79 : Mnov_gtseq_227 
2 alleles
0.3% missing data
   0   (0.522) 0.507 0.516 0.712 0.333 0.664 0.512 
   1   (0.478) 0.493 0.484 0.288 0.667 0.336 0.488 

Locus 80 : Mnov_gtseq_229 
2 alleles
0.9% missing data
   1   (0.531) 0.468 0.768 0.698 0.370 0.601 0.438 
   0   (0.469) 0.532 0.232 0.302 0.630 0.399 0.562 

Locus 81 : Mnov_gtseq_232 
2 alleles
0.0% missing data
   0   (0.475) 0.496 0.531 0.772 0.401 0.342 0.445 
