

----------------------------------------------------
STRUCTURE by Pritchard, Stephens and Donnelly (2000)
     and Falush, Stephens and Pritchard (2003)
       Code by Pritchard, Falush and Hubisz
             Version 2.3.4 (Jul 2012)
----------------------------------------------------



Command line arguments:   structure -m wint.area.structureRun/wint.area.structureRun.k3.r4_mainparams -e wint.area.structureRun/wint.area.structureRun.k3.r4_extraparams -i wint.area.structureRun/wint.area.structureRun.k3.r4_data -o wint.area.structureRun/wint.area.structureRun.k3.r4_out 
Input File:    wint.area.structureRun/wint.area.structureRun.k3.r4_data

Run parameters:
   350 individuals
   298 loci
   3 populations assumed
   1000 Burn-in period
   10000 Reps


--------------------------------------------
Proportion of membership of each pre-defined
 population in each of the 3 clusters

Given    Inferred Clusters       Number of
 Pop       1      2      3      Individuals

  1:     0.518  0.165  0.318       77
  2:     0.201  0.564  0.236      124
  3:     0.400  0.248  0.352      113
  4:     0.296  0.387  0.317       27
  5:     0.084  0.082  0.834        9
--------------------------------------------

Allele-freq. divergence among pops (Net nucleotide distance),
computed using point estimates of P.

      1       2       3      
 1      -    0.0252  0.0111  
 2   0.0252     -    0.0197  
 3   0.0111  0.0197     -    

Average distances (expected heterozygosity) between individuals in same cluster:
cluster  1  : 0.4478 
cluster  2  : 0.4341 
cluster  3  : 0.4473 

--------------------------------------------
Estimated Ln Prob of Data   = -135785.6
Mean value of ln likelihood = -135115.7
Variance of ln likelihood   = 1339.7
Mean value of alpha         = 1.0000

Mean value of Fst_1         = 0.0534
Mean value of Fst_2         = 0.0922
Mean value of Fst_3         = 0.0278


Inferred ancestry of individuals:
        Label (%Miss) Pop:  Inferred clusters
  1   207778    (1)    2 :  0.254 0.637 0.108 
  2 z0005757    (7)    3 :  0.488 0.208 0.304 
  3 z0005758    (0)    3 :  0.487 0.213 0.300 
  4 z0011944    (0)    1 :  0.041 0.131 0.827 
  5 z0012702    (8)    4 :  0.074 0.788 0.138 
  6 z0016577    (1)    3 :  0.467 0.343 0.190 
  7 z0016578   (20)    1 :  0.629 0.103 0.267 
  8 z0016579    (1)    3 :  0.257 0.233 0.510 
  9 z0018264    (0)    1 :  0.077 0.123 0.800 
 10 z0029828    (2)    3 :  0.666 0.183 0.151 
 11 z0029829   (13)    1 :  0.787 0.112 0.101 
 12 z0029846    (0)    1 :  0.489 0.299 0.212 
 13 z0029860    (0)    3 :  0.627 0.232 0.141 
 14 z0029863    (1)    1 :  0.157 0.154 0.689 
 15 z0029864    (8)    1 :  0.246 0.166 0.587 
 16 z0029865   (12)    3 :  0.645 0.093 0.262 
 17 z0037607    (1)    3 :  0.116 0.281 0.602 
 18 z0037609   (23)    3 :  0.400 0.182 0.418 
 19 z0037624   (20)    1 :  0.500 0.238 0.261 
 20 z0038417    (7)    2 :  0.098 0.722 0.180 
 21 z0040275    (8)    2 :  0.108 0.660 0.232 
 22 z0040287    (3)    2 :  0.281 0.338 0.381 
 23 z0040308    (0)    2 :  0.188 0.701 0.111 
 24 z0040333    (1)    2 :  0.232 0.620 0.148 
 25 z0040334    (1)    2 :  0.074 0.827 0.099 
 26 z0040337    (4)    2 :  0.178 0.426 0.396 
 27 z0040345    (1)    2 :  0.097 0.741 0.163 
 28 z0040357    (5)    2 :  0.207 0.577 0.216 
 29 z0040363   (19)    2 :  0.166 0.576 0.257 
 30 z0040364    (0)    2 :  0.091 0.815 0.094 
 31 z0040387    (0)    2 :  0.201 0.580 0.219 
 32 z0040403   (15)    2 :  0.259 0.474 0.267 
 33 z0040439    (0)    2 :  0.057 0.789 0.154 
 34 z0040465   (20)    2 :  0.311 0.530 0.159 
 35 z0040513   (24)    3 :  0.414 0.325 0.261 
 36 z0040961   (11)    2 :  0.178 0.450 0.373 
 37 z0040985   (14)    2 :  0.246 0.396 0.358 
 38 z0041026    (0)    2 :  0.252 0.570 0.178 
 39 z0041051   (30)    2 :  0.094 0.546 0.360 
 40 z0041115    (7)    2 :  0.325 0.574 0.101 
 41 z0041153   (23)    2 :  0.225 0.439 0.336 
 42 z0041233    (3)    2 :  0.339 0.509 0.152 
 43 z0041243    (0)    2 :  0.202 0.552 0.245 
 44 z0041248    (5)    2 :  0.128 0.615 0.257 
 45 z0041250    (1)    2 :  0.098 0.737 0.165 
 46 z0041274    (1)    2 :  0.269 0.387 0.344 
 47 z0041465   (16)    2 :  0.370 0.571 0.059 
 48 z0041472    (2)    2 :  0.320 0.552 0.129 
 49 z0041480    (9)    2 :  0.325 0.520 0.155 
 50 z0041483    (0)    2 :  0.179 0.725 0.097 
 51 z0041494   (12)    2 :  0.129 0.659 0.213 
 52 z0041498    (1)    2 :  0.181 0.621 0.199 
 53 z0041501    (1)    2 :  0.082 0.751 0.167 
 54 z0041507    (6)    2 :  0.128 0.624 0.248 
 55 z0041512    (0)    2 :  0.105 0.764 0.131 
 56 z0041522   (15)    2 :  0.157 0.572 0.271 
 57 z0041526    (0)    3 :  0.208 0.720 0.072 
 58 z0041527   (14)    2 :  0.351 0.536 0.113 
 59 z0043243    (1)    2 :  0.317 0.183 0.500 
 60 z0043278    (0)    2 :  0.099 0.646 0.256 
 61 z0043475   (16)    3 :  0.223 0.470 0.307 
 62 z0043477    (0)    2 :  0.212 0.497 0.290 
 63 z0043478    (2)    2 :  0.114 0.753 0.134 
 64 z0043481    (0)    2 :  0.119 0.707 0.174 
 65 z0043489    (5)    2 :  0.078 0.688 0.234 
 66 z0043491   (12)    2 :  0.201 0.430 0.369 
 67 z0043493    (2)    2 :  0.220 0.373 0.406 
 68 z0043494    (1)    2 :  0.245 0.577 0.178 
 69 z0043498    (1)    2 :  0.110 0.767 0.122 
 70 z0043504    (7)    2 :  0.181 0.439 0.380 
 71 z0043526    (3)    4 :  0.144 0.388 0.468 
 72 z0043566    (2)    2 :  0.150 0.692 0.158 
 73 z0043572    (0)    2 :  0.164 0.684 0.152 
 74 z0043599    (2)    2 :  0.300 0.509 0.191 
 75 z0043642    (0)    2 :  0.211 0.629 0.161 
 76 z0043649    (1)    2 :  0.150 0.745 0.105 
 77 z0043652    (1)    2 :  0.337 0.270 0.393 
 78 z0043668    (0)    2 :  0.283 0.494 0.222 
 79 z0043674    (0)    4 :  0.707 0.092 0.201 
 80 z0043686    (1)    2 :  0.174 0.564 0.262 
 81 z0043693    (1)    2 :  0.251 0.549 0.200 
 82 z0043704   (14)    2 :  0.081 0.827 0.092 
 83 z0043807    (1)    2 :  0.167 0.541 0.292 
 84 z0043819    (0)    2 :  0.226 0.256 0.517 
 85 z0043876    (7)    2 :  0.472 0.360 0.168 
 86 z0043877   (32)    2 :  0.331 0.465 0.203 
 87 z0043891   (21)    4 :  0.222 0.395 0.384 
 88 z0043915   (31)    2 :  0.198 0.395 0.406 
 89 z0043940   (10)    2 :  0.329 0.136 0.535 
 90 z0043954    (1)    2 :  0.266 0.339 0.394 
 91 z0043966    (5)    2 :  0.135 0.694 0.171 
 92 z0043980    (1)    2 :  0.281 0.471 0.248 
 93 z0044017   (11)    2 :  0.156 0.631 0.213 
 94 z0044019   (14)    2 :  0.264 0.484 0.252 
 95 z0044023   (35)    2 :  0.101 0.806 0.093 
 96 z0044033    (0)    2 :  0.066 0.887 0.047 
 97 z0044042    (3)    2 :  0.092 0.804 0.104 
 98 z0044047   (24)    2 :  0.143 0.720 0.137 
 99 z0044064   (13)    2 :  0.139 0.632 0.229 
100 z0044432   (14)    2 :  0.248 0.310 0.442 
101 z0045326    (0)    3 :  0.582 0.239 0.178 
102 z0045331    (5)    1 :  0.470 0.256 0.274 
103 z0045332    (1)    1 :  0.359 0.186 0.456 
104 z0045333    (6)    1 :  0.602 0.108 0.290 
105 z0045337    (4)    1 :  0.728 0.108 0.164 
106 z0045342   (12)    1 :  0.526 0.249 0.225 
107 z0045347    (1)    3 :  0.267 0.192 0.540 
108 z0045350    (0)    1 :  0.390 0.151 0.459 
109 z0045370    (0)    1 :  0.850 0.052 0.098 
110 z0045371    (1)    3 :  0.372 0.262 0.366 
111 z0045398    (1)    3 :  0.515 0.046 0.439 
112 z0045399    (1)    3 :  0.261 0.097 0.642 
113 z0045401   (23)    1 :  0.498 0.244 0.259 
114 z0045404    (0)    3 :  0.697 0.129 0.173 
115 z0045405    (4)    3 :  0.317 0.192 0.491 
116 z0045407    (1)    3 :  0.201 0.202 0.597 
117 z0045719    (0)    2 :  0.123 0.588 0.289 
118 z0045720    (1)    2 :  0.342 0.280 0.377 
119 z0045728    (0)    2 :  0.197 0.629 0.174 
120 z0045731    (0)    2 :  0.186 0.449 0.366 
121 z0045733    (0)    2 :  0.393 0.354 0.253 
122 z0045736    (1)    2 :  0.324 0.448 0.228 
123 z0045739    (1)    2 :  0.280 0.285 0.435 
124 z0045740    (1)    2 :  0.118 0.718 0.164 
125 z0045741    (0)    2 :  0.157 0.560 0.282 
126 z0045742    (0)    2 :  0.260 0.621 0.118 
127 z0045776    (0)    3 :  0.252 0.405 0.344 
128 z0045779    (0)    2 :  0.153 0.777 0.069 
129 z0045781    (0)    2 :  0.136 0.640 0.224 
130 z0045788    (5)    2 :  0.060 0.825 0.115 
131 z0045789    (2)    2 :  0.091 0.717 0.192 
132 z0045791    (4)    2 :  0.145 0.656 0.198 
133 z0045792   (22)    1 :  0.340 0.290 0.369 
134 z0045793    (0)    3 :  0.620 0.252 0.129 
135 z0047562   (14)    2 :  0.215 0.612 0.173 
136 z0047854    (1)    2 :  0.200 0.637 0.163 
137 z0051185    (0)    1 :  0.544 0.105 0.350 
138 z0051324    (0)    1 :  0.580 0.146 0.274 
139 z0051327    (3)    3 :  0.390 0.376 0.234 
140 z0051328    (1)    1 :  0.564 0.246 0.190 
141 z0051380    (0)    1 :  0.785 0.040 0.175 
142 z0051400    (0)    3 :  0.506 0.297 0.197 
143 z0051431   (21)    3 :  0.350 0.441 0.209 
144 z0051840   (33)    2 :  0.186 0.569 0.245 
145 z0051844   (27)    2 :  0.176 0.510 0.314 
146 z0051875   (28)    3 :  0.528 0.201 0.271 
147 z0051885    (7)    3 :  0.181 0.576 0.243 
148 z0051888    (0)    2 :  0.245 0.608 0.147 
149 z0051891    (0)    1 :  0.365 0.265 0.370 
150 z0051893    (2)    1 :  0.563 0.186 0.251 
151 z0051895    (0)    3 :  0.629 0.141 0.230 
152 z0051918    (0)    3 :  0.111 0.409 0.480 
153 z0051929    (1)    1 :  0.710 0.145 0.144 
154 z0051939   (11)    3 :  0.268 0.408 0.324 
155 z0051947    (3)    1 :  0.573 0.160 0.267 
156 z0051959    (1)    3 :  0.185 0.248 0.566 
157 z0052846    (0)    4 :  0.406 0.296 0.298 
158 z0052882    (1)    2 :  0.273 0.415 0.312 
159 z0053020   (20)    2 :  0.186 0.552 0.262 
160 z0053024   (12)    2 :  0.310 0.399 0.291 
161 z0053025    (3)    2 :  0.071 0.837 0.092 
162 z0053031    (0)    2 :  0.323 0.288 0.389 
163 z0053032    (0)    2 :  0.158 0.471 0.371 
164 z0053040    (5)    2 :  0.258 0.503 0.239 
165 z0053051    (0)    3 :  0.286 0.132 0.582 
166 z0053054    (5)    3 :  0.472 0.161 0.367 
167 z0053071    (2)    2 :  0.126 0.772 0.102 
168 z0053073    (1)    2 :  0.270 0.239 0.492 
169 z0053078    (0)    3 :  0.078 0.499 0.422 
170 z0053082    (1)    3 :  0.244 0.578 0.178 
171 z0053083   (12)    2 :  0.260 0.519 0.222 
172 z0053090   (10)    3 :  0.126 0.637 0.236 
173 z0053096    (0)    2 :  0.051 0.784 0.165 
174 z0053100    (6)    2 :  0.127 0.688 0.185 
175 z0053101    (0)    2 :  0.123 0.510 0.366 
176 z0053102    (8)    2 :  0.141 0.714 0.145 
177 z0053103    (0)    2 :  0.104 0.811 0.085 
178 z0053111    (2)    3 :  0.282 0.252 0.467 
179 z0053131    (0)    2 :  0.347 0.496 0.157 
180 z0053132    (0)    2 :  0.082 0.415 0.503 
181 z0053133    (0)    2 :  0.297 0.279 0.424 
182 z0053138    (0)    2 :  0.354 0.437 0.209 
183 z0053142    (2)    2 :  0.335 0.404 0.261 
184 z0053149    (0)    2 :  0.146 0.620 0.234 
185 z0053754    (1)    1 :  0.257 0.207 0.536 
186 z0053756    (1)    1 :  0.174 0.096 0.729 
187 z0053758   (17)    1 :  0.729 0.147 0.124 
188 z0053759    (0)    1 :  0.534 0.109 0.357 
189 z0053842    (1)    1 :  0.467 0.234 0.298 
190 z0053843    (6)    1 :  0.708 0.105 0.187 
191 z0053844    (7)    1 :  0.523 0.211 0.266 
192 z0053846    (2)    1 :  0.758 0.113 0.128 
193 z0053847    (0)    1 :  0.374 0.223 0.403 
194 z0053849    (1)    1 :  0.323 0.142 0.535 
195 z0055903    (1)    4 :  0.403 0.200 0.397 
196 z0055910   (34)    4 :  0.251 0.341 0.409 
197 z0055912    (7)    4 :  0.141 0.339 0.520 
198 z0055916   (15)    4 :  0.308 0.306 0.386 
199 z0055931    (2)    4 :  0.130 0.704 0.165 
200 z0055944    (3)    4 :  0.475 0.291 0.234 
201 z0055947    (9)    4 :  0.406 0.329 0.265 
202 z0055962    (6)    4 :  0.197 0.582 0.220 
203 z0055963   (21)    4 :  0.181 0.561 0.258 
204 z0055965   (25)    4 :  0.153 0.092 0.755 
205 z0055970   (15)    4 :  0.282 0.450 0.268 
206 z0055971    (7)    4 :  0.300 0.352 0.348 
207 z0055977    (6)    4 :  0.195 0.546 0.259 
208 z0055986   (19)    4 :  0.536 0.187 0.277 
209 z0055990    (6)    4 :  0.189 0.650 0.161 
210 z0055996    (2)    4 :  0.380 0.470 0.150 
211 z0055997    (3)    4 :  0.356 0.423 0.221 
212 z0055998    (4)    4 :  0.211 0.191 0.597 
213 z0055999    (2)    4 :  0.522 0.182 0.295 
214 z0056011    (7)    4 :  0.290 0.298 0.412 
215 z0056029    (4)    4 :  0.339 0.464 0.197 
216 z0056034    (0)    4 :  0.198 0.526 0.276 
217 z0056056   (25)    3 :  0.542 0.242 0.216 
218 z0056058    (5)    3 :  0.853 0.050 0.097 
219 z0056059    (8)    3 :  0.341 0.297 0.361 
220 z0056062    (1)    3 :  0.269 0.223 0.508 
221 z0056063    (4)    3 :  0.418 0.149 0.433 
222 z0056064    (0)    3 :  0.196 0.170 0.633 
223 z0056065    (0)    3 :  0.492 0.117 0.390 
224 z0056073    (0)    3 :  0.586 0.174 0.240 
225 z0056076    (4)    3 :  0.182 0.220 0.598 
226 z0056079    (9)    3 :  0.417 0.129 0.454 
227 z0056085    (0)    3 :  0.384 0.199 0.418 
228 z0056092    (1)    3 :  0.303 0.098 0.599 
229 z0056095    (1)    3 :  0.380 0.114 0.506 
230 z0056103    (7)    3 :  0.567 0.071 0.362 
231 z0056374    (7)    1 :  0.794 0.067 0.139 
232 z0056375    (0)    1 :  0.695 0.111 0.194 
233 z0056377    (0)    1 :  0.392 0.197 0.412 
234 z0056378    (0)    1 :  0.651 0.169 0.180 
235 z0056382    (0)    1 :  0.663 0.113 0.224 
236 z0056384    (3)    1 :  0.342 0.139 0.518 
237 z0056386    (7)    1 :  0.665 0.095 0.241 
238 z0056389    (0)    1 :  0.797 0.099 0.104 
239 z0056391    (1)    1 :  0.900 0.035 0.065 
240 z0056392   (11)    1 :  0.740 0.090 0.169 
241 z0056393    (8)    1 :  0.657 0.192 0.151 
242 z0056394    (0)    1 :  0.710 0.146 0.144 
243 z0056395    (1)    1 :  0.352 0.222 0.426 
244 z0056397    (0)    1 :  0.216 0.288 0.496 
245 z0061527    (2)    3 :  0.147 0.707 0.146 
246 z0061967    (1)    3 :  0.367 0.277 0.356 
247 z0061969    (0)    3 :  0.376 0.512 0.112 
248 z0061980    (1)    1 :  0.449 0.175 0.376 
249 z0066166    (3)    3 :  0.528 0.335 0.137 
250 z0066792    (2)    1 :  0.080 0.147 0.773 
251 z0066805    (1)    1 :  0.073 0.097 0.830 
252 z0068471    (2)    3 :  0.414 0.160 0.426 
253 z0075696    (6)    5 :  0.060 0.071 0.868 
254 z0101084    (7)    1 :  0.735 0.125 0.140 
255 z0107099    (2)    3 :  0.759 0.057 0.184 
256 z0107101    (0)    1 :  0.872 0.066 0.062 
257 z0108489    (0)    1 :  0.311 0.208 0.482 
258 z0108513    (0)    1 :  0.726 0.150 0.124 
259 z0108528    (0)    3 :  0.483 0.351 0.165 
260 z0113628    (1)    3 :  0.177 0.298 0.525 
261 z0133302   (16)    1 :  0.381 0.200 0.420 
262 z0173485    (1)    1 :  0.209 0.444 0.347 
263 z0175371    (1)    3 :  0.189 0.345 0.466 
264 z0175378    (0)    2 :  0.154 0.751 0.095 
265 z0175912    (0)    1 :  0.616 0.186 0.198 
266 z0175916    (1)    1 :  0.253 0.396 0.351 
267 z0175937    (1)    1 :  0.643 0.121 0.236 
268 z0178348   (12)    1 :  0.634 0.162 0.204 
269 z0187819    (7)    3 :  0.582 0.173 0.245 
270 z0187857    (1)    1 :  0.741 0.172 0.087 
271 z0187860    (0)    1 :  0.453 0.266 0.280 
272 z0187885    (0)    2 :  0.091 0.489 0.420 
273 z0187906    (9)    1 :  0.196 0.225 0.580 
274 z0195655    (0)    2 :  0.098 0.822 0.079 
275 z0195663    (0)    3 :  0.127 0.593 0.280 
276 z0195683    (1)    3 :  0.649 0.136 0.215 
277 z0195688    (0)    2 :  0.249 0.429 0.321 
278 z0195691    (0)    3 :  0.207 0.255 0.538 
279 z0195699    (0)    3 :  0.532 0.280 0.187 
280 z0195701    (7)    3 :  0.521 0.122 0.357 
281 z0195702    (0)    3 :  0.216 0.329 0.456 
282 z0195704    (0)    3 :  0.465 0.319 0.216 
283 z0195705    (0)    3 :  0.117 0.743 0.140 
284 z0195711    (0)    3 :  0.249 0.166 0.585 
285 z0195716    (0)    3 :  0.241 0.175 0.584 
286 z0195718   (12)    3 :  0.560 0.081 0.359 
287 z0195725    (5)    3 :  0.401 0.433 0.165 
288 z0195726   (16)    1 :  0.349 0.124 0.527 
289 z0195728   (14)    3 :  0.780 0.057 0.163 
290 z0195732   (16)    3 :  0.638 0.071 0.291 
291 z0195737    (0)    3 :  0.243 0.504 0.252 
292 z0195740   (26)    3 :  0.259 0.274 0.467 
293 z0195751    (1)    3 :  0.701 0.096 0.203 
294 z0195762    (1)    3 :  0.196 0.083 0.721 
295 z0195784    (0)    3 :  0.478 0.105 0.418 
296 z0196686    (0)    5 :  0.044 0.046 0.910 
297 z0196687    (0)    5 :  0.072 0.156 0.773 
298 z0196689    (0)    5 :  0.058 0.129 0.812 
299 z0196690    (2)    5 :  0.136 0.059 0.805 
300 z0196691    (7)    5 :  0.097 0.055 0.848 
301 z0196692    (1)    5 :  0.109 0.091 0.800 
302 z0196693    (1)    5 :  0.095 0.067 0.838 
303 z0196694    (1)    5 :  0.087 0.062 0.851 
304 z0196710    (0)    3 :  0.205 0.197 0.599 
305 z0196715   (22)    3 :  0.686 0.101 0.213 
306 z0196719    (0)    3 :  0.480 0.233 0.287 
307 z0196724   (20)    3 :  0.550 0.242 0.208 
308 z0196725    (0)    3 :  0.548 0.129 0.322 
309 z0196729    (1)    3 :  0.423 0.143 0.434 
310 z0196730    (3)    1 :  0.640 0.178 0.182 
311 z0196731    (0)    3 :  0.597 0.143 0.260 
312 z0196733   (13)    1 :  0.508 0.165 0.327 
313 z0196734    (1)    3 :  0.362 0.303 0.336 
314 z0196739   (17)    3 :  0.384 0.416 0.199 
315 z0196740   (11)    3 :  0.317 0.123 0.561 
316 z0196746    (1)    1 :  0.686 0.089 0.224 
317 z0196751    (0)    3 :  0.359 0.161 0.480 
318 z0196752    (0)    3 :  0.093 0.048 0.859 
319 z0196754    (0)    3 :  0.628 0.252 0.119 
320 z0196758    (1)    1 :  0.497 0.185 0.318 
321 z0196763    (1)    3 :  0.392 0.225 0.382 
322 z0196764    (0)    3 :  0.545 0.105 0.349 
323 z0196766    (0)    3 :  0.404 0.106 0.490 
324 z0196769    (1)    3 :  0.600 0.087 0.312 
325 z0196774    (0)    3 :  0.322 0.065 0.613 
326 z0196783    (0)    1 :  0.845 0.060 0.096 
327 z0196794    (2)    1 :  0.720 0.065 0.215 
328 z0196804   (14)    1 :  0.606 0.121 0.273 
329 z0196809    (0)    3 :  0.437 0.092 0.471 
330 z0196810    (1)    1 :  0.240 0.116 0.644 
331 z0196811    (0)    1 :  0.508 0.083 0.409 
332 z0196824    (0)    3 :  0.228 0.380 0.392 
333 z0196825    (0)    3 :  0.556 0.249 0.195 
334 z0196828    (1)    2 :  0.431 0.290 0.279 
335 z0196829    (0)    3 :  0.512 0.252 0.236 
336 z0196834   (26)    3 :  0.467 0.296 0.237 
337 z0196835    (0)    3 :  0.803 0.111 0.086 
338 z0196841   (20)    3 :  0.311 0.140 0.549 
339 z0196843   (25)    3 :  0.650 0.181 0.170 
340 z0196849    (0)    3 :  0.655 0.155 0.190 
341 z0196852    (0)    2 :  0.237 0.400 0.363 
342 z0196855    (0)    2 :  0.208 0.424 0.368 
343 z0196856    (0)    3 :  0.129 0.411 0.460 
344 z0196864    (1)    3 :  0.203 0.540 0.257 
345 z0196894    (0)    3 :  0.357 0.087 0.556 
346 z0197662    (2)    1 :  0.314 0.474 0.212 
347 z0197665    (2)    1 :  0.792 0.065 0.143 
348 z0197668   (20)    3 :  0.159 0.152 0.689 
349 z0197669    (0)    3 :  0.157 0.580 0.263 
350 z0197672    (1)    3 :  0.412 0.187 0.402 


Estimated Allele Frequencies in each cluster
First column gives estimated ancestral frequencies


Locus 1 : Mnov_gtseq_1 
2 alleles
0.0% missing data
   0   (0.427) 0.438 0.326 0.442 
   1   (0.573) 0.562 0.674 0.558 

Locus 2 : Mnov_gtseq_10 
2 alleles
0.3% missing data
   0   (0.817) 0.696 0.936 0.846 
   1   (0.183) 0.304 0.064 0.154 

Locus 3 : Mnov_gtseq_102 
2 alleles
0.9% missing data
   0   (0.544) 0.491 0.706 0.525 
   1   (0.456) 0.509 0.294 0.475 

Locus 4 : Mnov_gtseq_104 
2 alleles
0.3% missing data
   0   (0.867) 0.754 0.934 0.912 
   1   (0.133) 0.246 0.066 0.088 

Locus 5 : Mnov_gtseq_106 
2 alleles
14.9% missing data
   1   (0.747) 0.810 0.795 0.722 
   0   (0.253) 0.190 0.205 0.278 

Locus 6 : Mnov_gtseq_107 
2 alleles
37.4% missing data
   1   (0.208) 0.153 0.399 0.172 
   0   (0.792) 0.847 0.601 0.828 

Locus 7 : Mnov_gtseq_112 
2 alleles
0.9% missing data
   0   (0.567) 0.697 0.688 0.465 
   1   (0.433) 0.303 0.312 0.535 

Locus 8 : Mnov_gtseq_113 
2 alleles
2.0% missing data
   1   (0.713) 0.807 0.657 0.698 
   0   (0.287) 0.193 0.343 0.302 

Locus 9 : Mnov_gtseq_114 
3 alleles
4.3% missing data
   0   (0.503) 0.623 0.356 0.498 
   1   (0.468) 0.369 0.613 0.489 
   2   (0.029) 0.008 0.032 0.013 

Locus 10 : Mnov_gtseq_117 
2 alleles
26.9% missing data
   0   (0.637) 0.520 0.800 0.651 
   1   (0.363) 0.480 0.200 0.349 

Locus 11 : Mnov_gtseq_12 
2 alleles
0.3% missing data
   0   (0.491) 0.483 0.287 0.555 
   1   (0.509) 0.517 0.713 0.445 

Locus 12 : Mnov_gtseq_124 
4 alleles
5.1% missing data
   3   (0.722) 0.687 0.847 0.758 
   2   (0.221) 0.296 0.125 0.206 
   1   (0.032) 0.009 0.024 0.016 
   0   (0.025) 0.008 0.004 0.019 

Locus 13 : Mnov_gtseq_125 
3 alleles
1.7% missing data
   1   (0.223) 0.151 0.354 0.195 
   2   (0.705) 0.831 0.331 0.753 
   0   (0.072) 0.018 0.315 0.052 

Locus 14 : Mnov_gtseq_126 
2 alleles
0.0% missing data
   0   (0.385) 0.225 0.317 0.488 
   1   (0.615) 0.775 0.683 0.512 

Locus 15 : Mnov_gtseq_127 
2 alleles
6.9% missing data
   0   (0.633) 0.680 0.464 0.669 
   1   (0.367) 0.320 0.536 0.331 

Locus 16 : Mnov_gtseq_128 
2 alleles
30.9% missing data
   0   (0.685) 0.787 0.667 0.649 
   1   (0.315) 0.213 0.333 0.351 

Locus 17 : Mnov_gtseq_129 
3 alleles
2.0% missing data
   0   (0.480) 0.517 0.588 0.436 
   1   (0.306) 0.345 0.304 0.274 
   2   (0.215) 0.138 0.108 0.291 

Locus 18 : Mnov_gtseq_13 
3 alleles
0.0% missing data
   1   (0.389) 0.542 0.392 0.319 
   2   (0.190) 0.104 0.140 0.244 
   0   (0.421) 0.354 0.469 0.437 

Locus 19 : Mnov_gtseq_130 
2 alleles
28.6% missing data
   1   (0.517) 0.476 0.501 0.545 
   0   (0.483) 0.524 0.499 0.455 

Locus 20 : Mnov_gtseq_135 
2 alleles
0.6% missing data
   0   (0.450) 0.427 0.516 0.438 
   1   (0.550) 0.573 0.484 0.562 

Locus 21 : Mnov_gtseq_138 
3 alleles
0.6% missing data
   0   (0.242) 0.280 0.280 0.199 
   1   (0.526) 0.483 0.605 0.548 
   2   (0.233) 0.236 0.114 0.253 

Locus 22 : Mnov_gtseq_140 
2 alleles
1.1% missing data
   0   (0.427) 0.405 0.573 0.391 
   1   (0.573) 0.595 0.427 0.609 

Locus 23 : Mnov_gtseq_141 
2 alleles
0.3% missing data
   0   (0.547) 0.623 0.526 0.524 
   1   (0.453) 0.377 0.474 0.476 

Locus 24 : Mnov_gtseq_143 
2 alleles
2.6% missing data
   1   (0.539) 0.640 0.497 0.500 
   0   (0.461) 0.360 0.503 0.500 

Locus 25 : Mnov_gtseq_145 
2 alleles
2.0% missing data
   0   (0.454) 0.509 0.463 0.420 
   1   (0.546) 0.491 0.537 0.580 

Locus 26 : Mnov_gtseq_147 
3 alleles
25.4% missing data
   0   (0.781) 0.862 0.574 0.812 
   2   (0.138) 0.115 0.103 0.123 
   1   (0.082) 0.023 0.323 0.065 

Locus 27 : Mnov_gtseq_148 
3 alleles
9.1% missing data
   0   (0.322) 0.250 0.169 0.416 
   1   (0.427) 0.404 0.594 0.389 
   2   (0.251) 0.346 0.237 0.196 

Locus 28 : Mnov_gtseq_149 
2 alleles
0.3% missing data
   0   (0.603) 0.630 0.561 0.609 
   1   (0.397) 0.370 0.439 0.391 

Locus 29 : Mnov_gtseq_15 
2 alleles
0.0% missing data
   0   (0.473) 0.514 0.418 0.468 
   1   (0.527) 0.486 0.582 0.532 

Locus 30 : Mnov_gtseq_152 
2 alleles
0.9% missing data
   0   (0.326) 0.286 0.388 0.316 
   1   (0.674) 0.714 0.612 0.684 

Locus 31 : Mnov_gtseq_154 
3 alleles
3.4% missing data
   0   (0.357) 0.438 0.195 0.376 
   2   (0.219) 0.160 0.252 0.225 
   1   (0.423) 0.402 0.553 0.400 

Locus 32 : Mnov_gtseq_157 
2 alleles
0.6% missing data
   1   (0.543) 0.532 0.631 0.529 
   0   (0.457) 0.468 0.369 0.471 

Locus 33 : Mnov_gtseq_158 
2 alleles
0.6% missing data
   0   (0.436) 0.622 0.113 0.459 
   1   (0.564) 0.378 0.887 0.541 

Locus 34 : Mnov_gtseq_159 
3 alleles
24.0% missing data
   0   (0.596) 0.702 0.428 0.622 
   1   (0.196) 0.149 0.360 0.164 
   2   (0.208) 0.148 0.212 0.214 

Locus 35 : Mnov_gtseq_16 
2 alleles
0.0% missing data
   0   (0.634) 0.673 0.607 0.631 
   1   (0.366) 0.327 0.393 0.369 

Locus 36 : Mnov_gtseq_160 
2 alleles
2.3% missing data
   0   (0.484) 0.559 0.416 0.465 
   1   (0.516) 0.441 0.584 0.535 

Locus 37 : Mnov_gtseq_161 
2 alleles
1.7% missing data
   1   (0.752) 0.775 0.814 0.745 
   0   (0.248) 0.225 0.186 0.255 

Locus 38 : Mnov_gtseq_167 
3 alleles
1.1% missing data
   2   (0.737) 0.705 0.784 0.786 
   0   (0.199) 0.261 0.129 0.172 
   1   (0.064) 0.034 0.087 0.042 

Locus 39 : Mnov_gtseq_17 
2 alleles
0.3% missing data
   0   (0.532) 0.535 0.473 0.551 
   1   (0.468) 0.465 0.527 0.449 

Locus 40 : Mnov_gtseq_170 
2 alleles
0.0% missing data
   0   (0.306) 0.292 0.262 0.307 
   1   (0.694) 0.708 0.738 0.693 

Locus 41 : Mnov_gtseq_171 
3 alleles
41.4% missing data
   2   (0.616) 0.578 0.615 0.660 
   0   (0.294) 0.385 0.275 0.247 
   1   (0.091) 0.038 0.109 0.093 

Locus 42 : Mnov_gtseq_173 
4 alleles
21.4% missing data
   3   (0.445) 0.251 0.568 0.522 
   1   (0.484) 0.733 0.312 0.429 
   2   (0.057) 0.013 0.119 0.043 
   0   (0.015) 0.003 0.001 0.006 

Locus 43 : Mnov_gtseq_174 
2 alleles
2.6% missing data
   0   (0.279) 0.218 0.423 0.257 
   1   (0.721) 0.782 0.577 0.743 

Locus 44 : Mnov_gtseq_180 
3 alleles
14.3% missing data
   1   (0.570) 0.643 0.870 0.442 
   2   (0.343) 0.260 0.117 0.470 
   0   (0.087) 0.097 0.013 0.088 

Locus 45 : Mnov_gtseq_182 
2 alleles
8.6% missing data
   0   (0.843) 0.743 0.842 0.903 
   1   (0.157) 0.257 0.158 0.097 

Locus 46 : Mnov_gtseq_186 
3 alleles
28.0% missing data
   1   (0.470) 0.479 0.511 0.460 
   2   (0.091) 0.070 0.020 0.112 
   0   (0.439) 0.451 0.469 0.428 

Locus 47 : Mnov_gtseq_187 
2 alleles
7.1% missing data
   1   (0.575) 0.551 0.688 0.563 
   0   (0.425) 0.449 0.312 0.437 

Locus 48 : Mnov_gtseq_188 
2 alleles
13.4% missing data
   0   (0.587) 0.467 0.607 0.646 
   1   (0.413) 0.533 0.393 0.354 

Locus 49 : Mnov_gtseq_189 
2 alleles
3.7% missing data
   0   (0.417) 0.554 0.462 0.335 
   1   (0.583) 0.446 0.538 0.665 

Locus 50 : Mnov_gtseq_19 
3 alleles
0.0% missing data
   1   (0.843) 0.902 0.792 0.856 
   2   (0.083) 0.086 0.050 0.057 
   0   (0.075) 0.012 0.158 0.087 

Locus 51 : Mnov_gtseq_190 
2 alleles
0.0% missing data
   1   (0.416) 0.429 0.369 0.414 
   0   (0.584) 0.571 0.631 0.586 

Locus 52 : Mnov_gtseq_192 
2 alleles
20.9% missing data
   0   (0.825) 0.806 0.826 0.865 
   1   (0.175) 0.194 0.174 0.135 

Locus 53 : Mnov_gtseq_193 
2 alleles
0.0% missing data
   0   (0.686) 0.755 0.782 0.637 
   1   (0.314) 0.245 0.218 0.363 

Locus 54 : Mnov_gtseq_195 
3 alleles
0.0% missing data
   1   (0.558) 0.478 0.569 0.606 
   2   (0.416) 0.516 0.428 0.369 
   0   (0.026) 0.006 0.003 0.026 

Locus 55 : Mnov_gtseq_196 
2 alleles
0.3% missing data
   0   (0.355) 0.378 0.145 0.407 
   1   (0.645) 0.622 0.855 0.593 

Locus 56 : Mnov_gtseq_197 
3 alleles
0.3% missing data
   1   (0.388) 0.403 0.320 0.386 
   0   (0.407) 0.488 0.576 0.321 
   2   (0.205) 0.110 0.103 0.292 

Locus 57 : Mnov_gtseq_2 
3 alleles
0.3% missing data
   0   (0.182) 0.121 0.265 0.163 
   2   (0.772) 0.869 0.729 0.750 
   1   (0.046) 0.010 0.006 0.086 

Locus 58 : Mnov_gtseq_200 
2 alleles
2.3% missing data
   0   (0.389) 0.346 0.609 0.347 
   1   (0.611) 0.654 0.391 0.653 

Locus 59 : Mnov_gtseq_201 
4 alleles
0.0% missing data
   0   (0.582) 0.494 0.625 0.653 
   2   (0.142) 0.145 0.183 0.105 
   3   (0.146) 0.147 0.164 0.115 
   1   (0.130) 0.214 0.028 0.128 

Locus 60 : Mnov_gtseq_202 
2 alleles
0.0% missing data
   0   (0.401) 0.461 0.509 0.337 
   1   (0.599) 0.539 0.491 0.663 

Locus 61 : Mnov_gtseq_204 
2 alleles
3.4% missing data
   0   (0.443) 0.445 0.523 0.414 
   1   (0.557) 0.555 0.477 0.586 

Locus 62 : Mnov_gtseq_205 
5 alleles
0.0% missing data
   0   (0.217) 0.228 0.218 0.202 
   4   (0.033) 0.006 0.113 0.015 
   3   (0.672) 0.732 0.608 0.728 
   1   (0.061) 0.025 0.059 0.049 
   2   (0.018) 0.008 0.002 0.007 

Locus 63 : Mnov_gtseq_208 
2 alleles
0.0% missing data
   0   (0.650) 0.738 0.437 0.671 
   1   (0.350) 0.262 0.563 0.329 

Locus 64 : Mnov_gtseq_209 
3 alleles
0.0% missing data
   0   (0.424) 0.464 0.565 0.361 
   2   (0.533) 0.530 0.330 0.609 
   1   (0.043) 0.007 0.105 0.030 

Locus 65 : Mnov_gtseq_21 
2 alleles
0.0% missing data
   1   (0.542) 0.612 0.374 0.559 
   0   (0.458) 0.388 0.626 0.441 

Locus 66 : Mnov_gtseq_210 
2 alleles
4.6% missing data
   0   (0.371) 0.536 0.242 0.322 
   1   (0.629) 0.464 0.758 0.678 

Locus 67 : Mnov_gtseq_211 
2 alleles
1.1% missing data
   0   (0.409) 0.478 0.318 0.390 
   1   (0.591) 0.522 0.682 0.610 

Locus 68 : Mnov_gtseq_213 
2 alleles
5.4% missing data
   0   (0.511) 0.587 0.395 0.501 
   1   (0.489) 0.413 0.605 0.499 

Locus 69 : Mnov_gtseq_214 
2 alleles
5.1% missing data
   0   (0.502) 0.537 0.734 0.414 
   1   (0.498) 0.463 0.266 0.586 

Locus 70 : Mnov_gtseq_215 
2 alleles
0.0% missing data
   0   (0.431) 0.412 0.563 0.398 
   1   (0.569) 0.588 0.437 0.602 

Locus 71 : Mnov_gtseq_216 
3 alleles
0.0% missing data
   2   (0.522) 0.417 0.681 0.544 
   1   (0.451) 0.579 0.313 0.430 
   0   (0.026) 0.003 0.006 0.025 

Locus 72 : Mnov_gtseq_217 
2 alleles
23.7% missing data
   0   (0.310) 0.336 0.217 0.305 
   1   (0.690) 0.664 0.783 0.695 

Locus 73 : Mnov_gtseq_218 
2 alleles
0.6% missing data
   0   (0.613) 0.455 0.780 0.647 
   1   (0.387) 0.545 0.220 0.353 

Locus 74 : Mnov_gtseq_22 
4 alleles
3.4% missing data
   2   (0.496) 0.470 0.712 0.487 
   0   (0.223) 0.243 0.156 0.219 
   1   (0.210) 0.229 0.119 0.217 
   3   (0.071) 0.058 0.013 0.077 

Locus 75 : Mnov_gtseq_220 
3 alleles
0.0% missing data
   0   (0.519) 0.475 0.634 0.523 
   1   (0.428) 0.515 0.335 0.411 
   2   (0.053) 0.010 0.031 0.066 

Locus 76 : Mnov_gtseq_223 
2 alleles
2.6% missing data
   0   (0.649) 0.712 0.620 0.636 
   1   (0.351) 0.288 0.380 0.364 

Locus 77 : Mnov_gtseq_224 
3 alleles
0.6% missing data
   0   (0.237) 0.196 0.271 0.227 
   1   (0.711) 0.772 0.720 0.717 
   2   (0.051) 0.031 0.009 0.056 

Locus 78 : Mnov_gtseq_225 
2 alleles
0.0% missing data
   0   (0.493) 0.620 0.499 0.425 
   1   (0.507) 0.380 0.501 0.575 

Locus 79 : Mnov_gtseq_227 
2 alleles
0.3% missing data
   0   (0.544) 0.428 0.614 0.588 
   1   (0.456) 0.572 0.386 0.412 

Locus 80 : Mnov_gtseq_229 
2 alleles
0.9% missing data
   1   (0.543) 0.545 0.592 0.533 
   0   (0.457) 0.455 0.408 0.467 

Locus 81 : Mnov_gtseq_232 
2 alleles
0.0% missing data
   0   (0.462) 0.448 0.643 0.414 
   1   (0.538) 0.552 0.357 0.586 

Locus 82 : Mnov_gtseq_234 
2 alleles
9.1% missing data
   0   (0.736) 0.696 0.822 0.751 
   1   (0.264) 0.304 0.178 0.249 

Locus 83 : Mnov_gtseq_235 
2 alleles
0.0% missing data
   0   (0.807) 0.701 0.868 0.858 
   1   (0.193) 0.299 0.132 0.142 

Locus 84 : Mnov_gtseq_238 
2 alleles
0.0% missing data
   0   (0.608) 0.588 0.742 0.597 
   1   (0.392) 0.412 0.258 0.403 

Locus 85 : Mnov_gtseq_239 
2 alleles
0.0% missing data
   0   (0.716) 0.724 0.771 0.719 
   1   (0.284) 0.276 0.229 0.281 

Locus 86 : Mnov_gtseq_241 
2 alleles
0.0% missing data
   0   (0.856) 0.839 0.842 0.897 
   1   (0.144) 0.161 0.158 0.103 

Locus 87 : Mnov_gtseq_243 
2 alleles
0.0% missing data
   0   (0.605) 0.515 0.599 0.659 
   1   (0.395) 0.485 0.401 0.341 

Locus 88 : Mnov_gtseq_244 
2 alleles
0.0% missing data
   0   (0.321) 0.351 0.409 0.267 
   1   (0.679) 0.649 0.591 0.733 

Locus 89 : Mnov_gtseq_245 
2 alleles
20.0% missing data
   1   (0.486) 0.530 0.633 0.424 
   0   (0.514) 0.470 0.367 0.576 

Locus 90 : Mnov_gtseq_246 
2 alleles
0.3% missing data
   0   (0.400) 0.569 0.510 0.286 
   1   (0.600) 0.431 0.490 0.714 

Locus 91 : Mnov_gtseq_247 
2 alleles
3.1% missing data
   0   (0.321) 0.235 0.193 0.398 
   1   (0.679) 0.765 0.807 0.602 

Locus 92 : Mnov_gtseq_248 
2 alleles
0.3% missing data
   0   (0.223) 0.123 0.401 0.214 
   1   (0.777) 0.877 0.599 0.786 

Locus 93 : Mnov_gtseq_25 
2 alleles
0.3% missing data
   0   (0.432) 0.485 0.585 0.365 
   1   (0.568) 0.515 0.415 0.635 

Locus 94 : Mnov_gtseq_250 
2 alleles
3.4% missing data
   0   (0.777) 0.753 0.745 0.819 
   1   (0.223) 0.247 0.255 0.181 

Locus 95 : Mnov_gtseq_251 
2 alleles
2.0% missing data
   1   (0.209) 0.180 0.206 0.191 
   0   (0.791) 0.820 0.794 0.809 

Locus 96 : Mnov_gtseq_253 
2 alleles
16.3% missing data
   0   (0.491) 0.366 0.508 0.548 
   1   (0.509) 0.634 0.492 0.452 

Locus 97 : Mnov_gtseq_254 
2 alleles
0.0% missing data
   1   (0.911) 0.909 0.981 0.911 
   0   (0.089) 0.091 0.019 0.089 

Locus 98 : Mnov_gtseq_255 
3 alleles
0.0% missing data
   0   (0.346) 0.352 0.422 0.319 
   2   (0.366) 0.355 0.459 0.337 
   1   (0.288) 0.293 0.119 0.343 

Locus 99 : Mnov_gtseq_257 
2 alleles
0.0% missing data
   0   (0.605) 0.747 0.507 0.565 
   1   (0.395) 0.253 0.493 0.435 

Locus 100 : Mnov_gtseq_258 
2 alleles
0.0% missing data
   0   (0.547) 0.419 0.603 0.598 
   1   (0.453) 0.581 0.397 0.402 

Locus 101 : Mnov_gtseq_26 
2 alleles
0.0% missing data
   1   (0.893) 0.933 0.959 0.877 
   0   (0.107) 0.067 0.041 0.123 

Locus 102 : Mnov_gtseq_260 
2 alleles
0.6% missing data
   0   (0.753) 0.816 0.767 0.742 
   1   (0.247) 0.184 0.233 0.258 

Locus 103 : Mnov_gtseq_261 
3 alleles
0.3% missing data
   0   (0.466) 0.486 0.544 0.450 
   1   (0.300) 0.242 0.256 0.339 
   2   (0.234) 0.272 0.200 0.211 

Locus 104 : Mnov_gtseq_262 
3 alleles
3.1% missing data
   0   (0.415) 0.355 0.513 0.433 
   1   (0.433) 0.487 0.373 0.435 
   2   (0.152) 0.158 0.114 0.132 

Locus 105 : Mnov_gtseq_263 
2 alleles
0.0% missing data
   1   (0.828) 0.785 0.897 0.854 
   0   (0.172) 0.215 0.103 0.146 

Locus 106 : Mnov_gtseq_265 
2 alleles
0.0% missing data
   0   (0.435) 0.392 0.574 0.412 
   1   (0.565) 0.608 0.426 0.588 

Locus 107 : Mnov_gtseq_268 
2 alleles
0.0% missing data
   0   (0.586) 0.422 0.699 0.640 
   1   (0.414) 0.578 0.301 0.360 

Locus 108 : Mnov_gtseq_269 
2 alleles
1.1% missing data
   1   (0.470) 0.532 0.454 0.442 
   0   (0.530) 0.468 0.546 0.558 

Locus 109 : Mnov_gtseq_270 
2 alleles
11.1% missing data
   1   (0.779) 0.792 0.807 0.792 
   0   (0.221) 0.208 0.193 0.208 

Locus 110 : Mnov_gtseq_271 
3 alleles
9.7% missing data
   1   (0.594) 0.609 0.587 0.609 
   2   (0.353) 0.372 0.395 0.332 
   0   (0.053) 0.019 0.018 0.059 

Locus 111 : Mnov_gtseq_273 
2 alleles
1.4% missing data
   1   (0.522) 0.551 0.586 0.490 
   0   (0.478) 0.449 0.414 0.510 

Locus 112 : Mnov_gtseq_274 
2 alleles
0.0% missing data
   1   (0.510) 0.494 0.421 0.537 
   0   (0.490) 0.506 0.579 0.463 

Locus 113 : Mnov_gtseq_275 
3 alleles
13.4% missing data
   2   (0.761) 0.751 0.746 0.807 
   1   (0.210) 0.240 0.249 0.168 
   0   (0.029) 0.008 0.006 0.025 

Locus 114 : Mnov_gtseq_277 
2 alleles
0.0% missing data
   0   (0.799) 0.852 0.868 0.775 
   1   (0.201) 0.148 0.132 0.225 

Locus 115 : Mnov_gtseq_278 
2 alleles
1.1% missing data
   0   (0.885) 0.838 0.973 0.895 
   1   (0.115) 0.162 0.027 0.105 

Locus 116 : Mnov_gtseq_28 
2 alleles
0.3% missing data
   0   (0.779) 0.803 0.783 0.794 
   1   (0.221) 0.197 0.217 0.206 

Locus 117 : Mnov_gtseq_281 
3 alleles
1.7% missing data
   2   (0.845) 0.914 0.847 0.860 
   0   (0.121) 0.071 0.148 0.108 
   1   (0.033) 0.015 0.005 0.033 

Locus 118 : Mnov_gtseq_283 
2 alleles
20.6% missing data
   0   (0.757) 0.793 0.799 0.750 
   1   (0.243) 0.207 0.201 0.250 

Locus 119 : Mnov_gtseq_284 
2 alleles
0.0% missing data
   1   (0.645) 0.692 0.609 0.643 
   0   (0.355) 0.308 0.391 0.357 

Locus 120 : Mnov_gtseq_285 
3 alleles
0.0% missing data
   2   (0.586) 0.525 0.500 0.672 
   0   (0.199) 0.273 0.161 0.154 
   1   (0.215) 0.203 0.338 0.174 

Locus 121 : Mnov_gtseq_287 
2 alleles
0.0% missing data
   0   (0.789) 0.824 0.682 0.823 
   1   (0.211) 0.176 0.318 0.177 

Locus 122 : Mnov_gtseq_288 
3 alleles
15.7% missing data
   0   (0.587) 0.515 0.675 0.624 
   2   (0.378) 0.443 0.321 0.358 
   1   (0.035) 0.043 0.003 0.019 

Locus 123 : Mnov_gtseq_289 
4 alleles
0.0% missing data
   0   (0.448) 0.445 0.452 0.471 
   1   (0.391) 0.368 0.495 0.387 
   2   (0.131) 0.176 0.045 0.122 
   3   (0.030) 0.012 0.008 0.019 

Locus 124 : Mnov_gtseq_291 
4 alleles
0.6% missing data
   3   (0.709) 0.719 0.611 0.763 
   1   (0.131) 0.191 0.048 0.110 
   2   (0.035) 0.031 0.004 0.021 
   0   (0.125) 0.059 0.338 0.106 

Locus 125 : Mnov_gtseq_298 
2 alleles
35.7% missing data
   1   (0.582) 0.607 0.791 0.502 
   0   (0.418) 0.393 0.209 0.498 

Locus 126 : Mnov_gtseq_299 
2 alleles
0.9% missing data
   1   (0.578) 0.552 0.528 0.610 
   0   (0.422) 0.448 0.472 0.390 

Locus 127 : Mnov_gtseq_30 
2 alleles
16.9% missing data
   0   (0.951) 0.913 0.993 0.970 
   1   (0.049) 0.087 0.007 0.030 

Locus 128 : Mnov_gtseq_300 
2 alleles
4.6% missing data
   0   (0.584) 0.608 0.625 0.564 
   1   (0.416) 0.392 0.375 0.436 

Locus 129 : Mnov_gtseq_305 
2 alleles
8.9% missing data
   0   (0.890) 0.810 0.951 0.929 
   1   (0.110) 0.190 0.049 0.071 

Locus 130 : Mnov_gtseq_307 
2 alleles
2.3% missing data
   1   (0.496) 0.471 0.496 0.508 
   0   (0.504) 0.529 0.504 0.492 

Locus 131 : Mnov_gtseq_308 
2 alleles
0.0% missing data
   0   (0.602) 0.646 0.621 0.584 
   1   (0.398) 0.354 0.379 0.416 

Locus 132 : Mnov_gtseq_310 
2 alleles
10.3% missing data
   0   (0.868) 0.727 0.967 0.898 
   1   (0.132) 0.273 0.033 0.102 

Locus 133 : Mnov_gtseq_311 
2 alleles
1.7% missing data
   1   (0.666) 0.761 0.704 0.614 
   0   (0.334) 0.239 0.296 0.386 

Locus 134 : Mnov_gtseq_313 
2 alleles
0.9% missing data
   1   (0.768) 0.837 0.802 0.739 
   0   (0.232) 0.163 0.198 0.261 

Locus 135 : Mnov_gtseq_314 
2 alleles
0.0% missing data
   0   (0.518) 0.540 0.397 0.545 
   1   (0.482) 0.460 0.603 0.455 

Locus 136 : Mnov_gtseq_315 
2 alleles
1.1% missing data
   0   (0.497) 0.528 0.508 0.482 
   1   (0.503) 0.472 0.492 0.518 

Locus 137 : Mnov_gtseq_317 
3 alleles
24.3% missing data
   0   (0.493) 0.513 0.548 0.480 
   1   (0.415) 0.433 0.418 0.415 
   2   (0.092) 0.055 0.034 0.105 

Locus 138 : Mnov_gtseq_318 
2 alleles
4.9% missing data
   0   (0.451) 0.478 0.407 0.447 
   1   (0.549) 0.522 0.593 0.553 

Locus 139 : Mnov_gtseq_320 
2 alleles
5.7% missing data
   0   (0.667) 0.714 0.578 0.683 
   1   (0.333) 0.286 0.422 0.317 

Locus 140 : Mnov_gtseq_321 
2 alleles
0.0% missing data
   0   (0.094) 0.248 0.030 0.051 
   1   (0.906) 0.752 0.970 0.949 

Locus 141 : Mnov_gtseq_322 
2 alleles
1.7% missing data
   1   (0.514) 0.522 0.551 0.504 
   0   (0.486) 0.478 0.449 0.496 

Locus 142 : Mnov_gtseq_323 
3 alleles
0.0% missing data
   1   (0.398) 0.477 0.289 0.393 
   0   (0.407) 0.338 0.606 0.401 
   2   (0.195) 0.185 0.105 0.206 

Locus 143 : Mnov_gtseq_326 
2 alleles
3.1% missing data
   0   (0.618) 0.695 0.371 0.654 
   1   (0.382) 0.305 0.629 0.346 

Locus 144 : Mnov_gtseq_328 
2 alleles
0.0% missing data
   1   (0.645) 0.645 0.619 0.664 
   0   (0.355) 0.355 0.381 0.336 

Locus 145 : Mnov_gtseq_33 
2 alleles
0.0% missing data
   0   (0.598) 0.599 0.693 0.582 
   1   (0.402) 0.401 0.307 0.418 

Locus 146 : Mnov_gtseq_332 
2 alleles
11.7% missing data
   0   (0.353) 0.304 0.266 0.387 
   1   (0.647) 0.696 0.734 0.613 

Locus 147 : Mnov_gtseq_333 
2 alleles
3.7% missing data
   1   (0.655) 0.625 0.806 0.633 
   0   (0.345) 0.375 0.194 0.367 

Locus 148 : Mnov_gtseq_334 
2 alleles
0.0% missing data
   0   (0.777) 0.768 0.683 0.828 
   1   (0.223) 0.232 0.317 0.172 

Locus 149 : Mnov_gtseq_335 
2 alleles
0.0% missing data
   1   (0.703) 0.616 0.609 0.781 
   0   (0.297) 0.384 0.391 0.219 

Locus 150 : Mnov_gtseq_337 
3 alleles
14.9% missing data
   1   (0.227) 0.143 0.429 0.206 
   0   (0.270) 0.162 0.213 0.334 
   2   (0.503) 0.695 0.358 0.460 

Locus 151 : Mnov_gtseq_339 
2 alleles
0.3% missing data
   0   (0.553) 0.539 0.462 0.590 
   1   (0.447) 0.461 0.538 0.410 

Locus 152 : Mnov_gtseq_340 
2 alleles
2.0% missing data
   0   (0.534) 0.622 0.532 0.495 
   1   (0.466) 0.378 0.468 0.505 

Locus 153 : Mnov_gtseq_341 
2 alleles
0.0% missing data
   1   (0.772) 0.748 0.924 0.744 
   0   (0.228) 0.252 0.076 0.256 

Locus 154 : Mnov_gtseq_342 
2 alleles
13.1% missing data
   0   (0.532) 0.626 0.347 0.534 
   1   (0.468) 0.374 0.653 0.466 

Locus 155 : Mnov_gtseq_344 
2 alleles
0.0% missing data
   0   (0.576) 0.731 0.516 0.516 
   1   (0.424) 0.269 0.484 0.484 

Locus 156 : Mnov_gtseq_345 
2 alleles
0.0% missing data
   0   (0.768) 0.646 0.918 0.785 
   1   (0.232) 0.354 0.082 0.215 

Locus 157 : Mnov_gtseq_347 
2 alleles
0.0% missing data
   1   (0.694) 0.697 0.799 0.676 
   0   (0.306) 0.303 0.201 0.324 

Locus 158 : Mnov_gtseq_350 
2 alleles
31.7% missing data
   0   (0.303) 0.303 0.486 0.241 
   1   (0.697) 0.697 0.514 0.759 

Locus 159 : Mnov_gtseq_352 
2 alleles
2.9% missing data
   0   (0.490) 0.500 0.481 0.487 
   1   (0.510) 0.500 0.519 0.513 

Locus 160 : Mnov_gtseq_353 
2 alleles
1.1% missing data
   0   (0.489) 0.530 0.400 0.492 
