

----------------------------------------------------
STRUCTURE by Pritchard, Stephens and Donnelly (2000)
     and Falush, Stephens and Pritchard (2003)
       Code by Pritchard, Falush and Hubisz
             Version 2.3.4 (Jul 2012)
----------------------------------------------------



Command line arguments:   structure -m wint.area.structureRun/wint.area.structureRun.k4.r5_mainparams -e wint.area.structureRun/wint.area.structureRun.k4.r5_extraparams -i wint.area.structureRun/wint.area.structureRun.k4.r5_data -o wint.area.structureRun/wint.area.structureRun.k4.r5_out 
Input File:    wint.area.structureRun/wint.area.structureRun.k4.r5_data

Run parameters:
   350 individuals
   298 loci
   4 populations assumed
   1000 Burn-in period
   10000 Reps


--------------------------------------------
Proportion of membership of each pre-defined
 population in each of the 4 clusters

Given    Inferred Clusters              Number of
 Pop       1      2      3      4      Individuals

  1:     0.225  0.124  0.364  0.287       77
  2:     0.186  0.461  0.160  0.192      124
  3:     0.243  0.190  0.247  0.320      113
  4:     0.242  0.308  0.205  0.245       27
  5:     0.756  0.072  0.084  0.088        9
--------------------------------------------

Allele-freq. divergence among pops (Net nucleotide distance),
computed using point estimates of P.

      1       2       3       4      
 1      -    0.0321  0.0212  0.0143  
 2   0.0321     -    0.0359  0.0282  
 3   0.0212  0.0359     -    0.0129  
 4   0.0143  0.0282  0.0129     -    

Average distances (expected heterozygosity) between individuals in same cluster:
cluster  1  : 0.4354 
cluster  2  : 0.4236 
cluster  3  : 0.4403 
cluster  4  : 0.4503 

--------------------------------------------
Estimated Ln Prob of Data   = -138985.9
Mean value of ln likelihood = -134736.8
Variance of ln likelihood   = 8498.2
Mean value of alpha         = 1.0000

Mean value of Fst_1         = 0.0656
Mean value of Fst_2         = 0.1278
Mean value of Fst_3         = 0.0792
Mean value of Fst_4         = 0.0474


Inferred ancestry of individuals:
        Label (%Miss) Pop:  Inferred clusters
  1   207778    (1)    2 :  0.122 0.533 0.197 0.148 
  2 z0005757    (7)    3 :  0.233 0.137 0.410 0.220 
  3 z0005758    (0)    3 :  0.236 0.147 0.448 0.168 
  4 z0011944    (0)    1 :  0.785 0.114 0.043 0.058 
  5 z0012702    (8)    4 :  0.172 0.689 0.058 0.081 
  6 z0016577    (1)    3 :  0.148 0.257 0.289 0.307 
  7 z0016578   (20)    1 :  0.136 0.066 0.158 0.640 
  8 z0016579    (1)    3 :  0.345 0.181 0.232 0.242 
  9 z0018264    (0)    1 :  0.722 0.107 0.085 0.086 
 10 z0029828    (2)    3 :  0.106 0.122 0.213 0.559 
 11 z0029829   (13)    1 :  0.074 0.066 0.247 0.613 
 12 z0029846    (0)    1 :  0.153 0.211 0.259 0.377 
 13 z0029860    (0)    3 :  0.115 0.171 0.227 0.488 
 14 z0029863    (1)    1 :  0.501 0.135 0.097 0.268 
 15 z0029864    (8)    1 :  0.458 0.113 0.119 0.310 
 16 z0029865   (12)    3 :  0.170 0.062 0.504 0.265 
 17 z0037607    (1)    3 :  0.432 0.229 0.085 0.254 
 18 z0037609   (23)    3 :  0.291 0.142 0.189 0.378 
 19 z0037624   (20)    1 :  0.135 0.155 0.520 0.190 
 20 z0038417    (7)    2 :  0.158 0.634 0.101 0.107 
 21 z0040275    (8)    2 :  0.216 0.568 0.071 0.146 
 22 z0040287    (3)    2 :  0.370 0.237 0.153 0.240 
 23 z0040308    (0)    2 :  0.082 0.560 0.168 0.190 
 24 z0040333    (1)    2 :  0.113 0.467 0.133 0.287 
 25 z0040334    (1)    2 :  0.091 0.741 0.090 0.077 
 26 z0040337    (4)    2 :  0.299 0.329 0.149 0.223 
 27 z0040345    (1)    2 :  0.184 0.613 0.108 0.095 
 28 z0040357    (5)    2 :  0.177 0.469 0.174 0.181 
 29 z0040363   (19)    2 :  0.164 0.476 0.222 0.138 
 30 z0040364    (0)    2 :  0.094 0.711 0.097 0.098 
 31 z0040387    (0)    2 :  0.183 0.496 0.179 0.142 
 32 z0040403   (15)    2 :  0.178 0.375 0.213 0.234 
 33 z0040439    (0)    2 :  0.169 0.687 0.058 0.086 
 34 z0040465   (20)    2 :  0.096 0.372 0.139 0.392 
 35 z0040513   (24)    3 :  0.217 0.214 0.217 0.351 
 36 z0040961   (11)    2 :  0.307 0.349 0.176 0.168 
 37 z0040985   (14)    2 :  0.206 0.311 0.185 0.298 
 38 z0041026    (0)    2 :  0.148 0.486 0.146 0.220 
 39 z0041051   (30)    2 :  0.304 0.478 0.117 0.101 
 40 z0041115    (7)    2 :  0.085 0.503 0.304 0.108 
 41 z0041153   (23)    2 :  0.254 0.356 0.181 0.210 
 42 z0041233    (3)    2 :  0.112 0.406 0.263 0.219 
 43 z0041243    (0)    2 :  0.217 0.467 0.172 0.144 
 44 z0041248    (5)    2 :  0.192 0.530 0.155 0.123 
 45 z0041250    (1)    2 :  0.134 0.641 0.091 0.133 
 46 z0041274    (1)    2 :  0.249 0.289 0.148 0.313 
 47 z0041465   (16)    2 :  0.054 0.485 0.286 0.175 
 48 z0041472    (2)    2 :  0.120 0.434 0.318 0.128 
 49 z0041480    (9)    2 :  0.121 0.419 0.216 0.243 
 50 z0041483    (0)    2 :  0.088 0.628 0.184 0.100 
 51 z0041494   (12)    2 :  0.148 0.506 0.085 0.262 
 52 z0041498    (1)    2 :  0.154 0.522 0.155 0.169 
 53 z0041501    (1)    2 :  0.174 0.626 0.058 0.142 
 54 z0041507    (6)    2 :  0.199 0.506 0.128 0.167 
 55 z0041512    (0)    2 :  0.166 0.630 0.083 0.122 
 56 z0041522   (15)    2 :  0.209 0.480 0.155 0.155 
 57 z0041526    (0)    3 :  0.060 0.642 0.158 0.140 
 58 z0041527   (14)    2 :  0.101 0.439 0.258 0.202 
 59 z0043243    (1)    2 :  0.364 0.158 0.342 0.136 
 60 z0043278    (0)    2 :  0.234 0.548 0.084 0.135 
 61 z0043475   (16)    3 :  0.178 0.369 0.184 0.269 
 62 z0043477    (0)    2 :  0.303 0.394 0.177 0.126 
 63 z0043478    (2)    2 :  0.119 0.654 0.160 0.066 
 64 z0043481    (0)    2 :  0.154 0.590 0.144 0.112 
 65 z0043489    (5)    2 :  0.214 0.592 0.082 0.112 
 66 z0043491   (12)    2 :  0.290 0.362 0.127 0.222 
 67 z0043493    (2)    2 :  0.310 0.273 0.168 0.249 
 68 z0043494    (1)    2 :  0.125 0.433 0.130 0.312 
 69 z0043498    (1)    2 :  0.100 0.630 0.099 0.171 
 70 z0043504    (7)    2 :  0.320 0.345 0.229 0.107 
 71 z0043526    (3)    4 :  0.394 0.310 0.124 0.172 
 72 z0043566    (2)    2 :  0.121 0.534 0.232 0.113 
 73 z0043572    (0)    2 :  0.131 0.570 0.144 0.155 
 74 z0043599    (2)    2 :  0.112 0.381 0.160 0.346 
 75 z0043642    (0)    2 :  0.138 0.482 0.092 0.288 
 76 z0043649    (1)    2 :  0.111 0.648 0.121 0.119 
 77 z0043652    (1)    2 :  0.283 0.206 0.182 0.329 
 78 z0043668    (0)    2 :  0.130 0.386 0.354 0.129 
 79 z0043674    (0)    4 :  0.178 0.071 0.289 0.462 
 80 z0043686    (1)    2 :  0.236 0.479 0.153 0.132 
 81 z0043693    (1)    2 :  0.128 0.431 0.172 0.269 
 82 z0043704   (14)    2 :  0.094 0.725 0.089 0.093 
 83 z0043807    (1)    2 :  0.179 0.410 0.112 0.299 
 84 z0043819    (0)    2 :  0.280 0.193 0.218 0.309 
 85 z0043876    (7)    2 :  0.096 0.278 0.420 0.206 
 86 z0043877   (32)    2 :  0.096 0.370 0.328 0.205 
 87 z0043891   (21)    4 :  0.303 0.316 0.200 0.181 
 88 z0043915   (31)    2 :  0.381 0.274 0.165 0.180 
 89 z0043940   (10)    2 :  0.326 0.090 0.175 0.409 
 90 z0043954    (1)    2 :  0.274 0.261 0.163 0.302 
 91 z0043966    (5)    2 :  0.134 0.552 0.084 0.230 
 92 z0043980    (1)    2 :  0.153 0.367 0.192 0.288 
 93 z0044017   (11)    2 :  0.195 0.531 0.105 0.168 
 94 z0044019   (14)    2 :  0.114 0.394 0.266 0.226 
 95 z0044023   (35)    2 :  0.091 0.686 0.125 0.099 
 96 z0044033    (0)    2 :  0.046 0.821 0.067 0.066 
 97 z0044042    (3)    2 :  0.110 0.685 0.147 0.058 
 98 z0044047   (24)    2 :  0.155 0.563 0.106 0.176 
 99 z0044064   (13)    2 :  0.160 0.479 0.082 0.279 
100 z0044432   (14)    2 :  0.331 0.255 0.234 0.179 
101 z0045326    (0)    3 :  0.108 0.166 0.254 0.472 
102 z0045331    (5)    1 :  0.139 0.173 0.116 0.572 
103 z0045332    (1)    1 :  0.210 0.128 0.103 0.558 
104 z0045333    (6)    1 :  0.173 0.079 0.583 0.165 
105 z0045337    (4)    1 :  0.122 0.086 0.713 0.079 
106 z0045342   (12)    1 :  0.101 0.161 0.201 0.536 
107 z0045347    (1)    3 :  0.417 0.146 0.269 0.168 
108 z0045350    (0)    1 :  0.250 0.124 0.189 0.437 
109 z0045370    (0)    1 :  0.102 0.035 0.288 0.574 
110 z0045371    (1)    3 :  0.240 0.191 0.221 0.347 
111 z0045398    (1)    3 :  0.378 0.041 0.319 0.262 
112 z0045399    (1)    3 :  0.433 0.081 0.194 0.292 
113 z0045401   (23)    1 :  0.149 0.153 0.215 0.483 
114 z0045404    (0)    3 :  0.101 0.078 0.199 0.622 
115 z0045405    (4)    3 :  0.257 0.123 0.116 0.504 
116 z0045407    (1)    3 :  0.471 0.163 0.116 0.250 
117 z0045719    (0)    2 :  0.201 0.465 0.062 0.272 
118 z0045720    (1)    2 :  0.283 0.205 0.195 0.318 
119 z0045728    (0)    2 :  0.131 0.522 0.247 0.100 
120 z0045731    (0)    2 :  0.277 0.338 0.105 0.280 
121 z0045733    (0)    2 :  0.163 0.271 0.213 0.352 
122 z0045736    (1)    2 :  0.167 0.337 0.184 0.312 
123 z0045739    (1)    2 :  0.229 0.211 0.144 0.416 
124 z0045740    (1)    2 :  0.156 0.592 0.113 0.139 
125 z0045741    (0)    2 :  0.212 0.440 0.075 0.273 
126 z0045742    (0)    2 :  0.078 0.512 0.189 0.221 
127 z0045776    (0)    3 :  0.263 0.319 0.250 0.168 
128 z0045779    (0)    2 :  0.056 0.702 0.179 0.063 
129 z0045781    (0)    2 :  0.217 0.540 0.099 0.144 
130 z0045788    (5)    2 :  0.119 0.746 0.084 0.051 
131 z0045789    (2)    2 :  0.199 0.601 0.077 0.124 
132 z0045791    (4)    2 :  0.169 0.562 0.095 0.174 
133 z0045792   (22)    1 :  0.243 0.223 0.354 0.179 
134 z0045793    (0)    3 :  0.054 0.191 0.204 0.550 
135 z0047562   (14)    2 :  0.147 0.503 0.135 0.215 
136 z0047854    (1)    2 :  0.118 0.514 0.161 0.207 
137 z0051185    (0)    1 :  0.175 0.060 0.166 0.600 
138 z0051324    (0)    1 :  0.225 0.117 0.409 0.249 
139 z0051327    (3)    3 :  0.118 0.281 0.173 0.428 
140 z0051328    (1)    1 :  0.184 0.175 0.527 0.114 
141 z0051380    (0)    1 :  0.092 0.032 0.816 0.061 
142 z0051400    (0)    3 :  0.143 0.230 0.364 0.263 
143 z0051431   (21)    3 :  0.128 0.345 0.105 0.422 
144 z0051840   (33)    2 :  0.184 0.445 0.099 0.271 
145 z0051844   (27)    2 :  0.276 0.413 0.111 0.200 
146 z0051875   (28)    3 :  0.121 0.116 0.191 0.572 
147 z0051885    (7)    3 :  0.162 0.481 0.097 0.260 
148 z0051888    (0)    2 :  0.117 0.505 0.184 0.194 
149 z0051891    (0)    1 :  0.278 0.191 0.207 0.323 
150 z0051893    (2)    1 :  0.203 0.155 0.459 0.182 
151 z0051895    (0)    3 :  0.181 0.118 0.325 0.377 
152 z0051918    (0)    3 :  0.451 0.345 0.087 0.117 
153 z0051929    (1)    1 :  0.128 0.105 0.572 0.195 
154 z0051939   (11)    3 :  0.171 0.288 0.102 0.440 
155 z0051947    (3)    1 :  0.110 0.097 0.649 0.144 
156 z0051959    (1)    3 :  0.450 0.212 0.167 0.171 
157 z0052846    (0)    4 :  0.241 0.226 0.223 0.309 
158 z0052882    (1)    2 :  0.212 0.357 0.206 0.225 
159 z0053020   (20)    2 :  0.281 0.432 0.141 0.146 
160 z0053024   (12)    2 :  0.243 0.295 0.199 0.263 
161 z0053025    (3)    2 :  0.083 0.735 0.065 0.118 
162 z0053031    (0)    2 :  0.306 0.224 0.225 0.245 
163 z0053032    (0)    2 :  0.241 0.372 0.258 0.129 
164 z0053040    (5)    2 :  0.217 0.366 0.189 0.228 
165 z0053051    (0)    3 :  0.309 0.083 0.084 0.525 
166 z0053054    (5)    3 :  0.180 0.095 0.208 0.517 
167 z0053071    (2)    2 :  0.105 0.660 0.085 0.150 
168 z0053073    (1)    2 :  0.311 0.202 0.253 0.234 
169 z0053078    (0)    3 :  0.423 0.415 0.062 0.101 
170 z0053082    (1)    3 :  0.089 0.446 0.125 0.339 
171 z0053083   (12)    2 :  0.199 0.408 0.180 0.213 
172 z0053090   (10)    3 :  0.210 0.523 0.120 0.147 
173 z0053096    (0)    2 :  0.186 0.683 0.047 0.085 
174 z0053100    (6)    2 :  0.137 0.537 0.122 0.204 
175 z0053101    (0)    2 :  0.304 0.444 0.140 0.113 
176 z0053102    (8)    2 :  0.124 0.563 0.085 0.228 
177 z0053103    (0)    2 :  0.075 0.704 0.112 0.108 
178 z0053111    (2)    3 :  0.276 0.185 0.184 0.355 
179 z0053131    (0)    2 :  0.134 0.423 0.229 0.214 
180 z0053132    (0)    2 :  0.430 0.337 0.059 0.175 
181 z0053133    (0)    2 :  0.250 0.194 0.109 0.447 
182 z0053138    (0)    2 :  0.147 0.335 0.266 0.252 
183 z0053142    (2)    2 :  0.208 0.349 0.318 0.125 
184 z0053149    (0)    2 :  0.223 0.483 0.184 0.110 
185 z0053754    (1)    1 :  0.450 0.160 0.259 0.131 
186 z0053756    (1)    1 :  0.565 0.090 0.199 0.146 
187 z0053758   (17)    1 :  0.087 0.109 0.263 0.541 
188 z0053759    (0)    1 :  0.236 0.085 0.455 0.223 
189 z0053842    (1)    1 :  0.188 0.153 0.251 0.409 
190 z0053843    (6)    1 :  0.149 0.064 0.269 0.518 
191 z0053844    (7)    1 :  0.185 0.159 0.281 0.375 
192 z0053846    (2)    1 :  0.101 0.063 0.305 0.530 
193 z0053847    (0)    1 :  0.113 0.152 0.551 0.183 
194 z0053849    (1)    1 :  0.404 0.112 0.188 0.296 
195 z0055903    (1)    4 :  0.285 0.143 0.322 0.250 
196 z0055910   (34)    4 :  0.341 0.267 0.221 0.170 
197 z0055912    (7)    4 :  0.404 0.273 0.125 0.197 
198 z0055916   (15)    4 :  0.287 0.250 0.224 0.239 
199 z0055931    (2)    4 :  0.139 0.591 0.129 0.141 
200 z0055944    (3)    4 :  0.194 0.233 0.337 0.235 
201 z0055947    (9)    4 :  0.191 0.217 0.145 0.448 
202 z0055962    (6)    4 :  0.145 0.467 0.128 0.260 
203 z0055963   (21)    4 :  0.230 0.442 0.108 0.219 
204 z0055965   (25)    4 :  0.543 0.077 0.169 0.211 
205 z0055970   (15)    4 :  0.198 0.334 0.317 0.152 
206 z0055971    (7)    4 :  0.274 0.293 0.256 0.177 
207 z0055977    (6)    4 :  0.221 0.425 0.115 0.238 
208 z0055986   (19)    4 :  0.141 0.136 0.317 0.406 
209 z0055990    (6)    4 :  0.129 0.546 0.116 0.209 
210 z0055996    (2)    4 :  0.092 0.354 0.144 0.409 
211 z0055997    (3)    4 :  0.152 0.317 0.283 0.249 
212 z0055998    (4)    4 :  0.424 0.165 0.198 0.213 
213 z0055999    (2)    4 :  0.221 0.149 0.328 0.302 
214 z0056011    (7)    4 :  0.292 0.226 0.193 0.289 
215 z0056029    (4)    4 :  0.160 0.354 0.298 0.188 
216 z0056034    (0)    4 :  0.180 0.435 0.176 0.209 
217 z0056056   (25)    3 :  0.170 0.177 0.396 0.258 
218 z0056058    (5)    3 :  0.038 0.036 0.864 0.063 
219 z0056059    (8)    3 :  0.217 0.216 0.222 0.345 
220 z0056062    (1)    3 :  0.348 0.177 0.334 0.140 
221 z0056063    (4)    3 :  0.263 0.103 0.236 0.397 
222 z0056064    (0)    3 :  0.440 0.141 0.148 0.270 
223 z0056065    (0)    3 :  0.264 0.087 0.340 0.309 
224 z0056073    (0)    3 :  0.155 0.124 0.277 0.444 
225 z0056076    (4)    3 :  0.298 0.192 0.270 0.241 
226 z0056079    (9)    3 :  0.290 0.088 0.306 0.316 
227 z0056085    (0)    3 :  0.252 0.137 0.135 0.476 
228 z0056092    (1)    3 :  0.395 0.086 0.162 0.357 
229 z0056095    (1)    3 :  0.347 0.082 0.222 0.349 
230 z0056103    (7)    3 :  0.236 0.054 0.564 0.146 
231 z0056374    (7)    1 :  0.077 0.055 0.761 0.107 
232 z0056375    (0)    1 :  0.168 0.077 0.351 0.405 
233 z0056377    (0)    1 :  0.267 0.169 0.315 0.248 
234 z0056378    (0)    1 :  0.123 0.123 0.633 0.121 
235 z0056382    (0)    1 :  0.140 0.063 0.158 0.639 
236 z0056384    (3)    1 :  0.361 0.117 0.363 0.159 
237 z0056386    (7)    1 :  0.159 0.067 0.264 0.510 
238 z0056389    (0)    1 :  0.054 0.058 0.162 0.727 
239 z0056391    (1)    1 :  0.048 0.034 0.522 0.396 
240 z0056392   (11)    1 :  0.101 0.080 0.630 0.189 
241 z0056393    (8)    1 :  0.112 0.142 0.359 0.388 
242 z0056394    (0)    1 :  0.120 0.113 0.436 0.330 
243 z0056395    (1)    1 :  0.276 0.168 0.445 0.111 
244 z0056397    (0)    1 :  0.388 0.257 0.220 0.135 
245 z0061527    (2)    3 :  0.119 0.574 0.139 0.168 
246 z0061967    (1)    3 :  0.242 0.171 0.200 0.386 
247 z0061969    (0)    3 :  0.072 0.398 0.188 0.342 
248 z0061980    (1)    1 :  0.293 0.150 0.328 0.230 
249 z0066166    (3)    3 :  0.102 0.281 0.330 0.287 
250 z0066792    (2)    1 :  0.701 0.130 0.078 0.091 
251 z0066805    (1)    1 :  0.734 0.092 0.092 0.083 
252 z0068471    (2)    3 :  0.226 0.142 0.511 0.121 
253 z0075696    (6)    5 :  0.812 0.059 0.043 0.085 
254 z0101084    (7)    1 :  0.117 0.103 0.671 0.109 
255 z0107099    (2)    3 :  0.129 0.044 0.507 0.320 
256 z0107101    (0)    1 :  0.047 0.054 0.754 0.145 
257 z0108489    (0)    1 :  0.344 0.179 0.335 0.142 
258 z0108513    (0)    1 :  0.092 0.132 0.436 0.340 
259 z0108528    (0)    3 :  0.098 0.271 0.338 0.293 
260 z0113628    (1)    3 :  0.354 0.228 0.101 0.316 
261 z0133302   (16)    1 :  0.174 0.146 0.342 0.338 
262 z0173485    (1)    1 :  0.167 0.352 0.115 0.366 
263 z0175371    (1)    3 :  0.402 0.278 0.125 0.195 
264 z0175378    (0)    2 :  0.063 0.600 0.087 0.250 
265 z0175912    (0)    1 :  0.130 0.119 0.658 0.093 
266 z0175916    (1)    1 :  0.251 0.330 0.243 0.177 
267 z0175937    (1)    1 :  0.233 0.089 0.293 0.385 
268 z0178348   (12)    1 :  0.152 0.132 0.613 0.104 
269 z0187819    (7)    3 :  0.173 0.129 0.481 0.216 
270 z0187857    (1)    1 :  0.075 0.136 0.625 0.164 
271 z0187860    (0)    1 :  0.143 0.189 0.322 0.346 
272 z0187885    (0)    2 :  0.376 0.390 0.078 0.156 
273 z0187906    (9)    1 :  0.433 0.175 0.172 0.220 
274 z0195655    (0)    2 :  0.080 0.714 0.105 0.102 
275 z0195663    (0)    3 :  0.263 0.460 0.087 0.190 
276 z0195683    (1)    3 :  0.114 0.092 0.273 0.521 
277 z0195688    (0)    2 :  0.301 0.308 0.170 0.221 
278 z0195691    (0)    3 :  0.294 0.197 0.106 0.403 
279 z0195699    (0)    3 :  0.118 0.164 0.166 0.552 
280 z0195701    (7)    3 :  0.254 0.095 0.334 0.318 
281 z0195702    (0)    3 :  0.297 0.254 0.182 0.267 
282 z0195704    (0)    3 :  0.139 0.263 0.504 0.094 
283 z0195705    (0)    3 :  0.139 0.611 0.098 0.152 
284 z0195711    (0)    3 :  0.458 0.139 0.182 0.221 
285 z0195716    (0)    3 :  0.418 0.134 0.201 0.248 
286 z0195718   (12)    3 :  0.246 0.057 0.331 0.366 
287 z0195725    (5)    3 :  0.111 0.361 0.420 0.109 
288 z0195726   (16)    1 :  0.280 0.095 0.208 0.417 
289 z0195728   (14)    3 :  0.081 0.036 0.217 0.666 
290 z0195732   (16)    3 :  0.225 0.058 0.287 0.430 
291 z0195737    (0)    3 :  0.174 0.409 0.169 0.247 
292 z0195740   (26)    3 :  0.356 0.226 0.185 0.234 
293 z0195751    (1)    3 :  0.114 0.063 0.203 0.620 
294 z0195762    (1)    3 :  0.645 0.075 0.121 0.159 
295 z0195784    (0)    3 :  0.291 0.081 0.305 0.323 
296 z0196686    (0)    5 :  0.854 0.040 0.056 0.050 
297 z0196687    (0)    5 :  0.745 0.120 0.067 0.068 
298 z0196689    (0)    5 :  0.770 0.107 0.050 0.072 
299 z0196690    (2)    5 :  0.702 0.054 0.144 0.100 
300 z0196691    (7)    5 :  0.808 0.037 0.065 0.090 
301 z0196692    (1)    5 :  0.679 0.091 0.124 0.106 
302 z0196693    (1)    5 :  0.702 0.071 0.096 0.130 
303 z0196694    (1)    5 :  0.732 0.067 0.111 0.090 
304 z0196710    (0)    3 :  0.418 0.177 0.217 0.188 
305 z0196715   (22)    3 :  0.117 0.070 0.352 0.461 
306 z0196719    (0)    3 :  0.172 0.178 0.198 0.453 
307 z0196724   (20)    3 :  0.142 0.164 0.196 0.499 
308 z0196725    (0)    3 :  0.169 0.100 0.553 0.177 
309 z0196729    (1)    3 :  0.194 0.112 0.298 0.396 
310 z0196730    (3)    1 :  0.074 0.099 0.767 0.060 
311 z0196731    (0)    3 :  0.185 0.093 0.342 0.380 
312 z0196733   (13)    1 :  0.244 0.119 0.303 0.334 
313 z0196734    (1)    3 :  0.195 0.193 0.131 0.481 
314 z0196739   (17)    3 :  0.117 0.309 0.326 0.247 
315 z0196740   (11)    3 :  0.472 0.092 0.167 0.269 
316 z0196746    (1)    1 :  0.167 0.062 0.620 0.152 
317 z0196751    (0)    3 :  0.230 0.137 0.230 0.403 
318 z0196752    (0)    3 :  0.656 0.050 0.123 0.170 
319 z0196754    (0)    3 :  0.097 0.160 0.221 0.522 
320 z0196758    (1)    1 :  0.286 0.147 0.353 0.214 
321 z0196763    (1)    3 :  0.292 0.145 0.132 0.430 
322 z0196764    (0)    3 :  0.254 0.092 0.248 0.407 
323 z0196766    (0)    3 :  0.255 0.074 0.338 0.333 
324 z0196769    (1)    3 :  0.275 0.061 0.314 0.350 
325 z0196774    (0)    3 :  0.463 0.056 0.294 0.187 
326 z0196783    (0)    1 :  0.079 0.047 0.664 0.209 
327 z0196794    (2)    1 :  0.191 0.047 0.377 0.385 
328 z0196804   (14)    1 :  0.204 0.080 0.326 0.390 
329 z0196809    (0)    3 :  0.311 0.072 0.201 0.416 
330 z0196810    (1)    1 :  0.392 0.113 0.305 0.190 
331 z0196811    (0)    1 :  0.327 0.061 0.261 0.351 
332 z0196824    (0)    3 :  0.259 0.297 0.215 0.230 
333 z0196825    (0)    3 :  0.125 0.168 0.371 0.335 
334 z0196828    (1)    2 :  0.220 0.221 0.304 0.255 
335 z0196829    (0)    3 :  0.171 0.188 0.352 0.289 
336 z0196834   (26)    3 :  0.134 0.233 0.242 0.392 
337 z0196835    (0)    3 :  0.075 0.083 0.533 0.310 
338 z0196841   (20)    3 :  0.329 0.107 0.214 0.350 
339 z0196843   (25)    3 :  0.110 0.132 0.636 0.122 
340 z0196849    (0)    3 :  0.127 0.105 0.158 0.611 
341 z0196852    (0)    2 :  0.283 0.302 0.119 0.296 
342 z0196855    (0)    2 :  0.308 0.343 0.188 0.161 
343 z0196856    (0)    3 :  0.355 0.338 0.103 0.204 
344 z0196864    (1)    3 :  0.260 0.424 0.126 0.189 
345 z0196894    (0)    3 :  0.417 0.075 0.291 0.216 
346 z0197662    (2)    1 :  0.165 0.367 0.315 0.153 
347 z0197665    (2)    1 :  0.106 0.049 0.746 0.098 
348 z0197668   (20)    3 :  0.596 0.116 0.079 0.208 
349 z0197669    (0)    3 :  0.199 0.468 0.104 0.229 
350 z0197672    (1)    3 :  0.217 0.118 0.121 0.543 


Estimated Allele Frequencies in each cluster
First column gives estimated ancestral frequencies


Locus 1 : Mnov_gtseq_1 
2 alleles
0.0% missing data
   0   (0.424) 0.474 0.298 0.431 0.417 
   1   (0.576) 0.526 0.702 0.569 0.583 

Locus 2 : Mnov_gtseq_10 
2 alleles
0.3% missing data
   0   (0.805) 0.881 0.953 0.721 0.738 
   1   (0.195) 0.119 0.047 0.279 0.262 

Locus 3 : Mnov_gtseq_102 
2 alleles
0.9% missing data
   0   (0.541) 0.547 0.754 0.448 0.529 
   1   (0.459) 0.453 0.246 0.552 0.471 

Locus 4 : Mnov_gtseq_104 
2 alleles
0.3% missing data
   0   (0.855) 0.946 0.948 0.743 0.819 
   1   (0.145) 0.054 0.052 0.257 0.181 

Locus 5 : Mnov_gtseq_106 
2 alleles
14.9% missing data
   1   (0.756) 0.711 0.804 0.779 0.806 
   0   (0.244) 0.289 0.196 0.221 0.194 

Locus 6 : Mnov_gtseq_107 
2 alleles
37.4% missing data
   1   (0.208) 0.135 0.447 0.215 0.151 
   0   (0.792) 0.865 0.553 0.785 0.849 

Locus 7 : Mnov_gtseq_112 
2 alleles
0.9% missing data
   0   (0.604) 0.421 0.703 0.651 0.686 
   1   (0.396) 0.579 0.297 0.349 0.314 

Locus 8 : Mnov_gtseq_113 
2 alleles
2.0% missing data
   1   (0.724) 0.696 0.635 0.774 0.783 
   0   (0.276) 0.304 0.365 0.226 0.217 

Locus 9 : Mnov_gtseq_114 
3 alleles
4.3% missing data
   0   (0.522) 0.474 0.299 0.588 0.624 
   1   (0.447) 0.515 0.666 0.403 0.362 
   2   (0.032) 0.011 0.035 0.009 0.014 

Locus 10 : Mnov_gtseq_117 
2 alleles
26.9% missing data
   0   (0.628) 0.636 0.839 0.520 0.608 
   1   (0.372) 0.364 0.161 0.480 0.392 

Locus 11 : Mnov_gtseq_12 
2 alleles
0.3% missing data
   0   (0.482) 0.609 0.258 0.332 0.574 
   1   (0.518) 0.391 0.742 0.668 0.426 

Locus 12 : Mnov_gtseq_124 
4 alleles
5.1% missing data
   3   (0.711) 0.782 0.875 0.652 0.732 
   2   (0.228) 0.188 0.106 0.334 0.224 
   1   (0.034) 0.012 0.016 0.005 0.032 
   0   (0.027) 0.018 0.004 0.009 0.012 

Locus 13 : Mnov_gtseq_125 
3 alleles
1.7% missing data
   1   (0.226) 0.195 0.387 0.103 0.229 
   2   (0.699) 0.753 0.238 0.874 0.735 
   0   (0.075) 0.052 0.375 0.023 0.036 

Locus 14 : Mnov_gtseq_126 
2 alleles
0.0% missing data
   0   (0.348) 0.564 0.301 0.256 0.254 
   1   (0.652) 0.436 0.699 0.744 0.746 

Locus 15 : Mnov_gtseq_127 
2 alleles
6.9% missing data
   0   (0.639) 0.654 0.418 0.639 0.717 
   1   (0.361) 0.346 0.582 0.361 0.283 

Locus 16 : Mnov_gtseq_128 
2 alleles
30.9% missing data
   0   (0.690) 0.654 0.659 0.810 0.689 
   1   (0.310) 0.346 0.341 0.190 0.311 

Locus 17 : Mnov_gtseq_129 
3 alleles
2.0% missing data
   0   (0.492) 0.379 0.597 0.557 0.514 
   1   (0.323) 0.248 0.309 0.308 0.363 
   2   (0.185) 0.372 0.094 0.135 0.123 

Locus 18 : Mnov_gtseq_13 
3 alleles
0.0% missing data
   1   (0.418) 0.267 0.373 0.490 0.538 
   2   (0.172) 0.287 0.139 0.116 0.112 
   0   (0.410) 0.447 0.488 0.394 0.350 

Locus 19 : Mnov_gtseq_130 
2 alleles
28.6% missing data
   1   (0.510) 0.561 0.496 0.481 0.492 
   0   (0.490) 0.439 0.504 0.519 0.508 

Locus 20 : Mnov_gtseq_135 
2 alleles
0.6% missing data
   0   (0.459) 0.426 0.523 0.379 0.500 
   1   (0.541) 0.574 0.477 0.621 0.500 

Locus 21 : Mnov_gtseq_138 
3 alleles
0.6% missing data
   0   (0.253) 0.166 0.290 0.311 0.246 
   1   (0.520) 0.585 0.622 0.463 0.508 
   2   (0.227) 0.249 0.088 0.226 0.246 

Locus 22 : Mnov_gtseq_140 
2 alleles
1.1% missing data
   0   (0.451) 0.336 0.598 0.290 0.574 
   1   (0.549) 0.664 0.402 0.710 0.426 

Locus 23 : Mnov_gtseq_141 
2 alleles
0.3% missing data
   0   (0.553) 0.494 0.521 0.724 0.506 
   1   (0.447) 0.506 0.479 0.276 0.494 

Locus 24 : Mnov_gtseq_143 
2 alleles
2.6% missing data
   1   (0.554) 0.418 0.491 0.690 0.594 
   0   (0.446) 0.582 0.509 0.310 0.406 

Locus 25 : Mnov_gtseq_145 
2 alleles
2.0% missing data
   0   (0.464) 0.346 0.470 0.558 0.483 
   1   (0.536) 0.654 0.530 0.442 0.517 

Locus 26 : Mnov_gtseq_147 
3 alleles
25.4% missing data
   0   (0.781) 0.808 0.511 0.854 0.845 
   2   (0.146) 0.122 0.088 0.125 0.124 
   1   (0.073) 0.070 0.400 0.021 0.031 

Locus 27 : Mnov_gtseq_148 
3 alleles
9.1% missing data
   0   (0.303) 0.474 0.127 0.216 0.305 
   1   (0.422) 0.364 0.634 0.487 0.354 
   2   (0.274) 0.162 0.239 0.297 0.341 

Locus 28 : Mnov_gtseq_149 
2 alleles
0.3% missing data
   0   (0.601) 0.598 0.548 0.658 0.601 
   1   (0.399) 0.402 0.452 0.342 0.399 

Locus 29 : Mnov_gtseq_15 
2 alleles
0.0% missing data
   0   (0.492) 0.464 0.404 0.380 0.610 
   1   (0.508) 0.536 0.596 0.620 0.390 

Locus 30 : Mnov_gtseq_152 
2 alleles
0.9% missing data
   0   (0.334) 0.287 0.404 0.285 0.334 
   1   (0.666) 0.713 0.596 0.715 0.666 

Locus 31 : Mnov_gtseq_154 
3 alleles
3.4% missing data
   0   (0.351) 0.390 0.158 0.474 0.345 
   2   (0.222) 0.222 0.257 0.150 0.213 
   1   (0.426) 0.388 0.584 0.376 0.442 

Locus 32 : Mnov_gtseq_157 
2 alleles
0.6% missing data
   1   (0.545) 0.508 0.659 0.523 0.556 
   0   (0.455) 0.492 0.341 0.477 0.444 

Locus 33 : Mnov_gtseq_158 
2 alleles
0.6% missing data
   0   (0.432) 0.411 0.075 0.642 0.504 
   1   (0.568) 0.589 0.925 0.358 0.496 

Locus 34 : Mnov_gtseq_159 
3 alleles
24.0% missing data
   0   (0.604) 0.611 0.385 0.683 0.680 
   1   (0.191) 0.159 0.399 0.201 0.122 
   2   (0.205) 0.229 0.217 0.116 0.198 

Locus 35 : Mnov_gtseq_16 
2 alleles
0.0% missing data
   0   (0.643) 0.672 0.587 0.582 0.708 
   1   (0.357) 0.328 0.413 0.418 0.292 

Locus 36 : Mnov_gtseq_160 
2 alleles
2.3% missing data
   0   (0.489) 0.466 0.408 0.558 0.498 
   1   (0.511) 0.534 0.592 0.442 0.502 

Locus 37 : Mnov_gtseq_161 
2 alleles
1.7% missing data
   1   (0.752) 0.731 0.827 0.785 0.766 
   0   (0.248) 0.269 0.173 0.215 0.234 

Locus 38 : Mnov_gtseq_167 
3 alleles
1.1% missing data
   2   (0.736) 0.839 0.797 0.605 0.783 
   0   (0.192) 0.129 0.120 0.371 0.144 
   1   (0.072) 0.033 0.083 0.024 0.073 

Locus 39 : Mnov_gtseq_17 
2 alleles
0.3% missing data
   0   (0.530) 0.566 0.457 0.541 0.520 
   1   (0.470) 0.434 0.543 0.459 0.480 

Locus 40 : Mnov_gtseq_170 
2 alleles
0.0% missing data
   0   (0.320) 0.305 0.239 0.240 0.365 
   1   (0.680) 0.695 0.761 0.760 0.635 

Locus 41 : Mnov_gtseq_171 
3 alleles
41.4% missing data
   2   (0.599) 0.690 0.619 0.598 0.567 
   0   (0.311) 0.229 0.266 0.326 0.385 
   1   (0.090) 0.081 0.115 0.076 0.048 

Locus 42 : Mnov_gtseq_173 
4 alleles
21.4% missing data
   3   (0.413) 0.610 0.594 0.225 0.335 
   1   (0.517) 0.349 0.257 0.761 0.634 
   2   (0.055) 0.038 0.148 0.013 0.025 
   0   (0.015) 0.003 0.001 0.002 0.006 

Locus 43 : Mnov_gtseq_174 
2 alleles
2.6% missing data
   0   (0.266) 0.259 0.458 0.307 0.164 
   1   (0.734) 0.741 0.542 0.693 0.836 

Locus 44 : Mnov_gtseq_180 
3 alleles
14.3% missing data
   1   (0.607) 0.393 0.910 0.622 0.658 
   2   (0.301) 0.534 0.079 0.293 0.243 
   0   (0.092) 0.073 0.011 0.084 0.099 

Locus 45 : Mnov_gtseq_182 
2 alleles
8.6% missing data
   0   (0.821) 0.923 0.842 0.759 0.790 
   1   (0.179) 0.077 0.158 0.241 0.210 

Locus 46 : Mnov_gtseq_186 
3 alleles
28.0% missing data
   1   (0.475) 0.464 0.496 0.481 0.488 
   2   (0.090) 0.110 0.018 0.075 0.074 
   0   (0.435) 0.426 0.487 0.444 0.438 

Locus 47 : Mnov_gtseq_187 
2 alleles
7.1% missing data
   1   (0.585) 0.551 0.724 0.460 0.645 
   0   (0.415) 0.449 0.276 0.540 0.355 

Locus 48 : Mnov_gtseq_188 
2 alleles
13.4% missing data
   0   (0.556) 0.725 0.638 0.459 0.465 
   1   (0.444) 0.275 0.362 0.541 0.535 

Locus 49 : Mnov_gtseq_189 
2 alleles
3.7% missing data
   0   (0.444) 0.265 0.466 0.611 0.465 
   1   (0.556) 0.735 0.534 0.389 0.535 

Locus 50 : Mnov_gtseq_19 
3 alleles
0.0% missing data
   1   (0.856) 0.845 0.766 0.876 0.920 
   2   (0.086) 0.039 0.043 0.110 0.067 
   0   (0.059) 0.116 0.191 0.014 0.013 

Locus 51 : Mnov_gtseq_190 
2 alleles
0.0% missing data
   1   (0.424) 0.398 0.353 0.410 0.456 
   0   (0.576) 0.602 0.647 0.590 0.544 

Locus 52 : Mnov_gtseq_192 
2 alleles
20.9% missing data
   0   (0.815) 0.873 0.826 0.837 0.797 
   1   (0.185) 0.127 0.174 0.163 0.203 

Locus 53 : Mnov_gtseq_193 
2 alleles
0.0% missing data
   0   (0.711) 0.613 0.785 0.711 0.783 
   1   (0.289) 0.387 0.215 0.289 0.217 

Locus 54 : Mnov_gtseq_195 
3 alleles
0.0% missing data
   1   (0.538) 0.675 0.562 0.447 0.514 
   2   (0.435) 0.305 0.435 0.547 0.470 
   0   (0.027) 0.020 0.003 0.006 0.017 

Locus 55 : Mnov_gtseq_196 
2 alleles
0.3% missing data
   0   (0.340) 0.443 0.115 0.396 0.309 
   1   (0.660) 0.557 0.885 0.604 0.691 

Locus 56 : Mnov_gtseq_197 
3 alleles
0.3% missing data
   1   (0.384) 0.388 0.303 0.448 0.352 
   0   (0.429) 0.281 0.613 0.444 0.493 
   2   (0.188) 0.331 0.084 0.108 0.155 

Locus 57 : Mnov_gtseq_2 
3 alleles
0.3% missing data
   0   (0.187) 0.159 0.274 0.101 0.186 
   2   (0.773) 0.732 0.722 0.891 0.796 
   1   (0.040) 0.110 0.004 0.008 0.018 

Locus 58 : Mnov_gtseq_200 
2 alleles
2.3% missing data
   0   (0.401) 0.293 0.661 0.366 0.391 
   1   (0.599) 0.707 0.339 0.634 0.609 

Locus 59 : Mnov_gtseq_201 
4 alleles
0.0% missing data
   0   (0.573) 0.718 0.623 0.487 0.535 
   2   (0.151) 0.072 0.201 0.140 0.154 
   3   (0.154) 0.106 0.156 0.069 0.226 
   1   (0.122) 0.103 0.020 0.304 0.085 

Locus 60 : Mnov_gtseq_202 
2 alleles
0.0% missing data
   0   (0.421) 0.313 0.535 0.461 0.426 
   1   (0.579) 0.687 0.465 0.539 0.574 

Locus 61 : Mnov_gtseq_204 
2 alleles
3.4% missing data
   0   (0.435) 0.434 0.555 0.478 0.375 
   1   (0.565) 0.566 0.445 0.522 0.625 

Locus 62 : Mnov_gtseq_205 
5 alleles
0.0% missing data
   0   (0.217) 0.192 0.215 0.119 0.323 
   4   (0.036) 0.013 0.138 0.008 0.013 
   3   (0.668) 0.737 0.581 0.835 0.628 
   1   (0.062) 0.054 0.065 0.028 0.030 
   2   (0.018) 0.005 0.001 0.010 0.006 

Locus 63 : Mnov_gtseq_208 
2 alleles
0.0% missing data
   0   (0.649) 0.644 0.383 0.803 0.658 
   1   (0.351) 0.356 0.617 0.197 0.342 

Locus 64 : Mnov_gtseq_209 
3 alleles
0.0% missing data
   0   (0.451) 0.331 0.575 0.389 0.543 
   2   (0.506) 0.641 0.295 0.602 0.444 
   1   (0.043) 0.028 0.130 0.009 0.013 

Locus 65 : Mnov_gtseq_21 
2 alleles
0.0% missing data
   1   (0.532) 0.578 0.335 0.691 0.483 
   0   (0.468) 0.422 0.665 0.309 0.517 

Locus 66 : Mnov_gtseq_210 
2 alleles
4.6% missing data
   0   (0.392) 0.310 0.217 0.471 0.484 
   1   (0.608) 0.690 0.783 0.529 0.516 

Locus 67 : Mnov_gtseq_211 
2 alleles
1.1% missing data
   0   (0.417) 0.396 0.292 0.491 0.418 
   1   (0.583) 0.604 0.708 0.509 0.582 

Locus 68 : Mnov_gtseq_213 
2 alleles
5.4% missing data
   0   (0.513) 0.499 0.370 0.575 0.545 
   1   (0.487) 0.501 0.630 0.425 0.455 

Locus 69 : Mnov_gtseq_214 
2 alleles
5.1% missing data
   0   (0.520) 0.392 0.779 0.571 0.489 
   1   (0.480) 0.608 0.221 0.429 0.511 

Locus 70 : Mnov_gtseq_215 
2 alleles
0.0% missing data
   0   (0.445) 0.351 0.579 0.431 0.456 
   1   (0.555) 0.649 0.421 0.569 0.544 

Locus 71 : Mnov_gtseq_216 
3 alleles
0.0% missing data
   2   (0.512) 0.570 0.703 0.435 0.469 
   1   (0.464) 0.398 0.293 0.561 0.525 
   0   (0.024) 0.032 0.004 0.003 0.006 

Locus 72 : Mnov_gtseq_217 
2 alleles
23.7% missing data
   0   (0.323) 0.262 0.193 0.230 0.455 
   1   (0.677) 0.738 0.807 0.770 0.545 

Locus 73 : Mnov_gtseq_218 
2 alleles
0.6% missing data
   0   (0.586) 0.710 0.817 0.521 0.447 
   1   (0.414) 0.290 0.183 0.479 0.553 

Locus 74 : Mnov_gtseq_22 
4 alleles
3.4% missing data
   2   (0.491) 0.441 0.751 0.547 0.468 
   0   (0.229) 0.224 0.142 0.182 0.278 
   1   (0.212) 0.234 0.098 0.235 0.201 
   3   (0.067) 0.101 0.009 0.036 0.054 

Locus 75 : Mnov_gtseq_220 
3 alleles
0.0% missing data
   0   (0.498) 0.576 0.662 0.540 0.397 
   1   (0.452) 0.341 0.312 0.445 0.583 
   2   (0.050) 0.083 0.027 0.015 0.020 

Locus 76 : Mnov_gtseq_223 
2 alleles
2.6% missing data
   0   (0.653) 0.610 0.617 0.699 0.700 
   1   (0.347) 0.390 0.383 0.301 0.300 

Locus 77 : Mnov_gtseq_224 
3 alleles
0.6% missing data
   0   (0.225) 0.247 0.281 0.257 0.144 
   1   (0.723) 0.725 0.711 0.697 0.811 
   2   (0.052) 0.029 0.008 0.046 0.045 

Locus 78 : Mnov_gtseq_225 
2 alleles
0.0% missing data
   0   (0.515) 0.360 0.496 0.632 0.576 
   1   (0.485) 0.640 0.504 0.368 0.424 

Locus 79 : Mnov_gtseq_227 
2 alleles
0.3% missing data
   0   (0.519) 0.611 0.641 0.487 0.428 
   1   (0.481) 0.389 0.359 0.513 0.572 

Locus 80 : Mnov_gtseq_229 
2 alleles
0.9% missing data
   1   (0.530) 0.562 0.613 0.654 0.406 
   0   (0.470) 0.438 0.387 0.346 0.594 

Locus 81 : Mnov_gtseq_232 
2 alleles
0.0% missing data
   0   (0.468) 0.395 0.689 0.479 0.427 
   1   (0.532) 0.605 0.311 0.521 0.573 

Locus 82 : Mnov_gtseq_234 
2 alleles
9.1% missing data
   0   (0.742) 0.763 0.847 0.604 0.797 
   1   (0.258) 0.237 0.153 0.396 0.203 

Locus 83 : Mnov_gtseq_235 
2 alleles
0.0% missing data
   0   (0.785) 0.882 0.885 0.756 0.706 
   1   (0.215) 0.118 0.115 0.244 0.294 

Locus 84 : Mnov_gtseq_238 
2 alleles
0.0% missing data
   0   (0.606) 0.600 0.779 0.627 0.553 
   1   (0.394) 0.400 0.221 0.373 0.447 

Locus 85 : Mnov_gtseq_239 
2 alleles
0.0% missing data
   0   (0.717) 0.717 0.771 0.775 0.692 
   1   (0.283) 0.283 0.229 0.225 0.308 

Locus 86 : Mnov_gtseq_241 
2 alleles
0.0% missing data
   0   (0.844) 0.905 0.835 0.838 0.859 
   1   (0.156) 0.095 0.165 0.162 0.141 

Locus 87 : Mnov_gtseq_243 
2 alleles
0.0% missing data
   0   (0.597) 0.674 0.605 0.424 0.646 
   1   (0.403) 0.326 0.395 0.576 0.354 

Locus 88 : Mnov_gtseq_244 
2 alleles
0.0% missing data
   0   (0.338) 0.238 0.436 0.277 0.402 
   1   (0.662) 0.762 0.564 0.723 0.598 

Locus 89 : Mnov_gtseq_245 
2 alleles
20.0% missing data
   1   (0.496) 0.381 0.672 0.614 0.445 
   0   (0.504) 0.619 0.328 0.386 0.555 

Locus 90 : Mnov_gtseq_246 
2 alleles
0.3% missing data
   0   (0.431) 0.227 0.528 0.602 0.468 
   1   (0.569) 0.773 0.472 0.398 0.532 

Locus 91 : Mnov_gtseq_247 
2 alleles
3.1% missing data
   0   (0.297) 0.471 0.177 0.214 0.247 
   1   (0.703) 0.529 0.823 0.786 0.753 

Locus 92 : Mnov_gtseq_248 
2 alleles
0.3% missing data
   0   (0.220) 0.235 0.436 0.096 0.194 
   1   (0.780) 0.765 0.564 0.904 0.806 

Locus 93 : Mnov_gtseq_25 
2 alleles
0.3% missing data
   0   (0.454) 0.300 0.622 0.516 0.467 
   1   (0.546) 0.700 0.378 0.484 0.533 

Locus 94 : Mnov_gtseq_250 
2 alleles
3.4% missing data
   0   (0.782) 0.864 0.732 0.654 0.838 
   1   (0.218) 0.136 0.268 0.346 0.162 

Locus 95 : Mnov_gtseq_251 
2 alleles
2.0% missing data
   1   (0.212) 0.180 0.210 0.141 0.230 
   0   (0.788) 0.820 0.790 0.859 0.770 

Locus 96 : Mnov_gtseq_253 
2 alleles
16.3% missing data
   0   (0.475) 0.581 0.513 0.328 0.464 
   1   (0.525) 0.419 0.487 0.672 0.536 

Locus 97 : Mnov_gtseq_254 
2 alleles
0.0% missing data
   1   (0.921) 0.934 0.990 0.970 0.849 
   0   (0.079) 0.066 0.010 0.030 0.151 

Locus 98 : Mnov_gtseq_255 
3 alleles
0.0% missing data
   0   (0.333) 0.273 0.443 0.508 0.238 
   2   (0.387) 0.324 0.464 0.271 0.459 
   1   (0.280) 0.403 0.093 0.221 0.302 

Locus 99 : Mnov_gtseq_257 
2 alleles
0.0% missing data
   0   (0.630) 0.533 0.473 0.713 0.718 
   1   (0.370) 0.467 0.527 0.287 0.282 

Locus 100 : Mnov_gtseq_258 
2 alleles
0.0% missing data
   0   (0.518) 0.668 0.630 0.440 0.415 
   1   (0.482) 0.332 0.370 0.560 0.585 

Locus 101 : Mnov_gtseq_26 
2 alleles
0.0% missing data
   1   (0.893) 0.890 0.965 0.936 0.901 
   0   (0.107) 0.110 0.035 0.064 0.099 

Locus 102 : Mnov_gtseq_260 
2 alleles
0.6% missing data
   0   (0.760) 0.707 0.766 0.841 0.791 
   1   (0.240) 0.293 0.234 0.159 0.209 

Locus 103 : Mnov_gtseq_261 
3 alleles
0.3% missing data
   0   (0.466) 0.443 0.571 0.520 0.440 
   1   (0.284) 0.356 0.242 0.302 0.221 
   2   (0.250) 0.201 0.187 0.178 0.340 

Locus 104 : Mnov_gtseq_262 
3 alleles
3.1% missing data
   0   (0.392) 0.440 0.553 0.419 0.317 
   1   (0.449) 0.439 0.347 0.395 0.547 
   2   (0.159) 0.121 0.100 0.186 0.136 

Locus 105 : Mnov_gtseq_263 
2 alleles
0.0% missing data
   1   (0.822) 0.865 0.909 0.746 0.851 
   0   (0.178) 0.135 0.091 0.254 0.149 

Locus 106 : Mnov_gtseq_265 
2 alleles
0.0% missing data
   0   (0.441) 0.418 0.593 0.369 0.441 
   1   (0.559) 0.582 0.407 0.631 0.559 

Locus 107 : Mnov_gtseq_268 
2 alleles
0.0% missing data
   0   (0.566) 0.689 0.720 0.405 0.516 
   1   (0.434) 0.311 0.280 0.595 0.484 

Locus 108 : Mnov_gtseq_269 
2 alleles
1.1% missing data
   1   (0.478) 0.459 0.451 0.523 0.481 
   0   (0.522) 0.541 0.549 0.477 0.519 

Locus 109 : Mnov_gtseq_270 
2 alleles
11.1% missing data
   1   (0.772) 0.792 0.812 0.850 0.741 
   0   (0.228) 0.208 0.188 0.150 0.259 

Locus 110 : Mnov_gtseq_271 
3 alleles
9.7% missing data
   1   (0.586) 0.621 0.583 0.631 0.576 
   2   (0.362) 0.311 0.402 0.353 0.394 
   0   (0.052) 0.068 0.015 0.016 0.030 

Locus 111 : Mnov_gtseq_273 
2 alleles
1.4% missing data
   1   (0.528) 0.455 0.609 0.532 0.563 
   0   (0.472) 0.545 0.391 0.468 0.437 

Locus 112 : Mnov_gtseq_274 
2 alleles
0.0% missing data
   1   (0.506) 0.561 0.402 0.410 0.559 
   0   (0.494) 0.439 0.598 0.590 0.441 

Locus 113 : Mnov_gtseq_275 
3 alleles
13.4% missing data
   2   (0.740) 0.837 0.744 0.765 0.727 
   1   (0.229) 0.141 0.251 0.229 0.253 
   0   (0.031) 0.022 0.005 0.006 0.020 

Locus 114 : Mnov_gtseq_277 
2 alleles
0.0% missing data
   0   (0.800) 0.778 0.889 0.830 0.822 
   1   (0.200) 0.222 0.111 0.170 0.178 

Locus 115 : Mnov_gtseq_278 
2 alleles
1.1% missing data
   0   (0.891) 0.935 0.979 0.771 0.911 
   1   (0.109) 0.065 0.021 0.229 0.089 

Locus 116 : Mnov_gtseq_28 
2 alleles
0.3% missing data
   0   (0.776) 0.806 0.779 0.841 0.756 
   1   (0.224) 0.194 0.221 0.159 0.244 

Locus 117 : Mnov_gtseq_281 
3 alleles
1.7% missing data
   2   (0.852) 0.875 0.836 0.918 0.874 
   0   (0.118) 0.113 0.160 0.043 0.111 
   1   (0.030) 0.012 0.003 0.039 0.016 

Locus 118 : Mnov_gtseq_283 
2 alleles
20.6% missing data
   0   (0.754) 0.771 0.812 0.792 0.747 
   1   (0.246) 0.229 0.188 0.208 0.253 

Locus 119 : Mnov_gtseq_284 
2 alleles
0.0% missing data
   1   (0.652) 0.645 0.591 0.642 0.715 
   0   (0.348) 0.355 0.409 0.358 0.285 

Locus 120 : Mnov_gtseq_285 
3 alleles
0.0% missing data
   2   (0.563) 0.696 0.486 0.514 0.569 
   0   (0.217) 0.145 0.145 0.258 0.242 
   1   (0.221) 0.159 0.368 0.228 0.189 

Locus 121 : Mnov_gtseq_287 
2 alleles
0.0% missing data
   0   (0.780) 0.856 0.650 0.858 0.761 
   1   (0.220) 0.144 0.350 0.142 0.239 

Locus 122 : Mnov_gtseq_288 
3 alleles
15.7% missing data
   0   (0.567) 0.631 0.704 0.594 0.485 
   2   (0.399) 0.359 0.293 0.347 0.498 
   1   (0.034) 0.010 0.003 0.059 0.017 

Locus 123 : Mnov_gtseq_289 
4 alleles
0.0% missing data
   0   (0.453) 0.474 0.443 0.421 0.486 
   1   (0.381) 0.379 0.516 0.404 0.357 
   2   (0.136) 0.133 0.034 0.170 0.131 
   3   (0.030) 0.013 0.006 0.006 0.026 

Locus 124 : Mnov_gtseq_291 
4 alleles
0.6% missing data
   3   (0.702) 0.775 0.563 0.706 0.755 
   1   (0.137) 0.103 0.036 0.186 0.149 
   2   (0.039) 0.023 0.004 0.026 0.025 
   0   (0.123) 0.099 0.397 0.082 0.070 

Locus 125 : Mnov_gtseq_298 
2 alleles
35.7% missing data
   1   (0.609) 0.491 0.833 0.516 0.670 
   0   (0.391) 0.509 0.167 0.484 0.330 

Locus 126 : Mnov_gtseq_299 
2 alleles
0.9% missing data
   1   (0.575) 0.639 0.515 0.486 0.612 
   0   (0.425) 0.361 0.485 0.514 0.388 

Locus 127 : Mnov_gtseq_30 
2 alleles
16.9% missing data
   0   (0.942) 0.979 0.993 0.918 0.938 
   1   (0.058) 0.021 0.007 0.082 0.062 

Locus 128 : Mnov_gtseq_300 
2 alleles
4.6% missing data
   0   (0.584) 0.559 0.628 0.613 0.594 
