

----------------------------------------------------
STRUCTURE by Pritchard, Stephens and Donnelly (2000)
     and Falush, Stephens and Pritchard (2003)
       Code by Pritchard, Falush and Hubisz
             Version 2.3.4 (Jul 2012)
----------------------------------------------------



Command line arguments:   structure -m wint.area.structureRun/wint.area.structureRun.k4.r4_mainparams -e wint.area.structureRun/wint.area.structureRun.k4.r4_extraparams -i wint.area.structureRun/wint.area.structureRun.k4.r4_data -o wint.area.structureRun/wint.area.structureRun.k4.r4_out 
Input File:    wint.area.structureRun/wint.area.structureRun.k4.r4_data

Run parameters:
   350 individuals
   298 loci
   4 populations assumed
   1000 Burn-in period
   10000 Reps


--------------------------------------------
Proportion of membership of each pre-defined
 population in each of the 4 clusters

Given    Inferred Clusters              Number of
 Pop       1      2      3      4      Individuals

  1:     0.295  0.366  0.215  0.123       77
  2:     0.196  0.163  0.180  0.461      124
  3:     0.324  0.254  0.231  0.191      113
  4:     0.258  0.204  0.230  0.307       27
  5:     0.083  0.088  0.751  0.077        9
--------------------------------------------

Allele-freq. divergence among pops (Net nucleotide distance),
computed using point estimates of P.

      1       2       3       4      
 1      -    0.0120  0.0154  0.0268  
 2   0.0120     -    0.0240  0.0365  
 3   0.0154  0.0240     -    0.0345  
 4   0.0268  0.0365  0.0345     -    

Average distances (expected heterozygosity) between individuals in same cluster:
cluster  1  : 0.4526 
cluster  2  : 0.4393 
cluster  3  : 0.4315 
cluster  4  : 0.4234 

--------------------------------------------
Estimated Ln Prob of Data   = -137020.4
Mean value of ln likelihood = -134748.2
Variance of ln likelihood   = 4544.4
Mean value of alpha         = 1.0000

Mean value of Fst_1         = 0.0333
Mean value of Fst_2         = 0.0813
Mean value of Fst_3         = 0.0803
Mean value of Fst_4         = 0.1294


Inferred ancestry of individuals:
        Label (%Miss) Pop:  Inferred clusters
  1   207778    (1)    2 :  0.146 0.205 0.105 0.544 
  2 z0005757    (7)    3 :  0.230 0.397 0.220 0.154 
  3 z0005758    (0)    3 :  0.178 0.443 0.217 0.162 
  4 z0011944    (0)    1 :  0.040 0.041 0.813 0.106 
  5 z0012702    (8)    4 :  0.083 0.052 0.194 0.671 
  6 z0016577    (1)    3 :  0.324 0.311 0.128 0.237 
  7 z0016578   (20)    1 :  0.673 0.133 0.128 0.066 
  8 z0016579    (1)    3 :  0.254 0.254 0.315 0.178 
  9 z0018264    (0)    1 :  0.082 0.085 0.726 0.107 
 10 z0029828    (2)    3 :  0.616 0.180 0.094 0.110 
 11 z0029829   (13)    1 :  0.630 0.237 0.065 0.068 
 12 z0029846    (0)    1 :  0.374 0.249 0.166 0.211 
 13 z0029860    (0)    3 :  0.481 0.238 0.119 0.161 
 14 z0029863    (1)    1 :  0.257 0.098 0.497 0.148 
 15 z0029864    (8)    1 :  0.295 0.128 0.463 0.114 
 16 z0029865   (12)    3 :  0.223 0.557 0.152 0.068 
 17 z0037607    (1)    3 :  0.293 0.078 0.408 0.221 
 18 z0037609   (23)    3 :  0.383 0.207 0.270 0.140 
 19 z0037624   (20)    1 :  0.190 0.523 0.131 0.156 
 20 z0038417    (7)    2 :  0.091 0.116 0.153 0.640 
 21 z0040275    (8)    2 :  0.137 0.076 0.219 0.567 
 22 z0040287    (3)    2 :  0.222 0.177 0.368 0.233 
 23 z0040308    (0)    2 :  0.179 0.187 0.065 0.568 
 24 z0040333    (1)    2 :  0.344 0.104 0.105 0.448 
 25 z0040334    (1)    2 :  0.080 0.077 0.095 0.748 
 26 z0040337    (4)    2 :  0.279 0.151 0.244 0.326 
 27 z0040345    (1)    2 :  0.098 0.100 0.176 0.626 
 28 z0040357    (5)    2 :  0.175 0.186 0.156 0.483 
 29 z0040363   (19)    2 :  0.154 0.218 0.150 0.479 
 30 z0040364    (0)    2 :  0.095 0.103 0.098 0.704 
 31 z0040387    (0)    2 :  0.160 0.159 0.208 0.473 
 32 z0040403   (15)    2 :  0.239 0.204 0.176 0.382 
 33 z0040439    (0)    2 :  0.097 0.055 0.167 0.681 
 34 z0040465   (20)    2 :  0.386 0.142 0.087 0.385 
 35 z0040513   (24)    3 :  0.376 0.208 0.190 0.226 
 36 z0040961   (11)    2 :  0.174 0.147 0.321 0.357 
 37 z0040985   (14)    2 :  0.283 0.214 0.190 0.314 
 38 z0041026    (0)    2 :  0.226 0.179 0.123 0.471 
 39 z0041051   (30)    2 :  0.099 0.126 0.297 0.478 
 40 z0041115    (7)    2 :  0.105 0.311 0.085 0.499 
 41 z0041153   (23)    2 :  0.192 0.199 0.244 0.364 
 42 z0041233    (3)    2 :  0.224 0.271 0.109 0.396 
 43 z0041243    (0)    2 :  0.156 0.191 0.192 0.462 
 44 z0041248    (5)    2 :  0.115 0.153 0.190 0.541 
 45 z0041250    (1)    2 :  0.139 0.095 0.136 0.630 
 46 z0041274    (1)    2 :  0.332 0.139 0.239 0.289 
 47 z0041465   (16)    2 :  0.179 0.293 0.048 0.479 
 48 z0041472    (2)    2 :  0.166 0.290 0.119 0.426 
 49 z0041480    (9)    2 :  0.260 0.215 0.099 0.426 
 50 z0041483    (0)    2 :  0.093 0.186 0.084 0.638 
 51 z0041494   (12)    2 :  0.248 0.086 0.154 0.512 
 52 z0041498    (1)    2 :  0.169 0.157 0.144 0.531 
 53 z0041501    (1)    2 :  0.147 0.056 0.184 0.612 
 54 z0041507    (6)    2 :  0.190 0.117 0.175 0.518 
 55 z0041512    (0)    2 :  0.146 0.089 0.157 0.609 
 56 z0041522   (15)    2 :  0.187 0.163 0.175 0.474 
 57 z0041526    (0)    3 :  0.145 0.141 0.059 0.654 
 58 z0041527   (14)    2 :  0.248 0.246 0.095 0.411 
 59 z0043243    (1)    2 :  0.176 0.339 0.345 0.140 
 60 z0043278    (0)    2 :  0.156 0.093 0.187 0.564 
 61 z0043475   (16)    3 :  0.267 0.208 0.148 0.377 
 62 z0043477    (0)    2 :  0.127 0.196 0.283 0.394 
 63 z0043478    (2)    2 :  0.059 0.151 0.127 0.663 
 64 z0043481    (0)    2 :  0.115 0.148 0.149 0.588 
 65 z0043489    (5)    2 :  0.127 0.066 0.223 0.584 
 66 z0043491   (12)    2 :  0.228 0.135 0.286 0.352 
 67 z0043493    (2)    2 :  0.269 0.184 0.277 0.271 
 68 z0043494    (1)    2 :  0.311 0.113 0.127 0.448 
 69 z0043498    (1)    2 :  0.178 0.093 0.094 0.635 
 70 z0043504    (7)    2 :  0.097 0.259 0.314 0.330 
 71 z0043526    (3)    4 :  0.195 0.133 0.362 0.310 
 72 z0043566    (2)    2 :  0.116 0.233 0.120 0.532 
 73 z0043572    (0)    2 :  0.156 0.132 0.149 0.563 
 74 z0043599    (2)    2 :  0.333 0.183 0.111 0.374 
 75 z0043642    (0)    2 :  0.287 0.097 0.142 0.474 
 76 z0043649    (1)    2 :  0.129 0.117 0.124 0.630 
 77 z0043652    (1)    2 :  0.343 0.204 0.255 0.198 
 78 z0043668    (0)    2 :  0.154 0.334 0.131 0.381 
 79 z0043674    (0)    4 :  0.458 0.304 0.166 0.072 
 80 z0043686    (1)    2 :  0.121 0.149 0.251 0.480 
 81 z0043693    (1)    2 :  0.317 0.137 0.129 0.418 
 82 z0043704   (14)    2 :  0.100 0.080 0.114 0.706 
 83 z0043807    (1)    2 :  0.289 0.103 0.186 0.422 
 84 z0043819    (0)    2 :  0.325 0.219 0.265 0.191 
 85 z0043876    (7)    2 :  0.195 0.445 0.085 0.276 
 86 z0043877   (32)    2 :  0.212 0.326 0.099 0.363 
 87 z0043891   (21)    4 :  0.195 0.204 0.273 0.328 
 88 z0043915   (31)    2 :  0.163 0.157 0.388 0.291 
 89 z0043940   (10)    2 :  0.425 0.177 0.308 0.090 
 90 z0043954    (1)    2 :  0.314 0.180 0.247 0.260 
 91 z0043966    (5)    2 :  0.246 0.089 0.122 0.542 
 92 z0043980    (1)    2 :  0.237 0.240 0.148 0.375 
 93 z0044017   (11)    2 :  0.151 0.110 0.222 0.517 
 94 z0044019   (14)    2 :  0.211 0.276 0.116 0.397 
 95 z0044023   (35)    2 :  0.087 0.144 0.083 0.686 
 96 z0044033    (0)    2 :  0.078 0.062 0.039 0.821 
 97 z0044042    (3)    2 :  0.054 0.143 0.117 0.686 
 98 z0044047   (24)    2 :  0.179 0.112 0.124 0.585 
 99 z0044064   (13)    2 :  0.234 0.082 0.200 0.484 
100 z0044432   (14)    2 :  0.189 0.232 0.317 0.262 
101 z0045326    (0)    3 :  0.496 0.228 0.099 0.177 
102 z0045331    (5)    1 :  0.591 0.126 0.116 0.168 
103 z0045332    (1)    1 :  0.549 0.109 0.221 0.121 
104 z0045333    (6)    1 :  0.164 0.604 0.153 0.078 
105 z0045337    (4)    1 :  0.084 0.696 0.133 0.086 
106 z0045342   (12)    1 :  0.561 0.202 0.084 0.153 
107 z0045347    (1)    3 :  0.145 0.306 0.392 0.157 
108 z0045350    (0)    1 :  0.396 0.208 0.280 0.116 
109 z0045370    (0)    1 :  0.583 0.279 0.098 0.040 
110 z0045371    (1)    3 :  0.355 0.236 0.209 0.201 
111 z0045398    (1)    3 :  0.245 0.366 0.349 0.040 
112 z0045399    (1)    3 :  0.266 0.213 0.425 0.096 
113 z0045401   (23)    1 :  0.520 0.191 0.148 0.141 
114 z0045404    (0)    3 :  0.676 0.158 0.092 0.074 
115 z0045405    (4)    3 :  0.539 0.114 0.219 0.127 
116 z0045407    (1)    3 :  0.278 0.129 0.430 0.163 
117 z0045719    (0)    2 :  0.276 0.067 0.201 0.457 
118 z0045720    (1)    2 :  0.318 0.231 0.242 0.209 
119 z0045728    (0)    2 :  0.092 0.273 0.108 0.527 
120 z0045731    (0)    2 :  0.350 0.091 0.224 0.335 
121 z0045733    (0)    2 :  0.371 0.226 0.143 0.260 
122 z0045736    (1)    2 :  0.319 0.182 0.174 0.325 
123 z0045739    (1)    2 :  0.411 0.142 0.228 0.219 
124 z0045740    (1)    2 :  0.133 0.128 0.144 0.596 
125 z0045741    (0)    2 :  0.268 0.077 0.222 0.433 
126 z0045742    (0)    2 :  0.227 0.170 0.088 0.515 
127 z0045776    (0)    3 :  0.168 0.288 0.222 0.321 
128 z0045779    (0)    2 :  0.064 0.185 0.054 0.697 
129 z0045781    (0)    2 :  0.150 0.107 0.195 0.548 
130 z0045788    (5)    2 :  0.055 0.074 0.138 0.734 
131 z0045789    (2)    2 :  0.119 0.086 0.195 0.600 
132 z0045791    (4)    2 :  0.159 0.101 0.203 0.537 
133 z0045792   (22)    1 :  0.198 0.384 0.191 0.228 
134 z0045793    (0)    3 :  0.532 0.222 0.052 0.194 
135 z0047562   (14)    2 :  0.228 0.142 0.129 0.500 
136 z0047854    (1)    2 :  0.202 0.158 0.131 0.509 
137 z0051185    (0)    1 :  0.583 0.192 0.164 0.061 
138 z0051324    (0)    1 :  0.267 0.413 0.210 0.111 
139 z0051327    (3)    3 :  0.443 0.179 0.104 0.275 
140 z0051328    (1)    1 :  0.115 0.541 0.163 0.181 
141 z0051380    (0)    1 :  0.069 0.814 0.082 0.035 
142 z0051400    (0)    3 :  0.266 0.349 0.143 0.242 
143 z0051431   (21)    3 :  0.423 0.124 0.127 0.327 
144 z0051840   (33)    2 :  0.272 0.103 0.192 0.433 
145 z0051844   (27)    2 :  0.180 0.124 0.274 0.422 
146 z0051875   (28)    3 :  0.576 0.197 0.121 0.106 
147 z0051885    (7)    3 :  0.243 0.100 0.171 0.486 
148 z0051888    (0)    2 :  0.249 0.145 0.104 0.501 
149 z0051891    (0)    1 :  0.340 0.218 0.258 0.184 
150 z0051893    (2)    1 :  0.203 0.470 0.184 0.144 
151 z0051895    (0)    3 :  0.401 0.312 0.166 0.120 
152 z0051918    (0)    3 :  0.117 0.092 0.452 0.340 
153 z0051929    (1)    1 :  0.204 0.578 0.109 0.109 
154 z0051939   (11)    3 :  0.487 0.092 0.155 0.266 
155 z0051947    (3)    1 :  0.144 0.646 0.103 0.108 
156 z0051959    (1)    3 :  0.152 0.205 0.419 0.224 
157 z0052846    (0)    4 :  0.348 0.195 0.244 0.213 
158 z0052882    (1)    2 :  0.262 0.198 0.203 0.337 
159 z0053020   (20)    2 :  0.145 0.144 0.290 0.421 
160 z0053024   (12)    2 :  0.260 0.221 0.206 0.313 
161 z0053025    (3)    2 :  0.103 0.068 0.107 0.721 
162 z0053031    (0)    2 :  0.251 0.230 0.290 0.229 
163 z0053032    (0)    2 :  0.116 0.271 0.216 0.396 
164 z0053040    (5)    2 :  0.232 0.209 0.188 0.372 
165 z0053051    (0)    3 :  0.546 0.094 0.282 0.078 
166 z0053054    (5)    3 :  0.576 0.175 0.153 0.096 
167 z0053071    (2)    2 :  0.130 0.104 0.088 0.678 
168 z0053073    (1)    2 :  0.217 0.279 0.293 0.211 
169 z0053078    (0)    3 :  0.097 0.058 0.418 0.427 
170 z0053082    (1)    3 :  0.350 0.110 0.082 0.459 
171 z0053083   (12)    2 :  0.176 0.209 0.192 0.422 
172 z0053090   (10)    3 :  0.137 0.141 0.221 0.501 
173 z0053096    (0)    2 :  0.076 0.042 0.226 0.656 
174 z0053100    (6)    2 :  0.165 0.162 0.113 0.560 
175 z0053101    (0)    2 :  0.105 0.144 0.284 0.467 
176 z0053102    (8)    2 :  0.233 0.075 0.129 0.564 
177 z0053103    (0)    2 :  0.116 0.105 0.077 0.703 
178 z0053111    (2)    3 :  0.371 0.192 0.244 0.193 
179 z0053131    (0)    2 :  0.205 0.243 0.114 0.438 
180 z0053132    (0)    2 :  0.170 0.061 0.434 0.335 
181 z0053133    (0)    2 :  0.448 0.120 0.249 0.183 
182 z0053138    (0)    2 :  0.285 0.259 0.121 0.335 
183 z0053142    (2)    2 :  0.141 0.300 0.223 0.335 
184 z0053149    (0)    2 :  0.112 0.183 0.190 0.515 
185 z0053754    (1)    1 :  0.117 0.278 0.435 0.170 
186 z0053756    (1)    1 :  0.119 0.248 0.543 0.090 
187 z0053758   (17)    1 :  0.542 0.254 0.093 0.111 
188 z0053759    (0)    1 :  0.216 0.494 0.196 0.095 
189 z0053842    (1)    1 :  0.432 0.267 0.148 0.153 
190 z0053843    (6)    1 :  0.541 0.242 0.156 0.061 
191 z0053844    (7)    1 :  0.388 0.310 0.169 0.133 
192 z0053846    (2)    1 :  0.588 0.231 0.115 0.065 
193 z0053847    (0)    1 :  0.157 0.557 0.122 0.164 
194 z0053849    (1)    1 :  0.323 0.199 0.375 0.103 
195 z0055903    (1)    4 :  0.225 0.333 0.282 0.160 
196 z0055910   (34)    4 :  0.177 0.237 0.311 0.276 
197 z0055912    (7)    4 :  0.238 0.120 0.384 0.258 
198 z0055916   (15)    4 :  0.259 0.211 0.293 0.237 
199 z0055931    (2)    4 :  0.150 0.124 0.151 0.575 
200 z0055944    (3)    4 :  0.278 0.333 0.161 0.228 
201 z0055947    (9)    4 :  0.480 0.120 0.191 0.210 
202 z0055962    (6)    4 :  0.250 0.140 0.142 0.468 
203 z0055963   (21)    4 :  0.209 0.141 0.194 0.456 
204 z0055965   (25)    4 :  0.210 0.188 0.526 0.076 
205 z0055970   (15)    4 :  0.169 0.301 0.176 0.353 
206 z0055971    (7)    4 :  0.210 0.233 0.258 0.299 
207 z0055977    (6)    4 :  0.266 0.110 0.213 0.412 
208 z0055986   (19)    4 :  0.390 0.329 0.146 0.135 
209 z0055990    (6)    4 :  0.188 0.127 0.140 0.545 
210 z0055996    (2)    4 :  0.452 0.136 0.078 0.334 
211 z0055997    (3)    4 :  0.247 0.290 0.137 0.326 
212 z0055998    (4)    4 :  0.254 0.216 0.363 0.168 
213 z0055999    (2)    4 :  0.365 0.278 0.213 0.144 
214 z0056011    (7)    4 :  0.307 0.191 0.267 0.235 
215 z0056029    (4)    4 :  0.166 0.303 0.157 0.374 
216 z0056034    (0)    4 :  0.211 0.173 0.190 0.426 
217 z0056056   (25)    3 :  0.258 0.414 0.151 0.177 
218 z0056058    (5)    3 :  0.059 0.864 0.039 0.037 
219 z0056059    (8)    3 :  0.335 0.251 0.194 0.220 
220 z0056062    (1)    3 :  0.154 0.342 0.324 0.180 
221 z0056063    (4)    3 :  0.402 0.263 0.220 0.114 
222 z0056064    (0)    3 :  0.279 0.172 0.411 0.138 
223 z0056065    (0)    3 :  0.345 0.330 0.247 0.078 
224 z0056073    (0)    3 :  0.444 0.300 0.147 0.110 
225 z0056076    (4)    3 :  0.198 0.292 0.318 0.192 
226 z0056079    (9)    3 :  0.319 0.309 0.284 0.087 
227 z0056085    (0)    3 :  0.516 0.121 0.232 0.132 
228 z0056092    (1)    3 :  0.362 0.186 0.356 0.096 
229 z0056095    (1)    3 :  0.330 0.238 0.346 0.086 
230 z0056103    (7)    3 :  0.150 0.560 0.231 0.060 
231 z0056374    (7)    1 :  0.120 0.759 0.071 0.050 
232 z0056375    (0)    1 :  0.428 0.343 0.144 0.085 
233 z0056377    (0)    1 :  0.280 0.329 0.238 0.154 
234 z0056378    (0)    1 :  0.130 0.642 0.099 0.130 
235 z0056382    (0)    1 :  0.652 0.146 0.144 0.058 
236 z0056384    (3)    1 :  0.167 0.356 0.352 0.125 
237 z0056386    (7)    1 :  0.517 0.254 0.158 0.071 
238 z0056389    (0)    1 :  0.773 0.126 0.055 0.046 
239 z0056391    (1)    1 :  0.385 0.532 0.046 0.036 
240 z0056392   (11)    1 :  0.197 0.619 0.113 0.071 
241 z0056393    (8)    1 :  0.395 0.348 0.115 0.143 
242 z0056394    (0)    1 :  0.387 0.393 0.109 0.111 
243 z0056395    (1)    1 :  0.109 0.464 0.257 0.170 
244 z0056397    (0)    1 :  0.146 0.228 0.369 0.257 
245 z0061527    (2)    3 :  0.137 0.142 0.137 0.584 
246 z0061967    (1)    3 :  0.341 0.242 0.218 0.199 
247 z0061969    (0)    3 :  0.351 0.183 0.066 0.400 
248 z0061980    (1)    1 :  0.254 0.321 0.277 0.148 
249 z0066166    (3)    3 :  0.286 0.321 0.118 0.275 
250 z0066792    (2)    1 :  0.084 0.074 0.722 0.119 
251 z0066805    (1)    1 :  0.102 0.079 0.741 0.078 
252 z0068471    (2)    3 :  0.125 0.501 0.245 0.129 
253 z0075696    (6)    5 :  0.095 0.046 0.794 0.065 
254 z0101084    (7)    1 :  0.120 0.674 0.103 0.103 
255 z0107099    (2)    3 :  0.326 0.511 0.120 0.043 
256 z0107101    (0)    1 :  0.155 0.739 0.046 0.060 
257 z0108489    (0)    1 :  0.154 0.340 0.322 0.184 
258 z0108513    (0)    1 :  0.363 0.426 0.089 0.122 
259 z0108528    (0)    3 :  0.323 0.307 0.102 0.267 
260 z0113628    (1)    3 :  0.311 0.114 0.341 0.233 
261 z0133302   (16)    1 :  0.345 0.353 0.169 0.133 
262 z0173485    (1)    1 :  0.362 0.144 0.137 0.357 
263 z0175371    (1)    3 :  0.191 0.140 0.384 0.284 
264 z0175378    (0)    2 :  0.235 0.103 0.049 0.613 
265 z0175912    (0)    1 :  0.095 0.650 0.128 0.128 
266 z0175916    (1)    1 :  0.206 0.246 0.223 0.325 
267 z0175937    (1)    1 :  0.439 0.286 0.193 0.083 
268 z0178348   (12)    1 :  0.122 0.602 0.149 0.126 
269 z0187819    (7)    3 :  0.211 0.469 0.172 0.149 
270 z0187857    (1)    1 :  0.184 0.612 0.060 0.143 
271 z0187860    (0)    1 :  0.367 0.318 0.130 0.186 
272 z0187885    (0)    2 :  0.163 0.071 0.372 0.393 
273 z0187906    (9)    1 :  0.232 0.197 0.387 0.185 
274 z0195655    (0)    2 :  0.104 0.087 0.091 0.719 
275 z0195663    (0)    3 :  0.172 0.089 0.265 0.474 
276 z0195683    (1)    3 :  0.544 0.260 0.110 0.086 
277 z0195688    (0)    2 :  0.242 0.155 0.259 0.344 
278 z0195691    (0)    3 :  0.430 0.106 0.288 0.177 
279 z0195699    (0)    3 :  0.539 0.157 0.135 0.170 
280 z0195701    (7)    3 :  0.363 0.306 0.232 0.099 
281 z0195702    (0)    3 :  0.220 0.224 0.293 0.263 
282 z0195704    (0)    3 :  0.087 0.517 0.128 0.269 
283 z0195705    (0)    3 :  0.140 0.110 0.135 0.615 
284 z0195711    (0)    3 :  0.216 0.200 0.444 0.140 
285 z0195716    (0)    3 :  0.245 0.218 0.398 0.139 
286 z0195718   (12)    3 :  0.324 0.386 0.229 0.061 
287 z0195725    (5)    3 :  0.121 0.425 0.105 0.349 
288 z0195726   (16)    1 :  0.419 0.244 0.243 0.093 
289 z0195728   (14)    3 :  0.655 0.214 0.094 0.037 
290 z0195732   (16)    3 :  0.423 0.303 0.216 0.059 
291 z0195737    (0)    3 :  0.232 0.172 0.194 0.402 
292 z0195740   (26)    3 :  0.245 0.193 0.334 0.228 
293 z0195751    (1)    3 :  0.641 0.191 0.109 0.060 
294 z0195762    (1)    3 :  0.182 0.156 0.600 0.063 
295 z0195784    (0)    3 :  0.357 0.299 0.271 0.073 
296 z0196686    (0)    5 :  0.039 0.062 0.858 0.041 
297 z0196687    (0)    5 :  0.061 0.064 0.747 0.127 
298 z0196689    (0)    5 :  0.068 0.049 0.762 0.120 
299 z0196690    (2)    5 :  0.099 0.162 0.680 0.059 
300 z0196691    (7)    5 :  0.082 0.078 0.796 0.044 
301 z0196692    (1)    5 :  0.102 0.127 0.669 0.101 
302 z0196693    (1)    5 :  0.106 0.097 0.727 0.070 
303 z0196694    (1)    5 :  0.096 0.107 0.728 0.069 
304 z0196710    (0)    3 :  0.184 0.229 0.410 0.177 
305 z0196715   (22)    3 :  0.482 0.355 0.091 0.072 
306 z0196719    (0)    3 :  0.504 0.195 0.149 0.152 
307 z0196724   (20)    3 :  0.483 0.243 0.111 0.162 
308 z0196725    (0)    3 :  0.159 0.552 0.189 0.100 
309 z0196729    (1)    3 :  0.397 0.294 0.196 0.113 
310 z0196730    (3)    1 :  0.054 0.754 0.082 0.111 
311 z0196731    (0)    3 :  0.334 0.379 0.184 0.102 
312 z0196733   (13)    1 :  0.325 0.338 0.219 0.119 
313 z0196734    (1)    3 :  0.500 0.149 0.168 0.183 
314 z0196739   (17)    3 :  0.241 0.334 0.118 0.308 
315 z0196740   (11)    3 :  0.274 0.156 0.480 0.090 
316 z0196746    (1)    1 :  0.193 0.581 0.161 0.065 
317 z0196751    (0)    3 :  0.419 0.236 0.231 0.113 
318 z0196752    (0)    3 :  0.119 0.142 0.689 0.050 
319 z0196754    (0)    3 :  0.554 0.197 0.093 0.156 
320 z0196758    (1)    1 :  0.195 0.372 0.283 0.150 
321 z0196763    (1)    3 :  0.426 0.165 0.258 0.151 
322 z0196764    (0)    3 :  0.474 0.223 0.215 0.088 
323 z0196766    (0)    3 :  0.330 0.352 0.243 0.074 
324 z0196769    (1)    3 :  0.387 0.318 0.233 0.062 
325 z0196774    (0)    3 :  0.161 0.330 0.457 0.052 
326 z0196783    (0)    1 :  0.223 0.650 0.078 0.049 
327 z0196794    (2)    1 :  0.352 0.397 0.198 0.052 
328 z0196804   (14)    1 :  0.382 0.352 0.189 0.077 
329 z0196809    (0)    3 :  0.489 0.189 0.252 0.069 
330 z0196810    (1)    1 :  0.163 0.356 0.382 0.098 
331 z0196811    (0)    1 :  0.377 0.266 0.296 0.061 
332 z0196824    (0)    3 :  0.198 0.246 0.245 0.312 
333 z0196825    (0)    3 :  0.358 0.364 0.116 0.163 
334 z0196828    (1)    2 :  0.280 0.306 0.193 0.220 
335 z0196829    (0)    3 :  0.261 0.395 0.142 0.202 
336 z0196834   (26)    3 :  0.374 0.276 0.127 0.223 
337 z0196835    (0)    3 :  0.292 0.566 0.067 0.075 
338 z0196841   (20)    3 :  0.311 0.235 0.330 0.123 
339 z0196843   (25)    3 :  0.145 0.606 0.116 0.133 
340 z0196849    (0)    3 :  0.619 0.171 0.125 0.086 
341 z0196852    (0)    2 :  0.306 0.139 0.266 0.290 
342 z0196855    (0)    2 :  0.159 0.212 0.300 0.328 
343 z0196856    (0)    3 :  0.208 0.118 0.334 0.340 
344 z0196864    (1)    3 :  0.208 0.133 0.235 0.424 
345 z0196894    (0)    3 :  0.263 0.266 0.393 0.078 
346 z0197662    (2)    1 :  0.156 0.318 0.155 0.370 
347 z0197665    (2)    1 :  0.100 0.736 0.115 0.049 
348 z0197668   (20)    3 :  0.201 0.088 0.589 0.122 
349 z0197669    (0)    3 :  0.223 0.095 0.221 0.461 
350 z0197672    (1)    3 :  0.521 0.133 0.227 0.118 


Estimated Allele Frequencies in each cluster
First column gives estimated ancestral frequencies


Locus 1 : Mnov_gtseq_1 
2 alleles
0.0% missing data
   0   (0.424) 0.418 0.426 0.480 0.298 
   1   (0.576) 0.582 0.574 0.520 0.702 

Locus 2 : Mnov_gtseq_10 
2 alleles
0.3% missing data
   0   (0.797) 0.748 0.703 0.891 0.955 
   1   (0.203) 0.252 0.297 0.109 0.045 

Locus 3 : Mnov_gtseq_102 
2 alleles
0.9% missing data
   0   (0.550) 0.549 0.426 0.559 0.748 
   1   (0.450) 0.451 0.574 0.441 0.252 

Locus 4 : Mnov_gtseq_104 
2 alleles
0.3% missing data
   0   (0.847) 0.820 0.749 0.946 0.947 
   1   (0.153) 0.180 0.251 0.054 0.053 

Locus 5 : Mnov_gtseq_106 
2 alleles
14.9% missing data
   1   (0.767) 0.803 0.779 0.713 0.803 
   0   (0.233) 0.197 0.221 0.287 0.197 

Locus 6 : Mnov_gtseq_107 
2 alleles
37.4% missing data
   1   (0.202) 0.159 0.222 0.115 0.449 
   0   (0.798) 0.841 0.778 0.885 0.551 

Locus 7 : Mnov_gtseq_112 
2 alleles
0.9% missing data
   0   (0.619) 0.685 0.653 0.403 0.710 
   1   (0.381) 0.315 0.347 0.597 0.290 

Locus 8 : Mnov_gtseq_113 
2 alleles
2.0% missing data
   1   (0.732) 0.779 0.785 0.685 0.638 
   0   (0.268) 0.221 0.215 0.315 0.362 

Locus 9 : Mnov_gtseq_114 
3 alleles
4.3% missing data
   0   (0.539) 0.615 0.598 0.459 0.308 
   1   (0.432) 0.369 0.393 0.531 0.657 
   2   (0.029) 0.016 0.009 0.009 0.035 

Locus 10 : Mnov_gtseq_117 
2 alleles
26.9% missing data
   0   (0.631) 0.612 0.513 0.643 0.838 
   1   (0.369) 0.388 0.487 0.357 0.162 

Locus 11 : Mnov_gtseq_12 
2 alleles
0.3% missing data
   0   (0.497) 0.573 0.316 0.642 0.251 
   1   (0.503) 0.427 0.684 0.358 0.749 

Locus 12 : Mnov_gtseq_124 
4 alleles
5.1% missing data
   3   (0.716) 0.736 0.629 0.807 0.876 
   2   (0.223) 0.216 0.358 0.169 0.104 
   1   (0.035) 0.031 0.005 0.011 0.016 
   0   (0.026) 0.017 0.007 0.014 0.003 

Locus 13 : Mnov_gtseq_125 
3 alleles
1.7% missing data
   1   (0.232) 0.232 0.099 0.192 0.390 
   2   (0.695) 0.724 0.877 0.764 0.234 
   0   (0.073) 0.044 0.024 0.044 0.377 

Locus 14 : Mnov_gtseq_126 
2 alleles
0.0% missing data
   0   (0.322) 0.245 0.269 0.575 0.300 
   1   (0.678) 0.755 0.731 0.425 0.700 

Locus 15 : Mnov_gtseq_127 
2 alleles
6.9% missing data
   0   (0.648) 0.706 0.647 0.662 0.418 
   1   (0.352) 0.294 0.353 0.338 0.582 

Locus 16 : Mnov_gtseq_128 
2 alleles
30.9% missing data
   0   (0.691) 0.702 0.807 0.648 0.655 
   1   (0.309) 0.298 0.193 0.352 0.345 

Locus 17 : Mnov_gtseq_129 
3 alleles
2.0% missing data
   0   (0.500) 0.518 0.563 0.349 0.610 
   1   (0.332) 0.361 0.312 0.245 0.306 
   2   (0.168) 0.121 0.126 0.407 0.084 

Locus 18 : Mnov_gtseq_13 
3 alleles
0.0% missing data
   1   (0.432) 0.517 0.513 0.238 0.388 
   2   (0.163) 0.115 0.115 0.302 0.130 
   0   (0.406) 0.368 0.372 0.460 0.482 

Locus 19 : Mnov_gtseq_130 
2 alleles
28.6% missing data
   1   (0.501) 0.485 0.473 0.580 0.495 
   0   (0.499) 0.515 0.527 0.420 0.505 

Locus 20 : Mnov_gtseq_135 
2 alleles
0.6% missing data
   0   (0.469) 0.500 0.381 0.421 0.526 
   1   (0.531) 0.500 0.619 0.579 0.474 

Locus 21 : Mnov_gtseq_138 
3 alleles
0.6% missing data
   0   (0.255) 0.245 0.309 0.165 0.290 
   1   (0.512) 0.511 0.456 0.597 0.617 
   2   (0.233) 0.244 0.235 0.238 0.093 

Locus 22 : Mnov_gtseq_140 
2 alleles
1.1% missing data
   0   (0.476) 0.565 0.299 0.324 0.603 
   1   (0.524) 0.435 0.701 0.676 0.397 

Locus 23 : Mnov_gtseq_141 
2 alleles
0.3% missing data
   0   (0.548) 0.514 0.727 0.478 0.520 
   1   (0.452) 0.486 0.273 0.522 0.480 

Locus 24 : Mnov_gtseq_143 
2 alleles
2.6% missing data
   1   (0.566) 0.597 0.688 0.407 0.490 
   0   (0.434) 0.403 0.312 0.593 0.510 

Locus 25 : Mnov_gtseq_145 
2 alleles
2.0% missing data
   0   (0.476) 0.477 0.558 0.346 0.470 
   1   (0.524) 0.523 0.442 0.654 0.530 

Locus 26 : Mnov_gtseq_147 
3 alleles
25.4% missing data
   0   (0.786) 0.835 0.863 0.808 0.513 
   2   (0.142) 0.124 0.116 0.127 0.091 
   1   (0.072) 0.041 0.021 0.066 0.396 

Locus 27 : Mnov_gtseq_148 
3 alleles
9.1% missing data
   0   (0.303) 0.307 0.208 0.490 0.126 
   1   (0.414) 0.360 0.488 0.357 0.631 
   2   (0.283) 0.333 0.304 0.153 0.243 

Locus 28 : Mnov_gtseq_149 
2 alleles
0.3% missing data
   0   (0.604) 0.604 0.659 0.600 0.544 
   1   (0.396) 0.396 0.341 0.400 0.456 

Locus 29 : Mnov_gtseq_15 
2 alleles
0.0% missing data
   0   (0.508) 0.598 0.378 0.474 0.407 
   1   (0.492) 0.402 0.622 0.526 0.593 

Locus 30 : Mnov_gtseq_152 
2 alleles
0.9% missing data
   0   (0.337) 0.338 0.285 0.280 0.404 
   1   (0.663) 0.662 0.715 0.720 0.596 

Locus 31 : Mnov_gtseq_154 
3 alleles
3.4% missing data
   0   (0.346) 0.347 0.483 0.382 0.156 
   2   (0.221) 0.211 0.149 0.225 0.259 
   1   (0.432) 0.441 0.368 0.393 0.586 

Locus 32 : Mnov_gtseq_157 
2 alleles
0.6% missing data
   1   (0.548) 0.563 0.530 0.498 0.655 
   0   (0.452) 0.437 0.470 0.502 0.345 

Locus 33 : Mnov_gtseq_158 
2 alleles
0.6% missing data
   0   (0.436) 0.487 0.652 0.403 0.080 
   1   (0.564) 0.513 0.348 0.597 0.920 

Locus 34 : Mnov_gtseq_159 
3 alleles
24.0% missing data
   0   (0.609) 0.674 0.692 0.594 0.392 
   1   (0.184) 0.130 0.192 0.159 0.401 
   2   (0.207) 0.196 0.116 0.247 0.207 

Locus 35 : Mnov_gtseq_16 
2 alleles
0.0% missing data
   0   (0.650) 0.705 0.574 0.684 0.587 
   1   (0.350) 0.295 0.426 0.316 0.413 

Locus 36 : Mnov_gtseq_160 
2 alleles
2.3% missing data
   0   (0.485) 0.496 0.567 0.466 0.401 
   1   (0.515) 0.504 0.433 0.534 0.599 

Locus 37 : Mnov_gtseq_161 
2 alleles
1.7% missing data
   1   (0.755) 0.766 0.782 0.725 0.833 
   0   (0.245) 0.234 0.218 0.275 0.167 

Locus 38 : Mnov_gtseq_167 
3 alleles
1.1% missing data
   2   (0.737) 0.771 0.612 0.853 0.797 
   0   (0.189) 0.153 0.365 0.118 0.121 
   1   (0.074) 0.076 0.023 0.030 0.081 

Locus 39 : Mnov_gtseq_17 
2 alleles
0.3% missing data
   0   (0.520) 0.519 0.546 0.571 0.452 
   1   (0.480) 0.481 0.454 0.429 0.548 

Locus 40 : Mnov_gtseq_170 
2 alleles
0.0% missing data
   0   (0.328) 0.351 0.257 0.304 0.237 
   1   (0.672) 0.649 0.743 0.696 0.763 

Locus 41 : Mnov_gtseq_171 
3 alleles
41.4% missing data
   2   (0.583) 0.562 0.602 0.684 0.626 
   0   (0.330) 0.385 0.319 0.238 0.260 
   1   (0.087) 0.053 0.079 0.078 0.113 

Locus 42 : Mnov_gtseq_173 
4 alleles
21.4% missing data
   3   (0.395) 0.337 0.226 0.624 0.591 
   1   (0.541) 0.628 0.761 0.337 0.260 
   2   (0.049) 0.028 0.011 0.037 0.148 
   0   (0.014) 0.007 0.002 0.002 0.001 

Locus 43 : Mnov_gtseq_174 
2 alleles
2.6% missing data
   0   (0.249) 0.173 0.298 0.255 0.463 
   1   (0.751) 0.827 0.702 0.745 0.537 

Locus 44 : Mnov_gtseq_180 
3 alleles
14.3% missing data
   1   (0.628) 0.664 0.623 0.366 0.919 
   2   (0.281) 0.241 0.286 0.567 0.070 
   0   (0.092) 0.095 0.091 0.068 0.011 

Locus 45 : Mnov_gtseq_182 
2 alleles
8.6% missing data
   0   (0.810) 0.780 0.772 0.929 0.840 
   1   (0.190) 0.220 0.228 0.071 0.160 

Locus 46 : Mnov_gtseq_186 
3 alleles
28.0% missing data
   1   (0.477) 0.491 0.475 0.463 0.500 
   2   (0.088) 0.075 0.075 0.111 0.016 
   0   (0.434) 0.434 0.451 0.426 0.484 

Locus 47 : Mnov_gtseq_187 
2 alleles
7.1% missing data
   1   (0.594) 0.634 0.462 0.557 0.726 
   0   (0.406) 0.366 0.538 0.443 0.274 

Locus 48 : Mnov_gtseq_188 
2 alleles
13.4% missing data
   0   (0.537) 0.471 0.438 0.751 0.638 
   1   (0.463) 0.529 0.562 0.249 0.362 

Locus 49 : Mnov_gtseq_189 
2 alleles
3.7% missing data
   0   (0.451) 0.465 0.616 0.244 0.471 
   1   (0.549) 0.535 0.384 0.756 0.529 

Locus 50 : Mnov_gtseq_19 
3 alleles
0.0% missing data
   1   (0.862) 0.908 0.888 0.844 0.764 
   2   (0.088) 0.076 0.101 0.037 0.044 
   0   (0.050) 0.016 0.012 0.119 0.192 

Locus 51 : Mnov_gtseq_190 
2 alleles
0.0% missing data
   1   (0.430) 0.446 0.429 0.388 0.353 
   0   (0.570) 0.554 0.571 0.612 0.647 

Locus 52 : Mnov_gtseq_192 
2 alleles
20.9% missing data
   0   (0.813) 0.787 0.846 0.874 0.825 
   1   (0.187) 0.213 0.154 0.126 0.175 

Locus 53 : Mnov_gtseq_193 
2 alleles
0.0% missing data
   0   (0.723) 0.779 0.710 0.601 0.795 
   1   (0.277) 0.221 0.290 0.399 0.205 

Locus 54 : Mnov_gtseq_195 
3 alleles
0.0% missing data
   1   (0.536) 0.515 0.443 0.688 0.562 
   2   (0.438) 0.467 0.549 0.294 0.436 
   0   (0.027) 0.017 0.008 0.018 0.002 

Locus 55 : Mnov_gtseq_196 
2 alleles
0.3% missing data
   0   (0.330) 0.321 0.371 0.458 0.113 
   1   (0.670) 0.679 0.629 0.542 0.887 

Locus 56 : Mnov_gtseq_197 
3 alleles
0.3% missing data
   1   (0.372) 0.346 0.448 0.385 0.309 
   0   (0.449) 0.503 0.444 0.266 0.608 
   2   (0.179) 0.150 0.108 0.349 0.082 

Locus 57 : Mnov_gtseq_2 
3 alleles
0.3% missing data
   0   (0.189) 0.185 0.107 0.150 0.278 
   2   (0.774) 0.792 0.886 0.739 0.719 
   1   (0.037) 0.022 0.007 0.111 0.004 

Locus 58 : Mnov_gtseq_200 
2 alleles
2.3% missing data
   0   (0.406) 0.388 0.373 0.292 0.658 
   1   (0.594) 0.612 0.627 0.708 0.342 

Locus 59 : Mnov_gtseq_201 
4 alleles
0.0% missing data
   0   (0.573) 0.544 0.476 0.742 0.612 
   2   (0.157) 0.160 0.135 0.066 0.205 
   3   (0.162) 0.214 0.072 0.101 0.165 
   1   (0.108) 0.083 0.317 0.090 0.018 

Locus 60 : Mnov_gtseq_202 
2 alleles
0.0% missing data
   0   (0.424) 0.431 0.467 0.292 0.541 
   1   (0.576) 0.569 0.533 0.708 0.459 

Locus 61 : Mnov_gtseq_204 
2 alleles
3.4% missing data
   0   (0.425) 0.384 0.469 0.441 0.548 
   1   (0.575) 0.616 0.531 0.559 0.452 

Locus 62 : Mnov_gtseq_205 
5 alleles
0.0% missing data
   0   (0.237) 0.317 0.116 0.202 0.216 
   4   (0.032) 0.015 0.008 0.010 0.140 
   3   (0.656) 0.626 0.840 0.736 0.577 
   1   (0.058) 0.034 0.027 0.049 0.066 
   2   (0.017) 0.008 0.009 0.003 0.001 

Locus 63 : Mnov_gtseq_208 
2 alleles
0.0% missing data
   0   (0.657) 0.663 0.808 0.632 0.381 
   1   (0.343) 0.337 0.192 0.368 0.619 

Locus 64 : Mnov_gtseq_209 
3 alleles
0.0% missing data
   0   (0.483) 0.548 0.381 0.326 0.578 
   2   (0.478) 0.436 0.609 0.649 0.292 
   1   (0.040) 0.017 0.010 0.025 0.130 

Locus 65 : Mnov_gtseq_21 
2 alleles
0.0% missing data
   1   (0.518) 0.477 0.703 0.573 0.337 
   0   (0.482) 0.523 0.297 0.427 0.663 

Locus 66 : Mnov_gtseq_210 
2 alleles
4.6% missing data
   0   (0.407) 0.484 0.457 0.322 0.216 
   1   (0.593) 0.516 0.543 0.678 0.784 

Locus 67 : Mnov_gtseq_211 
2 alleles
1.1% missing data
   0   (0.421) 0.432 0.486 0.387 0.288 
   1   (0.579) 0.568 0.514 0.613 0.712 

Locus 68 : Mnov_gtseq_213 
2 alleles
5.4% missing data
   0   (0.521) 0.544 0.581 0.487 0.376 
   1   (0.479) 0.456 0.419 0.513 0.624 

Locus 69 : Mnov_gtseq_214 
2 alleles
5.1% missing data
   0   (0.523) 0.503 0.562 0.378 0.783 
   1   (0.477) 0.497 0.438 0.622 0.217 

Locus 70 : Mnov_gtseq_215 
2 alleles
0.0% missing data
   0   (0.447) 0.440 0.434 0.358 0.582 
   1   (0.553) 0.560 0.566 0.642 0.418 

Locus 71 : Mnov_gtseq_216 
3 alleles
0.0% missing data
   2   (0.503) 0.462 0.437 0.586 0.699 
   1   (0.474) 0.529 0.560 0.384 0.296 
   0   (0.023) 0.009 0.004 0.030 0.005 

Locus 72 : Mnov_gtseq_217 
2 alleles
23.7% missing data
   0   (0.343) 0.439 0.233 0.266 0.197 
   1   (0.657) 0.561 0.767 0.734 0.803 

Locus 73 : Mnov_gtseq_218 
2 alleles
0.6% missing data
   0   (0.565) 0.463 0.509 0.708 0.821 
   1   (0.435) 0.537 0.491 0.292 0.179 

Locus 74 : Mnov_gtseq_22 
4 alleles
3.4% missing data
   2   (0.493) 0.469 0.547 0.432 0.757 
   0   (0.238) 0.285 0.176 0.224 0.139 
   1   (0.205) 0.191 0.244 0.238 0.096 
   3   (0.063) 0.055 0.034 0.107 0.008 

Locus 75 : Mnov_gtseq_220 
3 alleles
0.0% missing data
   0   (0.479) 0.416 0.528 0.569 0.664 
   1   (0.474) 0.561 0.457 0.350 0.308 
   2   (0.047) 0.023 0.015 0.081 0.028 

Locus 76 : Mnov_gtseq_223 
2 alleles
2.6% missing data
   0   (0.661) 0.692 0.688 0.627 0.619 
   1   (0.339) 0.308 0.312 0.373 0.381 

Locus 77 : Mnov_gtseq_224 
3 alleles
0.6% missing data
   0   (0.214) 0.156 0.255 0.247 0.272 
   1   (0.734) 0.800 0.699 0.724 0.721 
   2   (0.053) 0.044 0.047 0.029 0.007 

Locus 78 : Mnov_gtseq_225 
2 alleles
0.0% missing data
   0   (0.527) 0.571 0.634 0.339 0.508 
   1   (0.473) 0.429 0.366 0.661 0.492 

Locus 79 : Mnov_gtseq_227 
2 alleles
0.3% missing data
   0   (0.507) 0.434 0.479 0.616 0.643 
   1   (0.493) 0.566 0.521 0.384 0.357 

Locus 80 : Mnov_gtseq_229 
2 alleles
0.9% missing data
   1   (0.502) 0.425 0.641 0.556 0.613 
   0   (0.498) 0.575 0.359 0.444 0.387 

Locus 81 : Mnov_gtseq_232 
2 alleles
0.0% missing data
   0   (0.463) 0.444 0.473 0.384 0.687 
   1   (0.537) 0.556 0.527 0.616 0.313 

Locus 82 : Mnov_gtseq_234 
2 alleles
9.1% missing data
   0   (0.746) 0.788 0.606 0.774 0.844 
   1   (0.254) 0.212 0.394 0.226 0.156 

Locus 83 : Mnov_gtseq_235 
2 alleles
0.0% missing data
   0   (0.773) 0.717 0.746 0.888 0.882 
   1   (0.227) 0.283 0.254 0.112 0.118 

Locus 84 : Mnov_gtseq_238 
2 alleles
0.0% missing data
   0   (0.596) 0.563 0.623 0.593 0.778 
   1   (0.404) 0.437 0.377 0.407 0.222 

Locus 85 : Mnov_gtseq_239 
2 alleles
0.0% missing data
   0   (0.707) 0.682 0.786 0.708 0.777 
   1   (0.293) 0.318 0.214 0.292 0.223 

Locus 86 : Mnov_gtseq_241 
2 alleles
0.0% missing data
   0   (0.839) 0.844 0.857 0.908 0.834 
   1   (0.161) 0.156 0.143 0.092 0.166 

Locus 87 : Mnov_gtseq_243 
2 alleles
0.0% missing data
   0   (0.603) 0.632 0.436 0.687 0.604 
   1   (0.397) 0.368 0.564 0.313 0.396 

Locus 88 : Mnov_gtseq_244 
2 alleles
0.0% missing data
   0   (0.355) 0.412 0.266 0.233 0.439 
   1   (0.645) 0.588 0.734 0.767 0.561 

Locus 89 : Mnov_gtseq_245 
2 alleles
20.0% missing data
   1   (0.493) 0.453 0.615 0.373 0.666 
   0   (0.507) 0.547 0.385 0.627 0.334 

Locus 90 : Mnov_gtseq_246 
2 alleles
0.3% missing data
   0   (0.439) 0.459 0.618 0.205 0.532 
   1   (0.561) 0.541 0.382 0.795 0.468 

Locus 91 : Mnov_gtseq_247 
2 alleles
3.1% missing data
   0   (0.284) 0.246 0.222 0.471 0.178 
   1   (0.716) 0.754 0.778 0.529 0.822 

Locus 92 : Mnov_gtseq_248 
2 alleles
0.3% missing data
   0   (0.221) 0.203 0.088 0.242 0.433 
   1   (0.779) 0.797 0.912 0.758 0.567 

Locus 93 : Mnov_gtseq_25 
2 alleles
0.3% missing data
   0   (0.463) 0.474 0.518 0.280 0.624 
   1   (0.537) 0.526 0.482 0.720 0.376 

Locus 94 : Mnov_gtseq_250 
2 alleles
3.4% missing data
   0   (0.784) 0.827 0.664 0.868 0.731 
   1   (0.216) 0.173 0.336 0.132 0.269 

Locus 95 : Mnov_gtseq_251 
2 alleles
2.0% missing data
   1   (0.218) 0.230 0.144 0.170 0.216 
   0   (0.782) 0.770 0.856 0.830 0.784 

Locus 96 : Mnov_gtseq_253 
2 alleles
16.3% missing data
   0   (0.476) 0.467 0.321 0.589 0.514 
   1   (0.524) 0.533 0.679 0.411 0.486 

Locus 97 : Mnov_gtseq_254 
2 alleles
0.0% missing data
   1   (0.906) 0.856 0.970 0.929 0.988 
   0   (0.094) 0.144 0.030 0.071 0.012 

Locus 98 : Mnov_gtseq_255 
3 alleles
0.0% missing data
   0   (0.322) 0.251 0.498 0.268 0.439 
   2   (0.405) 0.456 0.270 0.318 0.470 
   1   (0.273) 0.293 0.232 0.413 0.091 

Locus 99 : Mnov_gtseq_257 
2 alleles
0.0% missing data
   0   (0.641) 0.711 0.714 0.528 0.477 
   1   (0.359) 0.289 0.286 0.472 0.523 

Locus 100 : Mnov_gtseq_258 
2 alleles
0.0% missing data
   0   (0.494) 0.421 0.440 0.675 0.626 
   1   (0.506) 0.579 0.560 0.325 0.374 

Locus 101 : Mnov_gtseq_26 
2 alleles
0.0% missing data
   1   (0.893) 0.901 0.930 0.893 0.966 
   0   (0.107) 0.099 0.070 0.107 0.034 

Locus 102 : Mnov_gtseq_260 
2 alleles
0.6% missing data
   0   (0.760) 0.782 0.841 0.701 0.775 
   1   (0.240) 0.218 0.159 0.299 0.225 

Locus 103 : Mnov_gtseq_261 
3 alleles
0.3% missing data
   0   (0.464) 0.448 0.514 0.438 0.569 
   1   (0.275) 0.225 0.302 0.356 0.244 
   2   (0.261) 0.327 0.185 0.206 0.188 

Locus 104 : Mnov_gtseq_262 
3 alleles
3.1% missing data
   0   (0.384) 0.320 0.416 0.457 0.541 
   1   (0.464) 0.548 0.396 0.431 0.353 
   2   (0.153) 0.133 0.188 0.112 0.106 

Locus 105 : Mnov_gtseq_263 
2 alleles
0.0% missing data
   1   (0.827) 0.842 0.752 0.868 0.914 
   0   (0.173) 0.158 0.248 0.132 0.086 

Locus 106 : Mnov_gtseq_265 
2 alleles
0.0% missing data
   0   (0.447) 0.452 0.361 0.411 0.597 
   1   (0.553) 0.548 0.639 0.589 0.403 

Locus 107 : Mnov_gtseq_268 
2 alleles
0.0% missing data
   0   (0.551) 0.506 0.411 0.695 0.726 
   1   (0.449) 0.494 0.589 0.305 0.274 

Locus 108 : Mnov_gtseq_269 
2 alleles
1.1% missing data
   1   (0.476) 0.485 0.521 0.452 0.451 
   0   (0.524) 0.515 0.479 0.548 0.549 

Locus 109 : Mnov_gtseq_270 
2 alleles
11.1% missing data
   1   (0.768) 0.748 0.829 0.807 0.811 
   0   (0.232) 0.252 0.171 0.193 0.189 

Locus 110 : Mnov_gtseq_271 
3 alleles
9.7% missing data
   1   (0.584) 0.579 0.626 0.628 0.578 
   2   (0.368) 0.388 0.360 0.303 0.410 
   0   (0.048) 0.033 0.014 0.069 0.013 

Locus 111 : Mnov_gtseq_273 
2 alleles
1.4% missing data
   1   (0.536) 0.561 0.532 0.448 0.614 
   0   (0.464) 0.439 0.468 0.552 0.386 

Locus 112 : Mnov_gtseq_274 
2 alleles
0.0% missing data
   1   (0.511) 0.557 0.411 0.557 0.409 
   0   (0.489) 0.443 0.589 0.443 0.591 

Locus 113 : Mnov_gtseq_275 
3 alleles
13.4% missing data
   2   (0.732) 0.723 0.770 0.836 0.748 
   1   (0.238) 0.254 0.224 0.145 0.247 
   0   (0.030) 0.022 0.006 0.018 0.005 

Locus 114 : Mnov_gtseq_277 
2 alleles
0.0% missing data
   0   (0.806) 0.831 0.822 0.777 0.888 
   1   (0.194) 0.169 0.178 0.223 0.112 

Locus 115 : Mnov_gtseq_278 
2 alleles
1.1% missing data
   0   (0.892) 0.906 0.770 0.942 0.981 
   1   (0.108) 0.094 0.230 0.058 0.019 

Locus 116 : Mnov_gtseq_28 
2 alleles
0.3% missing data
   0   (0.762) 0.754 0.840 0.806 0.783 
   1   (0.238) 0.246 0.160 0.194 0.217 

Locus 117 : Mnov_gtseq_281 
3 alleles
1.7% missing data
   2   (0.852) 0.874 0.920 0.869 0.838 
   0   (0.118) 0.109 0.042 0.119 0.158 
   1   (0.030) 0.017 0.038 0.011 0.003 

Locus 118 : Mnov_gtseq_283 
2 alleles
20.6% missing data
   0   (0.748) 0.749 0.788 0.772 0.813 
   1   (0.252) 0.251 0.212 0.228 0.187 

Locus 119 : Mnov_gtseq_284 
2 alleles
0.0% missing data
   1   (0.662) 0.707 0.647 0.645 0.594 
   0   (0.338) 0.293 0.353 0.355 0.406 

Locus 120 : Mnov_gtseq_285 
3 alleles
0.0% missing data
   2   (0.564) 0.562 0.511 0.723 0.480 
   0   (0.222) 0.244 0.259 0.133 0.149 
   1   (0.214) 0.194 0.230 0.145 0.371 

Locus 121 : Mnov_gtseq_287 
2 alleles
0.0% missing data
   0   (0.776) 0.768 0.846 0.865 0.649 
   1   (0.224) 0.232 0.154 0.135 0.351 

Locus 122 : Mnov_gtseq_288 
3 alleles
15.7% missing data
   0   (0.553) 0.490 0.598 0.630 0.699 
   2   (0.414) 0.490 0.345 0.362 0.298 
   1   (0.032) 0.021 0.057 0.008 0.002 

Locus 123 : Mnov_gtseq_289 
4 alleles
0.0% missing data
   0   (0.451) 0.477 0.428 0.462 0.455 
   1   (0.385) 0.360 0.407 0.389 0.505 
   2   (0.133) 0.136 0.159 0.138 0.034 
   3   (0.030) 0.027 0.006 0.011 0.006 

Locus 124 : Mnov_gtseq_291 
4 alleles
0.6% missing data
   3   (0.704) 0.738 0.729 0.767 0.568 
   1   (0.143) 0.158 0.171 0.105 0.037 
   2   (0.036) 0.029 0.022 0.022 0.004 
   0   (0.116) 0.074 0.079 0.106 0.392 

Locus 125 : Mnov_gtseq_298 
2 alleles
35.7% missing data
   1   (0.620) 0.670 0.520 0.478 0.836 
   0   (0.380) 0.330 0.480 0.522 0.164 

Locus 126 : Mnov_gtseq_299 
2 alleles
0.9% missing data
   1   (0.581) 0.603 0.490 0.650 0.513 
   0   (0.419) 0.397 0.510 0.350 0.487 

Locus 127 : Mnov_gtseq_30 
2 alleles
16.9% missing data
   0   (0.942) 0.937 0.916 0.984 0.994 
   1   (0.058) 0.063 0.084 0.016 0.006 

Locus 128 : Mnov_gtseq_300 
2 alleles
4.6% missing data
   0   (0.585) 0.589 0.611 0.566 0.628 
