

----------------------------------------------------
STRUCTURE by Pritchard, Stephens and Donnelly (2000)
     and Falush, Stephens and Pritchard (2003)
       Code by Pritchard, Falush and Hubisz
             Version 2.3.4 (Jul 2012)
----------------------------------------------------



Command line arguments:   structure -m wint.area.structureRun/wint.area.structureRun.k4.r2_mainparams -e wint.area.structureRun/wint.area.structureRun.k4.r2_extraparams -i wint.area.structureRun/wint.area.structureRun.k4.r2_data -o wint.area.structureRun/wint.area.structureRun.k4.r2_out 
Input File:    wint.area.structureRun/wint.area.structureRun.k4.r2_data

Run parameters:
   357 individuals
   328 loci
   4 populations assumed
   1000 Burn-in period
   10000 Reps


--------------------------------------------
Proportion of membership of each pre-defined
 population in each of the 4 clusters

Given    Inferred Clusters              Number of
 Pop       1      2      3      4      Individuals

  1:     0.128  0.193  0.303  0.376       80
  2:     0.449  0.213  0.190  0.148      126
  3:     0.190  0.216  0.320  0.273      115
  4:     0.300  0.233  0.277  0.190       27
  5:     0.066  0.753  0.084  0.097        9
--------------------------------------------

Allele-freq. divergence among pops (Net nucleotide distance),
computed using point estimates of P.

      1       2       3       4      
 1      -    0.0318  0.0310  0.0392  
 2   0.0318     -    0.0193  0.0267  
 3   0.0310  0.0193     -    0.0180  
 4   0.0392  0.0267  0.0180     -    

Average distances (expected heterozygosity) between individuals in same cluster:
cluster  1  : 0.3970 
cluster  2  : 0.4008 
cluster  3  : 0.4110 
cluster  4  : 0.4133 

--------------------------------------------
Estimated Ln Prob of Data   = -134151.9
Mean value of ln likelihood = -133372.4
Variance of ln likelihood   = 1559.1
Mean value of alpha         = 1.0000

Mean value of Fst_1         = 0.1289
Mean value of Fst_2         = 0.0920
Mean value of Fst_3         = 0.0605
Mean value of Fst_4         = 0.0869


Inferred ancestry of individuals:
        Label (%Miss) Pop:  Inferred clusters
  1   207778    (2)    2 :  0.465 0.183 0.197 0.155 
  2 z0005757    (7)    3 :  0.220 0.372 0.174 0.234 
  3 z0005758    (0)    3 :  0.077 0.121 0.582 0.220 
  4 z0011944    (0)    1 :  0.083 0.800 0.065 0.052 
  5 z0012702   (10)    4 :  0.639 0.234 0.056 0.071 
  6 z0016577    (2)    3 :  0.294 0.160 0.400 0.146 
  7 z0016578   (21)    1 :  0.072 0.233 0.302 0.392 
  8 z0016579    (1)    3 :  0.139 0.297 0.412 0.151 
  9 z0018264    (0)    1 :  0.119 0.750 0.055 0.076 
 10 z0029828    (2)    3 :  0.195 0.085 0.199 0.521 
 11 z0029829   (14)    1 :  0.129 0.096 0.156 0.619 
 12 z0029846   (14)    1 :  0.118 0.272 0.418 0.192 
 13 z0029860    (1)    3 :  0.111 0.094 0.280 0.516 
 14 z0029863    (2)    1 :  0.107 0.352 0.456 0.085 
 15 z0029864    (8)    1 :  0.104 0.274 0.359 0.263 
 16 z0029865   (13)    3 :  0.070 0.107 0.676 0.147 
 17 z0037607    (2)    3 :  0.197 0.267 0.424 0.111 
 18 z0037609   (25)    3 :  0.130 0.246 0.481 0.143 
 19 z0037624   (21)    1 :  0.164 0.135 0.467 0.234 
 20 z0038417    (8)    2 :  0.609 0.216 0.111 0.063 
 21 z0040275    (9)    2 :  0.479 0.292 0.154 0.075 
 22 z0040287    (3)    2 :  0.291 0.343 0.196 0.170 
 23 z0040308    (1)    2 :  0.556 0.095 0.258 0.091 
 24 z0040333    (1)    2 :  0.459 0.197 0.166 0.178 
 25 z0040334    (1)    2 :  0.738 0.125 0.069 0.067 
 26 z0040337    (6)    2 :  0.323 0.221 0.294 0.163 
 27 z0040345    (1)    2 :  0.575 0.208 0.171 0.046 
 28 z0040357    (5)    2 :  0.492 0.162 0.257 0.090 
 29 z0040363   (20)    2 :  0.475 0.140 0.172 0.214 
 30 z0040364    (0)    2 :  0.644 0.120 0.112 0.124 
 31 z0040387    (1)    2 :  0.565 0.135 0.151 0.150 
 32 z0040403   (15)    2 :  0.463 0.201 0.184 0.152 
 33 z0040413   (43)    2 :  0.453 0.228 0.213 0.106 
 34 z0040439    (0)    2 :  0.725 0.128 0.087 0.060 
 35 z0040465   (20)    2 :  0.330 0.152 0.341 0.177 
 36 z0040513   (17)    3 :  0.304 0.194 0.119 0.383 
 37 z0040961   (12)    2 :  0.351 0.444 0.090 0.114 
 38 z0040985   (16)    2 :  0.355 0.236 0.332 0.077 
 39 z0041026    (0)    2 :  0.609 0.127 0.069 0.195 
 40 z0041051   (28)    2 :  0.394 0.353 0.172 0.081 
 41 z0041115    (7)    2 :  0.526 0.161 0.130 0.183 
 42 z0041153   (23)    2 :  0.305 0.351 0.225 0.118 
 43 z0041233    (4)    2 :  0.328 0.178 0.323 0.171 
 44 z0041243    (1)    2 :  0.341 0.245 0.319 0.096 
 45 z0041248    (6)    2 :  0.565 0.125 0.164 0.147 
 46 z0041250    (1)    2 :  0.567 0.180 0.189 0.064 
 47 z0041274    (2)    2 :  0.389 0.329 0.137 0.145 
 48 z0041465   (15)    2 :  0.547 0.065 0.142 0.246 
 49 z0041472    (2)    2 :  0.527 0.093 0.165 0.215 
 50 z0041480   (10)    2 :  0.335 0.153 0.282 0.229 
 51 z0041483    (0)    2 :  0.621 0.159 0.113 0.106 
 52 z0041494   (12)    2 :  0.478 0.283 0.130 0.109 
 53 z0041498    (1)    2 :  0.444 0.210 0.128 0.217 
 54 z0041501    (1)    2 :  0.699 0.126 0.117 0.058 
 55 z0041507    (7)    2 :  0.554 0.157 0.179 0.110 
 56 z0041512    (0)    2 :  0.652 0.104 0.128 0.116 
 57 z0041522   (17)    2 :  0.492 0.133 0.167 0.208 
 58 z0041526    (1)    3 :  0.516 0.096 0.263 0.124 
 59 z0041527   (16)    2 :  0.493 0.173 0.165 0.169 
 60 z0043243    (2)    2 :  0.103 0.402 0.231 0.264 
 61 z0043278    (2)    2 :  0.624 0.224 0.067 0.085 
 62 z0043475   (17)    3 :  0.353 0.197 0.205 0.245 
 63 z0043477    (0)    2 :  0.370 0.177 0.375 0.078 
 64 z0043478    (2)    2 :  0.758 0.072 0.081 0.089 
 65 z0043481    (0)    2 :  0.523 0.187 0.170 0.120 
 66 z0043489    (7)    2 :  0.625 0.216 0.101 0.057 
 67 z0043491   (13)    2 :  0.420 0.244 0.224 0.112 
 68 z0043493    (3)    2 :  0.323 0.245 0.372 0.060 
 69 z0043494    (2)    2 :  0.334 0.279 0.248 0.139 
 70 z0043498    (2)    2 :  0.649 0.107 0.072 0.172 
 71 z0043504    (7)    2 :  0.314 0.217 0.392 0.077 
 72 z0043526    (3)    4 :  0.335 0.293 0.226 0.147 
 73 z0043566    (3)    2 :  0.453 0.153 0.285 0.109 
 74 z0043572    (0)    2 :  0.546 0.090 0.190 0.175 
 75 z0043599    (5)    2 :  0.358 0.192 0.304 0.146 
 76 z0043642    (1)    2 :  0.301 0.178 0.299 0.221 
 77 z0043649    (1)    2 :  0.602 0.186 0.114 0.098 
 78 z0043652    (1)    2 :  0.270 0.317 0.252 0.161 
 79 z0043668    (1)    2 :  0.272 0.333 0.129 0.265 
 80 z0043674    (1)    4 :  0.065 0.242 0.327 0.367 
 81 z0043686    (1)    2 :  0.338 0.266 0.188 0.208 
 82 z0043693    (1)    2 :  0.367 0.250 0.123 0.261 
 83 z0043704   (15)    2 :  0.663 0.110 0.155 0.072 
 84 z0043807    (1)    2 :  0.445 0.142 0.208 0.205 
 85 z0043819    (1)    2 :  0.188 0.328 0.323 0.161 
 86 z0043876    (7)    2 :  0.224 0.115 0.455 0.206 
 87 z0043877   (33)    2 :  0.388 0.156 0.211 0.246 
 88 z0043891   (21)    4 :  0.217 0.273 0.251 0.259 
 89 z0043915   (33)    2 :  0.238 0.452 0.124 0.186 
 90 z0043940   (10)    2 :  0.108 0.305 0.465 0.123 
 91 z0043954    (2)    2 :  0.285 0.341 0.219 0.155 
 92 z0043966    (5)    2 :  0.605 0.112 0.133 0.150 
 93 z0043980    (0)    2 :  0.359 0.234 0.102 0.306 
 94 z0043994    (1)    3 :  0.640 0.203 0.071 0.086 
 95 z0044017   (12)    2 :  0.329 0.455 0.111 0.105 
 96 z0044019   (14)    2 :  0.447 0.173 0.139 0.240 
 97 z0044023   (36)    2 :  0.710 0.072 0.089 0.129 
 98 z0044033    (0)    2 :  0.827 0.052 0.049 0.071 
 99 z0044042    (3)    2 :  0.647 0.120 0.073 0.160 
100 z0044047   (25)    2 :  0.484 0.292 0.116 0.108 
101 z0044064   (13)    2 :  0.383 0.335 0.199 0.084 
102 z0044432   (14)    2 :  0.305 0.263 0.125 0.308 
103 z0045326    (0)    3 :  0.170 0.066 0.504 0.260 
104 z0045331    (5)    1 :  0.173 0.198 0.285 0.344 
105 z0045332    (2)    1 :  0.184 0.344 0.212 0.260 
106 z0045333    (6)    1 :  0.116 0.120 0.307 0.456 
107 z0045337    (5)    1 :  0.149 0.143 0.146 0.562 
108 z0045342   (13)    1 :  0.197 0.147 0.110 0.547 
109 z0045347    (1)    3 :  0.145 0.335 0.398 0.122 
110 z0045350    (0)    1 :  0.136 0.371 0.286 0.206 
111 z0045370    (1)    1 :  0.044 0.082 0.258 0.616 
112 z0045371    (1)    3 :  0.214 0.191 0.433 0.162 
113 z0045398    (1)    3 :  0.062 0.116 0.622 0.200 
114 z0045399    (1)    3 :  0.074 0.416 0.211 0.298 
115 z0045401   (26)    1 :  0.173 0.269 0.272 0.286 
116 z0045404    (0)    3 :  0.067 0.098 0.456 0.379 
117 z0045405    (5)    3 :  0.080 0.212 0.570 0.138 
118 z0045407    (2)    3 :  0.094 0.265 0.532 0.109 
119 z0045719    (0)    2 :  0.577 0.135 0.196 0.092 
120 z0045720    (1)    2 :  0.345 0.279 0.231 0.144 
121 z0045728    (1)    2 :  0.570 0.107 0.181 0.142 
122 z0045731    (1)    2 :  0.368 0.227 0.314 0.091 
123 z0045733    (0)    2 :  0.322 0.287 0.124 0.267 
124 z0045736    (1)    2 :  0.243 0.365 0.233 0.159 
125 z0045739    (1)    2 :  0.194 0.166 0.493 0.147 
126 z0045740    (1)    2 :  0.621 0.155 0.145 0.080 
127 z0045741    (0)    2 :  0.589 0.142 0.184 0.085 
128 z0045742    (0)    2 :  0.502 0.130 0.137 0.231 
129 z0045776    (1)    3 :  0.357 0.405 0.113 0.125 
130 z0045779    (0)    2 :  0.692 0.099 0.083 0.125 
131 z0045781    (0)    2 :  0.480 0.105 0.351 0.064 
132 z0045788    (5)    2 :  0.662 0.193 0.079 0.066 
133 z0045789    (2)    2 :  0.631 0.165 0.094 0.110 
134 z0045791    (5)    2 :  0.520 0.243 0.075 0.162 
135 z0045792   (23)    1 :  0.288 0.145 0.306 0.261 
136 z0045793    (0)    3 :  0.254 0.075 0.094 0.577 
137 z0047562   (15)    2 :  0.470 0.281 0.120 0.129 
138 z0047854    (1)    2 :  0.391 0.209 0.313 0.087 
139 z0051185    (1)    1 :  0.069 0.093 0.588 0.250 
140 z0051324    (6)    1 :  0.097 0.141 0.225 0.536 
141 z0051326    (0)    1 :  0.086 0.162 0.250 0.502 
142 z0051327    (4)    3 :  0.336 0.108 0.415 0.141 
143 z0051328    (3)    1 :  0.165 0.104 0.262 0.469 
144 z0051380    (0)    1 :  0.046 0.104 0.585 0.265 
145 z0051400    (0)    3 :  0.223 0.184 0.209 0.384 
146 z0051431   (23)    3 :  0.355 0.107 0.410 0.129 
147 z0051840   (34)    2 :  0.470 0.270 0.071 0.189 
148 z0051844   (27)    2 :  0.377 0.389 0.157 0.077 
149 z0051875   (29)    3 :  0.151 0.140 0.307 0.402 
150 z0051885    (8)    3 :  0.516 0.119 0.230 0.136 
151 z0051888    (1)    2 :  0.429 0.087 0.072 0.411 
152 z0051891    (1)    1 :  0.203 0.229 0.368 0.200 
153 z0051893    (4)    1 :  0.141 0.152 0.146 0.561 
154 z0051895    (0)    3 :  0.143 0.103 0.191 0.563 
155 z0051918    (1)    3 :  0.345 0.425 0.170 0.060 
156 z0051929    (1)    1 :  0.119 0.076 0.431 0.374 
157 z0051939   (12)    3 :  0.335 0.193 0.231 0.241 
158 z0051947    (3)    1 :  0.103 0.104 0.111 0.682 
159 z0051959    (2)    3 :  0.197 0.200 0.498 0.105 
160 z0052846    (0)    4 :  0.326 0.177 0.331 0.166 
161 z0052882    (1)    2 :  0.349 0.228 0.130 0.294 
162 z0053020   (22)    2 :  0.355 0.365 0.208 0.072 
163 z0053024   (13)    2 :  0.272 0.181 0.343 0.203 
164 z0053025    (5)    2 :  0.687 0.070 0.190 0.053 
165 z0053031    (0)    2 :  0.289 0.302 0.242 0.167 
166 z0053032    (1)    2 :  0.374 0.289 0.189 0.147 
167 z0053040    (5)    2 :  0.353 0.308 0.201 0.138 
168 z0053051    (1)    3 :  0.116 0.268 0.353 0.264 
169 z0053054    (6)    3 :  0.122 0.168 0.425 0.285 
170 z0053071    (3)    2 :  0.597 0.086 0.116 0.200 
171 z0053073    (2)    2 :  0.162 0.289 0.383 0.166 
172 z0053078    (1)    3 :  0.301 0.584 0.075 0.041 
173 z0053082    (2)    3 :  0.507 0.152 0.138 0.203 
174 z0053083   (12)    2 :  0.392 0.238 0.226 0.144 
175 z0053090   (11)    3 :  0.445 0.251 0.226 0.079 
176 z0053096    (0)    2 :  0.550 0.334 0.049 0.067 
177 z0053100    (8)    2 :  0.503 0.198 0.181 0.118 
178 z0053101    (0)    2 :  0.385 0.413 0.103 0.099 
179 z0053102    (9)    2 :  0.505 0.198 0.146 0.152 
180 z0053103    (1)    2 :  0.738 0.073 0.096 0.093 
181 z0053111    (2)    3 :  0.144 0.226 0.404 0.225 
182 z0053131    (0)    2 :  0.393 0.164 0.202 0.241 
183 z0053132    (0)    2 :  0.303 0.561 0.076 0.059 
184 z0053133    (1)    2 :  0.172 0.330 0.261 0.237 
185 z0053138    (0)    2 :  0.262 0.092 0.435 0.210 
186 z0053142    (3)    2 :  0.461 0.170 0.184 0.185 
187 z0053149    (1)    2 :  0.488 0.237 0.181 0.094 
188 z0053754    (1)    1 :  0.111 0.210 0.504 0.175 
189 z0053756    (2)    1 :  0.098 0.249 0.506 0.147 
190 z0053758   (17)    1 :  0.066 0.201 0.092 0.641 
191 z0053759    (1)    1 :  0.090 0.160 0.250 0.500 
192 z0053760    (0)    1 :  0.131 0.231 0.417 0.221 
193 z0053842    (2)    1 :  0.137 0.070 0.711 0.082 
194 z0053843    (6)    1 :  0.114 0.086 0.090 0.710 
195 z0053844    (9)    1 :  0.162 0.116 0.386 0.336 
196 z0053846    (3)    1 :  0.062 0.074 0.074 0.791 
197 z0053847    (1)    1 :  0.158 0.115 0.076 0.651 
198 z0053849    (1)    1 :  0.131 0.177 0.600 0.092 
199 z0055903    (1)    4 :  0.183 0.376 0.278 0.163 
200 z0055910   (35)    4 :  0.341 0.258 0.217 0.184 
201 z0055912    (7)    4 :  0.289 0.379 0.244 0.088 
202 z0055916   (17)    4 :  0.166 0.157 0.542 0.135 
203 z0055931    (4)    4 :  0.645 0.137 0.115 0.103 
204 z0055944    (4)    4 :  0.279 0.228 0.285 0.208 
205 z0055947   (10)    4 :  0.222 0.205 0.434 0.139 
206 z0055962    (6)    4 :  0.323 0.137 0.437 0.103 
207 z0055963   (21)    4 :  0.355 0.243 0.132 0.269 
208 z0055965   (26)    4 :  0.070 0.477 0.196 0.257 
209 z0055970   (16)    4 :  0.352 0.161 0.281 0.206 
210 z0055971    (8)    4 :  0.252 0.244 0.181 0.324 
211 z0055977    (6)    4 :  0.458 0.153 0.254 0.135 
212 z0055986   (21)    4 :  0.221 0.152 0.285 0.342 
213 z0055990    (7)    4 :  0.487 0.224 0.144 0.145 
214 z0055996    (3)    4 :  0.309 0.085 0.357 0.249 
215 z0055997    (4)    4 :  0.417 0.116 0.192 0.276 
216 z0055998    (5)    4 :  0.136 0.396 0.360 0.107 
217 z0055999    (3)    4 :  0.137 0.279 0.198 0.385 
218 z0056011    (9)    4 :  0.144 0.237 0.524 0.095 
219 z0056029    (5)    4 :  0.265 0.222 0.360 0.154 
220 z0056034    (2)    4 :  0.464 0.208 0.264 0.064 
221 z0056056   (26)    3 :  0.216 0.225 0.330 0.229 
222 z0056058    (5)    3 :  0.045 0.143 0.348 0.464 
223 z0056059    (8)    3 :  0.122 0.463 0.238 0.177 
224 z0056062    (1)    3 :  0.259 0.397 0.135 0.209 
225 z0056063    (4)    3 :  0.155 0.254 0.294 0.297 
226 z0056064    (0)    3 :  0.133 0.395 0.156 0.315 
227 z0056065    (0)    3 :  0.104 0.207 0.208 0.481 
228 z0056069    (1)    3 :  0.359 0.406 0.110 0.126 
229 z0056073    (0)    3 :  0.071 0.084 0.630 0.215 
230 z0056076    (5)    3 :  0.232 0.197 0.057 0.514 
231 z0056079   (10)    3 :  0.060 0.179 0.526 0.235 
232 z0056085    (1)    3 :  0.101 0.177 0.267 0.455 
233 z0056092    (1)    3 :  0.128 0.296 0.265 0.311 
234 z0056095    (1)    3 :  0.116 0.374 0.147 0.363 
235 z0056103    (8)    3 :  0.079 0.249 0.441 0.231 
236 z0056374    (8)    1 :  0.069 0.150 0.487 0.294 
237 z0056375    (0)    1 :  0.102 0.149 0.229 0.520 
238 z0056377    (0)    1 :  0.094 0.130 0.654 0.122 
239 z0056378    (2)    1 :  0.188 0.103 0.098 0.611 
240 z0056382    (1)    1 :  0.068 0.106 0.070 0.756 
241 z0056384    (3)    1 :  0.147 0.286 0.184 0.383 
242 z0056386    (8)    1 :  0.060 0.120 0.102 0.719 
243 z0056389    (1)    1 :  0.058 0.114 0.097 0.732 
244 z0056391    (2)    1 :  0.021 0.040 0.109 0.830 
245 z0056392   (12)    1 :  0.089 0.068 0.472 0.371 
246 z0056393    (9)    1 :  0.163 0.196 0.467 0.173 
247 z0056394    (1)    1 :  0.094 0.083 0.569 0.255 
248 z0056395    (2)    1 :  0.160 0.162 0.540 0.138 
249 z0056397    (1)    1 :  0.268 0.171 0.457 0.104 
250 z0061527    (3)    3 :  0.439 0.158 0.250 0.153 
251 z0061967    (1)    3 :  0.239 0.119 0.405 0.238 
252 z0061969    (1)    3 :  0.343 0.071 0.402 0.184 
253 z0061980    (1)    1 :  0.253 0.128 0.268 0.351 
254 z0066166    (3)    3 :  0.146 0.151 0.361 0.343 
255 z0066792    (2)    1 :  0.083 0.696 0.052 0.170 
256 z0066805    (2)    1 :  0.083 0.771 0.061 0.085 
257 z0068471    (3)    3 :  0.128 0.224 0.305 0.343 
258 z0075696    (7)    5 :  0.068 0.822 0.046 0.064 
259 z0101084    (8)    1 :  0.131 0.099 0.114 0.655 
260 z0107099    (3)    3 :  0.039 0.099 0.294 0.568 
261 z0107101    (0)    1 :  0.044 0.044 0.056 0.857 
262 z0108489    (1)    1 :  0.244 0.274 0.301 0.181 
263 z0108513    (0)    1 :  0.121 0.062 0.140 0.677 
264 z0108528    (1)    3 :  0.263 0.133 0.384 0.219 
265 z0113628    (2)    3 :  0.169 0.379 0.338 0.114 
266 z0133302   (18)    1 :  0.233 0.169 0.118 0.480 
267 z0173485    (0)    1 :  0.322 0.143 0.374 0.161 
268 z0175371    (1)    3 :  0.239 0.414 0.261 0.085 
269 z0175378    (0)    2 :  0.673 0.077 0.086 0.163 
270 z0175912    (6)    1 :  0.141 0.168 0.483 0.207 
271 z0175916    (3)    1 :  0.343 0.250 0.198 0.209 
272 z0175937    (1)    1 :  0.100 0.164 0.297 0.440 
273 z0178348   (13)    1 :  0.087 0.109 0.558 0.246 
274 z0187857    (3)    1 :  0.147 0.096 0.161 0.596 
275 z0187860    (0)    1 :  0.238 0.227 0.282 0.254 
276 z0187885    (0)    2 :  0.341 0.409 0.097 0.153 
277 z0187906   (10)    1 :  0.150 0.493 0.165 0.191 
278 z0195655    (0)    2 :  0.714 0.075 0.098 0.113 
279 z0195663    (1)    3 :  0.482 0.156 0.291 0.071 
280 z0195683    (1)    3 :  0.112 0.124 0.242 0.522 
281 z0195687   (22)    3 :  0.061 0.120 0.445 0.374 
282 z0195688    (0)    2 :  0.289 0.383 0.198 0.130 
283 z0195691    (1)    3 :  0.094 0.402 0.427 0.077 
284 z0195699    (0)    3 :  0.109 0.114 0.599 0.178 
285 z0195701    (8)    3 :  0.141 0.151 0.159 0.549 
286 z0195702    (0)    3 :  0.218 0.288 0.261 0.233 
287 z0195704    (1)    3 :  0.198 0.202 0.267 0.333 
288 z0195705    (1)    3 :  0.458 0.196 0.287 0.059 
289 z0195711    (0)    3 :  0.075 0.449 0.349 0.127 
290 z0195716    (0)    3 :  0.138 0.326 0.240 0.296 
291 z0195718   (13)    3 :  0.068 0.282 0.176 0.474 
292 z0195725    (5)    3 :  0.293 0.117 0.440 0.149 
293 z0195726   (17)    1 :  0.103 0.162 0.659 0.075 
294 z0195728   (14)    3 :  0.044 0.091 0.119 0.746 
295 z0195732   (16)    3 :  0.069 0.139 0.558 0.235 
296 z0195737    (1)    3 :  0.396 0.277 0.110 0.217 
297 z0195740   (30)    3 :  0.137 0.161 0.572 0.130 
298 z0195751    (1)    3 :  0.103 0.108 0.177 0.611 
299 z0195762    (2)    3 :  0.085 0.357 0.315 0.243 
300 z0195784    (0)    3 :  0.091 0.244 0.186 0.478 
301 z0196686    (0)    5 :  0.031 0.879 0.035 0.055 
302 z0196687    (0)    5 :  0.097 0.710 0.095 0.098 
303 z0196689    (1)    5 :  0.072 0.766 0.108 0.054 
304 z0196690    (3)    5 :  0.052 0.693 0.046 0.209 
305 z0196691    (9)    5 :  0.052 0.762 0.105 0.081 
306 z0196692    (1)    5 :  0.095 0.670 0.124 0.112 
307 z0196693    (2)    5 :  0.055 0.688 0.121 0.136 
308 z0196694    (3)    5 :  0.071 0.786 0.077 0.065 
309 z0196710    (0)    3 :  0.249 0.259 0.314 0.178 
310 z0196715   (23)    3 :  0.070 0.097 0.565 0.268 
311 z0196719    (0)    3 :  0.146 0.140 0.543 0.171 
312 z0196724   (20)    3 :  0.174 0.097 0.400 0.329 
313 z0196725    (1)    3 :  0.114 0.281 0.168 0.436 
314 z0196729    (3)    3 :  0.189 0.141 0.400 0.270 
315 z0196730    (3)    1 :  0.112 0.283 0.145 0.461 
316 z0196731    (1)    3 :  0.061 0.138 0.509 0.292 
317 z0196733   (17)    1 :  0.080 0.111 0.609 0.201 
318 z0196734    (2)    3 :  0.256 0.150 0.360 0.234 
319 z0196739   (18)    3 :  0.286 0.107 0.226 0.380 
320 z0196740   (10)    3 :  0.118 0.212 0.392 0.278 
321 z0196746    (3)    1 :  0.161 0.175 0.075 0.589 
322 z0196751    (0)    3 :  0.194 0.193 0.188 0.426 
323 z0196752    (0)    3 :  0.077 0.497 0.152 0.274 
324 z0196754    (0)    3 :  0.135 0.167 0.240 0.457 
325 z0196758    (2)    1 :  0.103 0.213 0.323 0.361 
326 z0196763    (2)    3 :  0.107 0.210 0.521 0.162 
327 z0196764    (1)    3 :  0.158 0.207 0.376 0.260 
328 z0196766    (0)    3 :  0.151 0.204 0.249 0.396 
329 z0196769    (1)    3 :  0.117 0.201 0.199 0.484 
330 z0196774    (1)    3 :  0.089 0.313 0.127 0.471 
331 z0196783    (0)    1 :  0.037 0.068 0.065 0.830 
332 z0196794    (2)    1 :  0.048 0.100 0.073 0.779 
333 z0196804   (15)    1 :  0.092 0.114 0.538 0.255 
334 z0196809   (15)    3 :  0.073 0.178 0.618 0.132 
335 z0196810    (2)    1 :  0.086 0.198 0.559 0.157 
336 z0196811    (1)    1 :  0.045 0.094 0.729 0.132 
337 z0196824    (0)    3 :  0.251 0.324 0.214 0.211 
338 z0196825    (1)    3 :  0.243 0.096 0.397 0.263 
339 z0196828    (1)    2 :  0.166 0.125 0.453 0.255 
340 z0196829    (0)    3 :  0.134 0.112 0.670 0.084 
341 z0196834   (28)    3 :  0.230 0.180 0.232 0.358 
342 z0196835    (0)    3 :  0.145 0.049 0.259 0.547 
343 z0196838    (2)    1 :  0.053 0.153 0.662 0.132 
344 z0196841   (22)    3 :  0.095 0.257 0.200 0.448 
345 z0196843   (27)    3 :  0.099 0.160 0.362 0.379 
346 z0196849    (1)    3 :  0.123 0.158 0.319 0.400 
347 z0196852    (1)    2 :  0.266 0.373 0.218 0.144 
348 z0196855    (0)    2 :  0.216 0.251 0.388 0.146 
349 z0196856    (1)    3 :  0.201 0.272 0.404 0.123 
350 z0196857    (0)    2 :  0.408 0.082 0.088 0.423 
351 z0196864    (2)    3 :  0.349 0.223 0.319 0.109 
352 z0196894    (0)    3 :  0.073 0.272 0.448 0.207 
353 z0197662    (3)    1 :  0.267 0.193 0.395 0.144 
354 z0197665    (2)    1 :  0.099 0.194 0.108 0.599 
355 z0197668   (20)    3 :  0.116 0.497 0.246 0.140 
356 z0197669    (1)    3 :  0.336 0.333 0.180 0.152 
357 z0197672    (1)    3 :  0.185 0.198 0.166 0.451 


Estimated Allele Frequencies in each cluster
First column gives estimated ancestral frequencies


Locus 1 : HI.v.HI.SEAK 
5 alleles
66.2% missing data
   0   (0.213) 0.201 0.305 0.126 0.123 
   4   (0.409) 0.051 0.285 0.647 0.639 
   1   (0.177) 0.678 0.159 0.092 0.069 
   2   (0.052) 0.040 0.030 0.026 0.016 
   3   (0.149) 0.030 0.221 0.108 0.153 

Locus 2 : Mnov_gtseq_1 
2 alleles
0.0% missing data
   0   (0.414) 0.336 0.467 0.426 0.361 
   1   (0.586) 0.664 0.533 0.574 0.639 

Locus 3 : Mnov_gtseq_10 
2 alleles
0.3% missing data
   0   (0.804) 0.938 0.914 0.728 0.715 
   1   (0.196) 0.062 0.086 0.272 0.285 

Locus 4 : Mnov_gtseq_102 
2 alleles
0.8% missing data
   0   (0.565) 0.722 0.536 0.618 0.430 
   1   (0.435) 0.278 0.464 0.382 0.570 

Locus 5 : Mnov_gtseq_104 
2 alleles
0.3% missing data
   0   (0.856) 0.947 0.953 0.864 0.703 
   1   (0.144) 0.053 0.047 0.136 0.297 

Locus 6 : Mnov_gtseq_106 
2 alleles
15.4% missing data
   1   (0.753) 0.798 0.738 0.764 0.813 
   0   (0.247) 0.202 0.262 0.236 0.187 

Locus 7 : Mnov_gtseq_107 
2 alleles
37.8% missing data
   1   (0.223) 0.481 0.158 0.161 0.169 
   0   (0.777) 0.519 0.842 0.839 0.831 

Locus 8 : Mnov_gtseq_111 
2 alleles
39.2% missing data
   1   (0.705) 0.501 0.850 0.782 0.565 
   0   (0.295) 0.499 0.150 0.218 0.435 

Locus 9 : Mnov_gtseq_112 
2 alleles
1.1% missing data
   0   (0.603) 0.725 0.436 0.554 0.759 
   1   (0.397) 0.275 0.564 0.446 0.241 

Locus 10 : Mnov_gtseq_113 
2 alleles
1.7% missing data
   1   (0.708) 0.673 0.666 0.731 0.803 
   0   (0.292) 0.327 0.334 0.269 0.197 

Locus 11 : Mnov_gtseq_114 
2 alleles
4.5% missing data
   0   (0.544) 0.331 0.513 0.646 0.576 
   1   (0.456) 0.669 0.487 0.354 0.424 

Locus 12 : Mnov_gtseq_117 
2 alleles
27.2% missing data
   0   (0.627) 0.841 0.610 0.609 0.545 
   1   (0.373) 0.159 0.390 0.391 0.455 

Locus 13 : Mnov_gtseq_118 
2 alleles
8.1% missing data
   0   (0.710) 0.865 0.757 0.756 0.527 
   1   (0.290) 0.135 0.243 0.244 0.473 

Locus 14 : Mnov_gtseq_12 
2 alleles
0.3% missing data
   0   (0.461) 0.251 0.612 0.406 0.532 
   1   (0.539) 0.749 0.388 0.594 0.468 

Locus 15 : Mnov_gtseq_124 
2 alleles
4.8% missing data
   1   (0.762) 0.876 0.884 0.678 0.727 
   0   (0.238) 0.124 0.116 0.322 0.273 

Locus 16 : Mnov_gtseq_125 
2 alleles
1.1% missing data
   1   (0.899) 0.666 0.944 0.907 0.984 
   0   (0.101) 0.334 0.056 0.093 0.016 

Locus 17 : Mnov_gtseq_126 
2 alleles
0.0% missing data
   0   (0.337) 0.309 0.530 0.415 0.112 
   1   (0.663) 0.691 0.470 0.585 0.888 

Locus 18 : Mnov_gtseq_127 
2 alleles
7.0% missing data
   0   (0.619) 0.446 0.666 0.606 0.730 
   1   (0.381) 0.554 0.334 0.394 0.270 

Locus 19 : Mnov_gtseq_128 
2 alleles
31.4% missing data
   0   (0.694) 0.685 0.630 0.689 0.819 
   1   (0.306) 0.315 0.370 0.311 0.181 

Locus 20 : Mnov_gtseq_129 
2 alleles
2.0% missing data
   0   (0.503) 0.628 0.387 0.540 0.474 
   1   (0.497) 0.372 0.613 0.460 0.526 

Locus 21 : Mnov_gtseq_13 
2 alleles
0.0% missing data
   0   (0.573) 0.591 0.808 0.435 0.513 
   1   (0.427) 0.409 0.192 0.565 0.487 

Locus 22 : Mnov_gtseq_130 
2 alleles
28.9% missing data
   1   (0.514) 0.432 0.622 0.529 0.449 
   0   (0.486) 0.568 0.378 0.471 0.551 

Locus 23 : Mnov_gtseq_135 
2 alleles
0.6% missing data
   1   (0.453) 0.577 0.396 0.411 0.460 
   0   (0.547) 0.423 0.604 0.589 0.540 

Locus 24 : Mnov_gtseq_138 
2 alleles
0.6% missing data
   0   (0.473) 0.394 0.472 0.552 0.403 
   1   (0.527) 0.606 0.528 0.448 0.597 

Locus 25 : Mnov_gtseq_140 
2 alleles
1.1% missing data
   0   (0.438) 0.637 0.258 0.466 0.424 
   1   (0.562) 0.363 0.742 0.534 0.576 

Locus 26 : Mnov_gtseq_141 
2 alleles
0.3% missing data
   0   (0.553) 0.562 0.419 0.538 0.718 
   1   (0.447) 0.438 0.581 0.462 0.282 

Locus 27 : Mnov_gtseq_143 
2 alleles
2.8% missing data
   1   (0.562) 0.496 0.411 0.635 0.657 
   0   (0.438) 0.504 0.589 0.365 0.343 

Locus 28 : Mnov_gtseq_145 
2 alleles
2.0% missing data
   0   (0.462) 0.470 0.364 0.421 0.591 
   1   (0.538) 0.530 0.636 0.579 0.409 

Locus 29 : Mnov_gtseq_147 
2 alleles
26.3% missing data
   0   (0.797) 0.478 0.757 0.924 0.832 
   1   (0.203) 0.522 0.243 0.076 0.168 

Locus 30 : Mnov_gtseq_148 
2 alleles
9.2% missing data
   0   (0.311) 0.132 0.408 0.368 0.228 
   1   (0.689) 0.868 0.592 0.632 0.772 

Locus 31 : Mnov_gtseq_149 
2 alleles
0.6% missing data
   0   (0.598) 0.566 0.565 0.670 0.586 
   1   (0.402) 0.434 0.435 0.330 0.414 

Locus 32 : Mnov_gtseq_15 
2 alleles
0.0% missing data
   0   (0.471) 0.409 0.460 0.398 0.611 
   1   (0.529) 0.591 0.540 0.602 0.389 

Locus 33 : Mnov_gtseq_152 
2 alleles
0.8% missing data
   0   (0.328) 0.395 0.313 0.232 0.382 
   1   (0.672) 0.605 0.687 0.768 0.618 

Locus 34 : Mnov_gtseq_154 
2 alleles
3.4% missing data
   0   (0.556) 0.403 0.584 0.573 0.626 
   1   (0.444) 0.597 0.416 0.427 0.374 

Locus 35 : Mnov_gtseq_155 
2 alleles
41.7% missing data
   0   (0.656) 0.698 0.671 0.665 0.668 
   1   (0.344) 0.302 0.329 0.335 0.332 

Locus 36 : Mnov_gtseq_157 
2 alleles
0.6% missing data
   1   (0.549) 0.650 0.520 0.529 0.559 
   0   (0.451) 0.350 0.480 0.471 0.441 

Locus 37 : Mnov_gtseq_158 
2 alleles
0.6% missing data
   0   (0.407) 0.071 0.373 0.443 0.700 
   1   (0.593) 0.929 0.627 0.557 0.300 

Locus 38 : Mnov_gtseq_159 
2 alleles
24.6% missing data
   0   (0.618) 0.411 0.513 0.735 0.690 
   1   (0.382) 0.589 0.487 0.265 0.310 

Locus 39 : Mnov_gtseq_16 
2 alleles
0.0% missing data
   0   (0.633) 0.535 0.773 0.565 0.692 
   1   (0.367) 0.465 0.227 0.435 0.308 

Locus 40 : Mnov_gtseq_160 
2 alleles
2.5% missing data
   0   (0.502) 0.397 0.438 0.602 0.478 
   1   (0.498) 0.603 0.562 0.398 0.522 

Locus 41 : Mnov_gtseq_161 
2 alleles
2.0% missing data
   1   (0.753) 0.805 0.823 0.774 0.712 
   0   (0.247) 0.195 0.177 0.226 0.288 

Locus 42 : Mnov_gtseq_162 
2 alleles
2.2% missing data
   1   (0.420) 0.505 0.275 0.324 0.630 
   0   (0.580) 0.495 0.725 0.676 0.370 

Locus 43 : Mnov_gtseq_167 
2 alleles
1.1% missing data
   1   (0.781) 0.883 0.844 0.789 0.732 
   0   (0.219) 0.117 0.156 0.211 0.268 

Locus 44 : Mnov_gtseq_17 
2 alleles
0.0% missing data
   0   (0.511) 0.467 0.543 0.418 0.650 
   1   (0.489) 0.533 0.457 0.582 0.350 

Locus 45 : Mnov_gtseq_170 
2 alleles
0.0% missing data
   0   (0.312) 0.224 0.332 0.330 0.259 
   1   (0.688) 0.776 0.668 0.670 0.741 

Locus 46 : Mnov_gtseq_171 
2 alleles
42.0% missing data
   1   (0.685) 0.728 0.775 0.715 0.572 
   0   (0.315) 0.272 0.225 0.285 0.428 

Locus 47 : Mnov_gtseq_173 
2 alleles
21.8% missing data
   1   (0.470) 0.726 0.648 0.400 0.251 
   0   (0.530) 0.274 0.352 0.600 0.749 

Locus 48 : Mnov_gtseq_174 
2 alleles
2.8% missing data
   0   (0.287) 0.464 0.263 0.207 0.257 
   1   (0.713) 0.536 0.737 0.793 0.743 

Locus 49 : Mnov_gtseq_180 
2 alleles
14.0% missing data
   0   (0.644) 0.915 0.368 0.699 0.585 
   1   (0.356) 0.085 0.632 0.301 0.415 

Locus 50 : Mnov_gtseq_182 
2 alleles
9.0% missing data
   0   (0.821) 0.824 0.938 0.859 0.689 
   1   (0.179) 0.176 0.062 0.141 0.311 

Locus 51 : Mnov_gtseq_186 
2 alleles
27.7% missing data
   0   (0.524) 0.477 0.540 0.516 0.551 
   1   (0.476) 0.523 0.460 0.484 0.449 

Locus 52 : Mnov_gtseq_187 
2 alleles
7.6% missing data
   1   (0.575) 0.733 0.469 0.555 0.619 
   0   (0.425) 0.267 0.531 0.445 0.381 

Locus 53 : Mnov_gtseq_188 
2 alleles
13.4% missing data
   0   (0.560) 0.633 0.845 0.341 0.511 
   1   (0.440) 0.367 0.155 0.659 0.489 

Locus 54 : Mnov_gtseq_189 
2 alleles
3.6% missing data
   0   (0.449) 0.493 0.271 0.454 0.582 
   1   (0.551) 0.507 0.729 0.546 0.418 

Locus 55 : Mnov_gtseq_19 
2 alleles
0.0% missing data
   1   (0.928) 0.811 0.873 0.978 0.991 
   0   (0.072) 0.189 0.127 0.022 0.009 

Locus 56 : Mnov_gtseq_190 
2 alleles
0.0% missing data
   1   (0.417) 0.341 0.409 0.461 0.376 
   0   (0.583) 0.659 0.591 0.539 0.624 

Locus 57 : Mnov_gtseq_191 
2 alleles
26.3% missing data
   0   (0.882) 0.988 0.863 0.837 0.921 
   1   (0.118) 0.012 0.137 0.163 0.079 

Locus 58 : Mnov_gtseq_192 
2 alleles
21.0% missing data
   0   (0.812) 0.805 0.896 0.836 0.796 
   1   (0.188) 0.195 0.104 0.164 0.204 

Locus 59 : Mnov_gtseq_193 
2 alleles
0.0% missing data
   0   (0.706) 0.789 0.638 0.726 0.752 
   1   (0.294) 0.211 0.362 0.274 0.248 

Locus 60 : Mnov_gtseq_195 
2 alleles
0.0% missing data
   0   (0.547) 0.514 0.717 0.553 0.415 
   1   (0.453) 0.486 0.283 0.447 0.585 

Locus 61 : Mnov_gtseq_196 
2 alleles
0.3% missing data
   0   (0.318) 0.134 0.402 0.241 0.474 
   1   (0.682) 0.866 0.598 0.759 0.526 

Locus 62 : Mnov_gtseq_197 
3 alleles
0.3% missing data
   1   (0.382) 0.300 0.406 0.317 0.468 
   0   (0.435) 0.632 0.236 0.525 0.427 
   2   (0.183) 0.068 0.358 0.158 0.105 

Locus 63 : Mnov_gtseq_2 
2 alleles
0.3% missing data
   0   (0.196) 0.236 0.191 0.255 0.060 
   1   (0.804) 0.764 0.809 0.745 0.940 

Locus 64 : Mnov_gtseq_200 
2 alleles
2.8% missing data
   0   (0.410) 0.673 0.312 0.390 0.329 
   1   (0.590) 0.327 0.688 0.610 0.671 

Locus 65 : Mnov_gtseq_201 
2 alleles
0.0% missing data
   0   (0.864) 0.981 0.919 0.849 0.754 
   1   (0.136) 0.019 0.081 0.151 0.246 

Locus 66 : Mnov_gtseq_202 
2 alleles
0.0% missing data
   0   (0.429) 0.569 0.304 0.442 0.424 
   1   (0.571) 0.431 0.696 0.558 0.576 

Locus 67 : Mnov_gtseq_204 
2 alleles
3.9% missing data
   0   (0.443) 0.547 0.435 0.364 0.483 
   1   (0.557) 0.453 0.565 0.636 0.517 

Locus 68 : Mnov_gtseq_205 
3 alleles
0.0% missing data
   0   (0.232) 0.211 0.178 0.189 0.285 
   2   (0.703) 0.733 0.741 0.787 0.693 
   1   (0.064) 0.056 0.081 0.024 0.022 

Locus 69 : Mnov_gtseq_208 
2 alleles
0.0% missing data
   0   (0.639) 0.394 0.612 0.738 0.707 
   1   (0.361) 0.606 0.388 0.262 0.293 

Locus 70 : Mnov_gtseq_209 
2 alleles
0.0% missing data
   0   (0.448) 0.596 0.380 0.432 0.418 
   1   (0.552) 0.404 0.620 0.568 0.582 

Locus 71 : Mnov_gtseq_21 
2 alleles
0.0% missing data
   1   (0.539) 0.319 0.567 0.588 0.600 
   0   (0.461) 0.681 0.433 0.412 0.400 

Locus 72 : Mnov_gtseq_210 
2 alleles
5.0% missing data
   0   (0.398) 0.200 0.370 0.351 0.602 
   1   (0.602) 0.800 0.630 0.649 0.398 

Locus 73 : Mnov_gtseq_213 
2 alleles
5.6% missing data
   0   (0.514) 0.384 0.463 0.586 0.545 
   1   (0.486) 0.616 0.537 0.414 0.455 

Locus 74 : Mnov_gtseq_214 
2 alleles
5.3% missing data
   0   (0.546) 0.753 0.375 0.610 0.478 
   1   (0.454) 0.247 0.625 0.390 0.522 

Locus 75 : Mnov_gtseq_215 
2 alleles
0.0% missing data
   0   (0.440) 0.574 0.479 0.369 0.406 
   1   (0.560) 0.426 0.521 0.631 0.594 

Locus 76 : Mnov_gtseq_216 
2 alleles
0.0% missing data
   1   (0.524) 0.665 0.648 0.449 0.431 
   0   (0.476) 0.335 0.352 0.551 0.569 

Locus 77 : Mnov_gtseq_217 
2 alleles
24.4% missing data
   0   (0.315) 0.173 0.283 0.372 0.313 
   1   (0.685) 0.827 0.717 0.628 0.687 

Locus 78 : Mnov_gtseq_218 
2 alleles
0.3% missing data
   0   (0.605) 0.770 0.771 0.592 0.367 
   1   (0.395) 0.230 0.229 0.408 0.633 

Locus 79 : Mnov_gtseq_22 
2 alleles
3.9% missing data
   1   (0.585) 0.750 0.564 0.559 0.561 
   0   (0.415) 0.250 0.436 0.441 0.439 

Locus 80 : Mnov_gtseq_220 
2 alleles
0.3% missing data
   0   (0.527) 0.670 0.578 0.482 0.466 
   1   (0.473) 0.330 0.422 0.518 0.534 

Locus 81 : Mnov_gtseq_222 
2 alleles
14.3% missing data
   0   (0.514) 0.665 0.750 0.503 0.221 
   1   (0.486) 0.335 0.250 0.497 0.779 

Locus 82 : Mnov_gtseq_223 
2 alleles
2.5% missing data
   0   (0.641) 0.624 0.692 0.535 0.789 
   1   (0.359) 0.376 0.308 0.465 0.211 

Locus 83 : Mnov_gtseq_225 
2 alleles
0.0% missing data
   0   (0.525) 0.500 0.336 0.635 0.575 
   1   (0.475) 0.500 0.664 0.365 0.425 

Locus 84 : Mnov_gtseq_227 
2 alleles
0.3% missing data
   0   (0.514) 0.647 0.636 0.422 0.449 
   1   (0.486) 0.353 0.364 0.578 0.551 

Locus 85 : Mnov_gtseq_229 
2 alleles
0.8% missing data
   1   (0.534) 0.661 0.575 0.446 0.553 
   0   (0.466) 0.339 0.425 0.554 0.447 

Locus 86 : Mnov_gtseq_230 
2 alleles
10.4% missing data
   0   (0.770) 0.889 0.932 0.607 0.727 
   1   (0.230) 0.111 0.068 0.393 0.273 

Locus 87 : Mnov_gtseq_232 
2 alleles
0.0% missing data
   0   (0.480) 0.730 0.366 0.452 0.459 
   1   (0.520) 0.270 0.634 0.548 0.541 

Locus 88 : Mnov_gtseq_234 
2 alleles
9.8% missing data
   0   (0.726) 0.849 0.743 0.730 0.698 
   1   (0.274) 0.151 0.257 0.270 0.302 

Locus 89 : Mnov_gtseq_235 
2 alleles
0.3% missing data
   0   (0.778) 0.896 0.875 0.743 0.724 
   1   (0.222) 0.104 0.125 0.257 0.276 

Locus 90 : Mnov_gtseq_237 
2 alleles
0.3% missing data
   0   (0.552) 0.773 0.505 0.563 0.427 
   1   (0.448) 0.227 0.495 0.437 0.573 

Locus 91 : Mnov_gtseq_238 
2 alleles
0.0% missing data
   0   (0.606) 0.819 0.544 0.505 0.692 
   1   (0.394) 0.181 0.456 0.495 0.308 

Locus 92 : Mnov_gtseq_239 
2 alleles
0.0% missing data
   0   (0.718) 0.746 0.788 0.739 0.676 
   1   (0.282) 0.254 0.212 0.261 0.324 

Locus 93 : Mnov_gtseq_240 
2 alleles
0.0% missing data
   1   (0.411) 0.394 0.397 0.523 0.257 
   0   (0.589) 0.606 0.603 0.477 0.743 

Locus 94 : Mnov_gtseq_241 
2 alleles
0.0% missing data
   0   (0.840) 0.844 0.905 0.905 0.779 
   1   (0.160) 0.156 0.095 0.095 0.221 

Locus 95 : Mnov_gtseq_243 
2 alleles
0.0% missing data
   0   (0.593) 0.580 0.665 0.663 0.445 
   1   (0.407) 0.420 0.335 0.337 0.555 

Locus 96 : Mnov_gtseq_244 
2 alleles
0.0% missing data
   0   (0.339) 0.443 0.197 0.308 0.418 
   1   (0.661) 0.557 0.803 0.692 0.582 

Locus 97 : Mnov_gtseq_245 
2 alleles
20.7% missing data
   1   (0.513) 0.646 0.404 0.509 0.535 
   0   (0.487) 0.354 0.596 0.491 0.465 

Locus 98 : Mnov_gtseq_246 
2 alleles
0.3% missing data
   0   (0.461) 0.517 0.235 0.609 0.432 
   1   (0.539) 0.483 0.765 0.391 0.568 

Locus 99 : Mnov_gtseq_247 
2 alleles
3.4% missing data
   0   (0.302) 0.161 0.385 0.378 0.179 
   1   (0.698) 0.839 0.615 0.622 0.821 

Locus 100 : Mnov_gtseq_248 
2 alleles
0.3% missing data
   0   (0.231) 0.397 0.290 0.213 0.082 
   1   (0.769) 0.603 0.710 0.787 0.918 

Locus 101 : Mnov_gtseq_25 
2 alleles
0.3% missing data
   0   (0.447) 0.657 0.337 0.344 0.555 
   1   (0.553) 0.343 0.663 0.656 0.445 

Locus 102 : Mnov_gtseq_250 
2 alleles
3.9% missing data
   0   (0.793) 0.684 0.852 0.910 0.650 
   1   (0.207) 0.316 0.148 0.090 0.350 

Locus 103 : Mnov_gtseq_251 
2 alleles
2.0% missing data
   1   (0.207) 0.205 0.133 0.308 0.090 
   0   (0.793) 0.795 0.867 0.692 0.910 

Locus 104 : Mnov_gtseq_253 
2 alleles
16.2% missing data
   0   (0.471) 0.506 0.632 0.414 0.358 
   1   (0.529) 0.494 0.368 0.586 0.642 

Locus 105 : Mnov_gtseq_254 
2 alleles
0.0% missing data
   1   (0.905) 0.990 0.935 0.858 0.941 
   0   (0.095) 0.010 0.065 0.142 0.059 

Locus 106 : Mnov_gtseq_255 
2 alleles
0.0% missing data
   0   (0.351) 0.493 0.261 0.281 0.410 
   1   (0.649) 0.507 0.739 0.719 0.590 

Locus 107 : Mnov_gtseq_257 
2 alleles
0.0% missing data
   0   (0.624) 0.463 0.521 0.705 0.739 
   1   (0.376) 0.537 0.479 0.295 0.261 

Locus 108 : Mnov_gtseq_258 
2 alleles
0.0% missing data
   0   (0.517) 0.624 0.642 0.488 0.377 
   1   (0.483) 0.376 0.358 0.512 0.623 

Locus 109 : Mnov_gtseq_26 
2 alleles
0.0% missing data
   1   (0.897) 0.972 0.938 0.843 0.948 
   0   (0.103) 0.028 0.062 0.157 0.052 

Locus 110 : Mnov_gtseq_260 
2 alleles
0.3% missing data
   0   (0.757) 0.766 0.714 0.746 0.880 
   1   (0.243) 0.234 0.286 0.254 0.120 

Locus 111 : Mnov_gtseq_261 
2 alleles
0.6% missing data
   0   (0.506) 0.553 0.414 0.649 0.348 
   1   (0.494) 0.447 0.586 0.351 0.652 

Locus 112 : Mnov_gtseq_262 
2 alleles
3.1% missing data
   0   (0.416) 0.554 0.458 0.345 0.374 
   1   (0.584) 0.446 0.542 0.655 0.626 

Locus 113 : Mnov_gtseq_263 
2 alleles
0.0% missing data
   1   (0.820) 0.911 0.880 0.856 0.731 
   0   (0.180) 0.089 0.120 0.144 0.269 

Locus 114 : Mnov_gtseq_265 
2 alleles
0.0% missing data
   0   (0.446) 0.601 0.529 0.383 0.341 
   1   (0.554) 0.399 0.471 0.617 0.659 

Locus 115 : Mnov_gtseq_268 
2 alleles
0.0% missing data
   0   (0.582) 0.656 0.739 0.602 0.367 
   1   (0.418) 0.344 0.261 0.398 0.633 

Locus 116 : Mnov_gtseq_269 
2 alleles
1.1% missing data
   1   (0.494) 0.430 0.407 0.613 0.437 
   0   (0.506) 0.570 0.593 0.387 0.563 

Locus 117 : Mnov_gtseq_270 
2 alleles
11.8% missing data
   1   (0.772) 0.793 0.846 0.734 0.824 
   0   (0.228) 0.207 0.154 0.266 0.176 

Locus 118 : Mnov_gtseq_271 
2 alleles
10.9% missing data
   0   (0.627) 0.588 0.702 0.615 0.636 
   1   (0.373) 0.412 0.298 0.385 0.364 

Locus 119 : Mnov_gtseq_273 
2 alleles
1.4% missing data
   1   (0.527) 0.613 0.485 0.487 0.581 
   0   (0.473) 0.387 0.515 0.513 0.419 

Locus 120 : Mnov_gtseq_274 
2 alleles
0.0% missing data
   1   (0.501) 0.386 0.541 0.549 0.468 
   0   (0.499) 0.614 0.459 0.451 0.532 

Locus 121 : Mnov_gtseq_275 
2 alleles
13.7% missing data
   1   (0.771) 0.707 0.795 0.867 0.707 
   0   (0.229) 0.293 0.205 0.133 0.293 

Locus 122 : Mnov_gtseq_277 
2 alleles
0.0% missing data
   0   (0.806) 0.882 0.722 0.815 0.897 
   1   (0.194) 0.118 0.278 0.185 0.103 

Locus 123 : Mnov_gtseq_278 
2 alleles
1.1% missing data
   0   (0.881) 0.975 0.926 0.910 0.787 
   1   (0.119) 0.025 0.074 0.090 0.213 

Locus 124 : Mnov_gtseq_28 
2 alleles
0.3% missing data
   0   (0.761) 0.801 0.780 0.773 0.815 
   1   (0.239) 0.199 0.220 0.227 0.185 

Locus 125 : Mnov_gtseq_284 
2 alleles
0.0% missing data
   1   (0.639) 0.626 0.583 0.650 0.731 
   0   (0.361) 0.374 0.417 0.350 0.269 

Locus 126 : Mnov_gtseq_285 
2 alleles
0.0% missing data
   1   (0.759) 0.625 0.851 0.752 0.833 
   0   (0.241) 0.375 0.149 0.248 0.167 

Locus 127 : Mnov_gtseq_287 
2 alleles
0.0% missing data
   0   (0.777) 0.622 0.870 0.823 0.800 
   1   (0.223) 0.378 0.130 0.177 0.200 

Locus 128 : Mnov_gtseq_288 
2 alleles
16.2% missing data
   0   (0.618) 0.669 0.668 0.620 0.569 
   1   (0.382) 0.331 0.332 0.380 0.431 

Locus 129 : Mnov_gtseq_289 
2 alleles
0.0% missing data
   0   (0.462) 0.450 0.412 0.521 0.420 
   1   (0.538) 0.550 0.588 0.479 0.580 

Locus 130 : Mnov_gtseq_291 
2 alleles
0.3% missing data
   1   (0.700) 0.596 0.744 0.755 0.711 
   0   (0.300) 0.404 0.256 0.245 0.289 

Locus 131 : Mnov_gtseq_297 
2 alleles
0.0% missing data
   0   (0.663) 0.783 0.641 0.726 0.556 
   1   (0.337) 0.217 0.359 0.274 0.444 

Locus 132 : Mnov_gtseq_298 
2 alleles
36.4% missing data
   1   (0.615) 0.828 0.469 0.635 0.584 
   0   (0.385) 0.172 0.531 0.365 0.416 

Locus 133 : Mnov_gtseq_299 
2 alleles
1.1% missing data
   1   (0.572) 0.472 0.580 0.641 0.555 
   0   (0.428) 0.528 0.420 0.359 0.445 

Locus 134 : Mnov_gtseq_30 
3 alleles
16.2% missing data
   1   (0.556) 0.369 0.481 0.656 0.646 
   2   (0.419) 0.629 0.513 0.333 0.342 
   0   (0.025) 0.002 0.006 0.012 0.012 

Locus 135 : Mnov_gtseq_300 
2 alleles
5.6% missing data
   0   (0.594) 0.613 0.606 0.625 0.561 
   1   (0.406) 0.387 0.394 0.375 0.439 

Locus 136 : Mnov_gtseq_301 
3 alleles
5.6% missing data
   0   (0.376) 0.301 0.449 0.265 0.564 
   2   (0.407) 0.529 0.405 0.435 0.287 
   1   (0.217) 0.171 0.145 0.300 0.149 

