

----------------------------------------------------
STRUCTURE by Pritchard, Stephens and Donnelly (2000)
     and Falush, Stephens and Pritchard (2003)
       Code by Pritchard, Falush and Hubisz
             Version 2.3.4 (Jul 2012)
----------------------------------------------------



Command line arguments:   structure -m wint.area.structureRun/wint.area.structureRun.k7.r2_mainparams -e wint.area.structureRun/wint.area.structureRun.k7.r2_extraparams -i wint.area.structureRun/wint.area.structureRun.k7.r2_data -o wint.area.structureRun/wint.area.structureRun.k7.r2_out 
Input File:    wint.area.structureRun/wint.area.structureRun.k7.r2_data

Run parameters:
   350 individuals
   298 loci
   7 populations assumed
   1000 Burn-in period
   10000 Reps


--------------------------------------------
Proportion of membership of each pre-defined
 population in each of the 7 clusters

Given    Inferred Clusters                                   Number of
 Pop       1      2      3      4      5      6      7      Individuals

  1:     0.130  0.134  0.130  0.218  0.179  0.074  0.136       77
  2:     0.141  0.109  0.142  0.089  0.102  0.281  0.136      124
  3:     0.156  0.134  0.154  0.133  0.162  0.107  0.154      113
  4:     0.163  0.125  0.159  0.104  0.127  0.168  0.154       27
  5:     0.089  0.520  0.090  0.082  0.080  0.057  0.083        9
--------------------------------------------

Allele-freq. divergence among pops (Net nucleotide distance),
computed using point estimates of P.

      1       2       3       4       5       6       7      
 1      -    0.0203  0.0000  0.0296  0.0120  0.0411  0.0083  
 2   0.0203     -    0.0204  0.0548  0.0382  0.0689  0.0321  
 3   0.0000  0.0204     -    0.0298  0.0121  0.0411  0.0084  
 4   0.0296  0.0548  0.0298     -    0.0416  0.0800  0.0410  
 5   0.0120  0.0382  0.0121  0.0416     -    0.0650  0.0231  
 6   0.0411  0.0689  0.0411  0.0800  0.0650     -    0.0551  
 7   0.0083  0.0321  0.0084  0.0410  0.0231  0.0551     -    

Average distances (expected heterozygosity) between individuals in same cluster:
cluster  1  : 0.4578 
cluster  2  : 0.4099 
cluster  3  : 0.4574 
cluster  4  : 0.4092 
cluster  5  : 0.4372 
cluster  6  : 0.3855 
cluster  7  : 0.4249 

--------------------------------------------
Estimated Ln Prob of Data   = -195850.3
Mean value of ln likelihood = -134370.8
Variance of ln likelihood   = 122958.9
Mean value of alpha         = 1.0000

Mean value of Fst_1         = 0.0051
Mean value of Fst_2         = 0.1639
Mean value of Fst_3         = 0.0070
Mean value of Fst_4         = 0.2051
Mean value of Fst_5         = 0.1277
Mean value of Fst_6         = 0.2414
Mean value of Fst_7         = 0.1301


Inferred ancestry of individuals:
        Label (%Miss) Pop:  Inferred clusters
  1   207778    (1)    2 :  0.123 0.077 0.107 0.094 0.094 0.314 0.190 
  2 z0005757    (7)    3 :  0.175 0.111 0.187 0.197 0.136 0.080 0.113 
  3 z0005758    (0)    3 :  0.135 0.119 0.131 0.174 0.090 0.072 0.278 
  4 z0011944    (0)    1 :  0.080 0.599 0.077 0.046 0.043 0.095 0.061 
  5 z0012702    (8)    4 :  0.098 0.163 0.104 0.037 0.074 0.455 0.069 
  6 z0016577    (1)    3 :  0.168 0.086 0.171 0.127 0.134 0.118 0.196 
  7 z0016578   (20)    1 :  0.124 0.086 0.113 0.069 0.445 0.042 0.121 
  8 z0016579    (1)    3 :  0.196 0.129 0.251 0.105 0.084 0.073 0.162 
  9 z0018264    (0)    1 :  0.114 0.481 0.130 0.078 0.062 0.065 0.071 
 10 z0029828    (2)    3 :  0.139 0.083 0.154 0.082 0.310 0.074 0.160 
 11 z0029829   (13)    1 :  0.111 0.064 0.115 0.125 0.400 0.053 0.132 
 12 z0029846    (0)    1 :  0.142 0.098 0.139 0.162 0.214 0.138 0.106 
 13 z0029860    (0)    3 :  0.125 0.073 0.142 0.092 0.323 0.093 0.152 
 14 z0029863    (1)    1 :  0.182 0.287 0.142 0.054 0.127 0.073 0.136 
 15 z0029864    (8)    1 :  0.121 0.268 0.106 0.073 0.208 0.075 0.150 
 16 z0029865   (12)    3 :  0.108 0.071 0.098 0.226 0.091 0.034 0.371 
 17 z0037607    (1)    3 :  0.201 0.201 0.188 0.038 0.120 0.105 0.148 
 18 z0037609   (23)    3 :  0.174 0.137 0.163 0.095 0.189 0.077 0.165 
 19 z0037624   (20)    1 :  0.156 0.068 0.183 0.260 0.079 0.095 0.159 
 20 z0038417    (7)    2 :  0.093 0.104 0.116 0.080 0.073 0.447 0.086 
 21 z0040275    (8)    2 :  0.108 0.133 0.120 0.056 0.115 0.365 0.104 
 22 z0040287    (3)    2 :  0.155 0.202 0.149 0.074 0.133 0.096 0.192 
 23 z0040308    (0)    2 :  0.095 0.046 0.108 0.084 0.054 0.285 0.327 
 24 z0040333    (1)    2 :  0.216 0.074 0.208 0.053 0.126 0.213 0.110 
 25 z0040334    (1)    2 :  0.110 0.085 0.106 0.049 0.050 0.506 0.094 
 26 z0040337    (4)    2 :  0.228 0.116 0.198 0.060 0.104 0.148 0.145 
 27 z0040345    (1)    2 :  0.100 0.116 0.092 0.069 0.049 0.375 0.199 
 28 z0040357    (5)    2 :  0.132 0.087 0.170 0.096 0.100 0.299 0.117 
 29 z0040363   (19)    2 :  0.224 0.085 0.176 0.094 0.072 0.262 0.088 
 30 z0040364    (0)    2 :  0.085 0.071 0.078 0.070 0.054 0.468 0.174 
 31 z0040387    (0)    2 :  0.140 0.120 0.146 0.106 0.076 0.315 0.099 
 32 z0040403   (15)    2 :  0.151 0.101 0.163 0.132 0.128 0.234 0.091 
 33 z0040439    (0)    2 :  0.089 0.158 0.094 0.047 0.069 0.474 0.069 
 34 z0040465   (20)    2 :  0.145 0.058 0.139 0.077 0.222 0.228 0.132 
 35 z0040513   (24)    3 :  0.188 0.114 0.178 0.086 0.175 0.098 0.160 
 36 z0040961   (11)    2 :  0.197 0.183 0.177 0.090 0.081 0.189 0.083 
 37 z0040985   (14)    2 :  0.213 0.085 0.229 0.092 0.094 0.122 0.164 
 38 z0041026    (0)    2 :  0.139 0.101 0.146 0.093 0.122 0.308 0.091 
 39 z0041051   (30)    2 :  0.113 0.189 0.130 0.084 0.066 0.329 0.089 
 40 z0041115    (7)    2 :  0.091 0.063 0.095 0.196 0.088 0.359 0.108 
 41 z0041153   (23)    2 :  0.168 0.130 0.167 0.085 0.106 0.198 0.145 
 42 z0041233    (3)    2 :  0.127 0.077 0.119 0.115 0.135 0.213 0.214 
 43 z0041243    (0)    2 :  0.118 0.118 0.135 0.074 0.075 0.261 0.218 
 44 z0041248    (5)    2 :  0.127 0.122 0.115 0.107 0.077 0.352 0.100 
 45 z0041250    (1)    2 :  0.128 0.090 0.123 0.049 0.082 0.401 0.127 
 46 z0041274    (1)    2 :  0.187 0.151 0.168 0.068 0.177 0.149 0.100 
 47 z0041465   (16)    2 :  0.084 0.043 0.081 0.202 0.137 0.365 0.088 
 48 z0041472    (2)    2 :  0.124 0.079 0.125 0.134 0.085 0.260 0.192 
 49 z0041480    (9)    2 :  0.137 0.064 0.150 0.126 0.108 0.229 0.186 
 50 z0041483    (0)    2 :  0.079 0.071 0.076 0.132 0.091 0.471 0.081 
 51 z0041494   (12)    2 :  0.197 0.093 0.227 0.038 0.105 0.241 0.098 
 52 z0041498    (1)    2 :  0.135 0.083 0.144 0.111 0.120 0.340 0.068 
 53 z0041501    (1)    2 :  0.165 0.099 0.173 0.032 0.078 0.351 0.102 
 54 z0041507    (6)    2 :  0.173 0.107 0.169 0.058 0.067 0.288 0.138 
 55 z0041512    (0)    2 :  0.096 0.125 0.105 0.045 0.114 0.402 0.114 
 56 z0041522   (15)    2 :  0.122 0.106 0.123 0.123 0.109 0.329 0.089 
 57 z0041526    (0)    3 :  0.083 0.049 0.100 0.103 0.095 0.461 0.108 
 58 z0041527   (14)    2 :  0.157 0.075 0.151 0.096 0.124 0.234 0.163 
 59 z0043243    (1)    2 :  0.150 0.190 0.173 0.207 0.101 0.087 0.093 
 60 z0043278    (0)    2 :  0.145 0.118 0.141 0.046 0.088 0.377 0.086 
 61 z0043475   (16)    3 :  0.234 0.083 0.214 0.103 0.092 0.177 0.097 
 62 z0043477    (0)    2 :  0.134 0.170 0.136 0.079 0.079 0.219 0.184 
 63 z0043478    (2)    2 :  0.071 0.103 0.093 0.112 0.051 0.464 0.106 
 64 z0043481    (0)    2 :  0.144 0.080 0.138 0.085 0.075 0.337 0.141 
 65 z0043489    (5)    2 :  0.124 0.158 0.105 0.051 0.057 0.390 0.115 
 66 z0043491   (12)    2 :  0.123 0.131 0.126 0.080 0.123 0.207 0.211 
 67 z0043493    (2)    2 :  0.109 0.121 0.115 0.063 0.077 0.093 0.422 
 68 z0043494    (1)    2 :  0.137 0.075 0.184 0.060 0.153 0.245 0.146 
 69 z0043498    (1)    2 :  0.127 0.058 0.134 0.066 0.120 0.417 0.077 
 70 z0043504    (7)    2 :  0.106 0.138 0.093 0.121 0.055 0.190 0.296 
 71 z0043526    (3)    4 :  0.183 0.178 0.166 0.067 0.082 0.143 0.180 
 72 z0043566    (2)    2 :  0.146 0.089 0.137 0.132 0.061 0.307 0.127 
 73 z0043572    (0)    2 :  0.129 0.101 0.140 0.077 0.089 0.361 0.103 
 74 z0043599    (2)    2 :  0.190 0.063 0.190 0.093 0.109 0.202 0.152 
 75 z0043642    (0)    2 :  0.152 0.094 0.148 0.051 0.179 0.272 0.103 
 76 z0043649    (1)    2 :  0.098 0.082 0.086 0.077 0.113 0.446 0.098 
 77 z0043652    (1)    2 :  0.206 0.123 0.178 0.082 0.176 0.092 0.143 
 78 z0043668    (0)    2 :  0.165 0.069 0.191 0.150 0.079 0.220 0.126 
 79 z0043674    (0)    4 :  0.133 0.117 0.118 0.163 0.319 0.045 0.105 
 80 z0043686    (1)    2 :  0.109 0.156 0.112 0.106 0.098 0.316 0.103 
 81 z0043693    (1)    2 :  0.229 0.068 0.204 0.067 0.137 0.211 0.084 
 82 z0043704   (14)    2 :  0.094 0.081 0.083 0.066 0.085 0.529 0.062 
 83 z0043807    (1)    2 :  0.157 0.113 0.216 0.067 0.104 0.241 0.102 
 84 z0043819    (0)    2 :  0.232 0.124 0.254 0.107 0.097 0.086 0.101 
 85 z0043876    (7)    2 :  0.153 0.051 0.128 0.194 0.074 0.129 0.271 
 86 z0043877   (32)    2 :  0.218 0.060 0.199 0.142 0.082 0.174 0.124 
 87 z0043891   (21)    4 :  0.166 0.153 0.150 0.124 0.121 0.165 0.122 
 88 z0043915   (31)    2 :  0.147 0.212 0.148 0.093 0.098 0.145 0.157 
 89 z0043940   (10)    2 :  0.200 0.132 0.225 0.096 0.159 0.040 0.148 
 90 z0043954    (1)    2 :  0.163 0.147 0.157 0.105 0.133 0.150 0.144 
 91 z0043966    (5)    2 :  0.131 0.080 0.138 0.056 0.106 0.352 0.137 
 92 z0043980    (1)    2 :  0.198 0.098 0.191 0.114 0.125 0.182 0.092 
 93 z0044017   (11)    2 :  0.114 0.130 0.094 0.067 0.140 0.341 0.114 
 94 z0044019   (14)    2 :  0.187 0.057 0.183 0.147 0.077 0.215 0.134 
 95 z0044023   (35)    2 :  0.076 0.061 0.075 0.145 0.073 0.509 0.061 
 96 z0044033    (0)    2 :  0.077 0.041 0.067 0.064 0.059 0.622 0.069 
 97 z0044042    (3)    2 :  0.068 0.087 0.075 0.124 0.054 0.471 0.121 
 98 z0044047   (24)    2 :  0.158 0.081 0.141 0.062 0.092 0.320 0.146 
 99 z0044064   (13)    2 :  0.155 0.113 0.162 0.051 0.100 0.262 0.157 
100 z0044432   (14)    2 :  0.144 0.176 0.154 0.114 0.117 0.122 0.172 
101 z0045326    (0)    3 :  0.116 0.069 0.139 0.101 0.319 0.099 0.156 
102 z0045331    (5)    1 :  0.130 0.078 0.161 0.070 0.320 0.111 0.130 
103 z0045332    (1)    1 :  0.209 0.124 0.194 0.055 0.261 0.062 0.095 
104 z0045333    (6)    1 :  0.143 0.098 0.120 0.376 0.100 0.053 0.110 
105 z0045337    (4)    1 :  0.084 0.113 0.077 0.500 0.087 0.063 0.077 
106 z0045342   (12)    1 :  0.278 0.055 0.235 0.085 0.167 0.063 0.117 
107 z0045347    (1)    3 :  0.186 0.168 0.184 0.139 0.092 0.073 0.158 
108 z0045350    (0)    1 :  0.201 0.124 0.240 0.118 0.143 0.063 0.112 
109 z0045370    (0)    1 :  0.080 0.096 0.080 0.110 0.490 0.028 0.116 
110 z0045371    (1)    3 :  0.156 0.142 0.136 0.139 0.195 0.117 0.115 
111 z0045398    (1)    3 :  0.125 0.172 0.121 0.099 0.128 0.024 0.331 
112 z0045399    (1)    3 :  0.158 0.240 0.176 0.113 0.136 0.047 0.128 
113 z0045401   (23)    1 :  0.157 0.089 0.158 0.120 0.268 0.078 0.130 
114 z0045404    (0)    3 :  0.106 0.072 0.100 0.058 0.462 0.050 0.152 
115 z0045405    (4)    3 :  0.198 0.112 0.172 0.058 0.193 0.061 0.206 
116 z0045407    (1)    3 :  0.182 0.213 0.176 0.077 0.135 0.088 0.129 
117 z0045719    (0)    2 :  0.178 0.117 0.174 0.034 0.105 0.257 0.136 
118 z0045720    (1)    2 :  0.182 0.130 0.207 0.087 0.122 0.092 0.180 
119 z0045728    (0)    2 :  0.122 0.080 0.139 0.139 0.069 0.325 0.126 
120 z0045731    (0)    2 :  0.222 0.104 0.177 0.041 0.105 0.145 0.207 
121 z0045733    (0)    2 :  0.203 0.082 0.191 0.107 0.136 0.111 0.169 
122 z0045736    (1)    2 :  0.176 0.090 0.186 0.094 0.135 0.164 0.155 
123 z0045739    (1)    2 :  0.170 0.111 0.234 0.064 0.155 0.109 0.158 
124 z0045740    (1)    2 :  0.102 0.096 0.094 0.080 0.082 0.429 0.117 
125 z0045741    (0)    2 :  0.233 0.103 0.178 0.030 0.107 0.211 0.138 
126 z0045742    (0)    2 :  0.098 0.069 0.084 0.100 0.225 0.358 0.066 
127 z0045776    (0)    3 :  0.155 0.112 0.180 0.151 0.105 0.178 0.118 
128 z0045779    (0)    2 :  0.054 0.052 0.051 0.170 0.055 0.564 0.054 
129 z0045781    (0)    2 :  0.118 0.113 0.136 0.048 0.082 0.332 0.171 
130 z0045788    (5)    2 :  0.072 0.120 0.059 0.070 0.046 0.577 0.056 
131 z0045789    (2)    2 :  0.114 0.133 0.095 0.061 0.088 0.413 0.096 
132 z0045791    (4)    2 :  0.121 0.146 0.134 0.071 0.101 0.346 0.081 
133 z0045792   (22)    1 :  0.161 0.107 0.177 0.166 0.079 0.121 0.189 
134 z0045793    (0)    3 :  0.121 0.047 0.103 0.135 0.363 0.159 0.072 
135 z0047562   (14)    2 :  0.158 0.090 0.168 0.069 0.115 0.267 0.134 
136 z0047854    (1)    2 :  0.129 0.080 0.153 0.093 0.112 0.286 0.148 
137 z0051185    (0)    1 :  0.166 0.095 0.145 0.091 0.212 0.035 0.256 
138 z0051324    (0)    1 :  0.131 0.115 0.124 0.228 0.169 0.058 0.175 
139 z0051327    (3)    3 :  0.211 0.060 0.181 0.074 0.127 0.130 0.217 
140 z0051328    (1)    1 :  0.114 0.107 0.138 0.297 0.081 0.096 0.166 
141 z0051380    (0)    1 :  0.065 0.068 0.057 0.621 0.069 0.023 0.098 
142 z0051400    (0)    3 :  0.131 0.097 0.117 0.212 0.203 0.148 0.091 
143 z0051431   (21)    3 :  0.172 0.077 0.167 0.050 0.180 0.175 0.179 
144 z0051840   (33)    2 :  0.131 0.122 0.154 0.064 0.177 0.273 0.079 
145 z0051844   (27)    2 :  0.128 0.137 0.148 0.062 0.125 0.238 0.162 
146 z0051875   (28)    3 :  0.182 0.084 0.192 0.095 0.252 0.062 0.133 
147 z0051885    (7)    3 :  0.119 0.124 0.088 0.062 0.190 0.349 0.068 
148 z0051888    (0)    2 :  0.124 0.076 0.138 0.092 0.122 0.334 0.114 
149 z0051891    (0)    1 :  0.182 0.135 0.204 0.082 0.134 0.079 0.184 
150 z0051893    (2)    1 :  0.159 0.130 0.139 0.227 0.127 0.064 0.155 
151 z0051895    (0)    3 :  0.164 0.102 0.159 0.151 0.184 0.056 0.183 
152 z0051918    (0)    3 :  0.140 0.280 0.130 0.060 0.065 0.211 0.114 
153 z0051929    (1)    1 :  0.116 0.077 0.133 0.252 0.124 0.058 0.240 
154 z0051939   (11)    3 :  0.168 0.098 0.196 0.051 0.196 0.169 0.122 
155 z0051947    (3)    1 :  0.132 0.070 0.132 0.444 0.077 0.073 0.072 
156 z0051959    (1)    3 :  0.122 0.245 0.125 0.107 0.083 0.136 0.181 
157 z0052846    (0)    4 :  0.154 0.126 0.144 0.106 0.207 0.126 0.137 
158 z0052882    (1)    2 :  0.193 0.091 0.193 0.088 0.134 0.185 0.116 
159 z0053020   (20)    2 :  0.124 0.171 0.106 0.077 0.103 0.234 0.185 
160 z0053024   (12)    2 :  0.179 0.097 0.140 0.089 0.094 0.139 0.262 
161 z0053025    (3)    2 :  0.082 0.077 0.078 0.038 0.097 0.508 0.120 
162 z0053031    (0)    2 :  0.183 0.159 0.157 0.112 0.158 0.113 0.118 
163 z0053032    (0)    2 :  0.154 0.133 0.169 0.132 0.057 0.214 0.141 
164 z0053040    (5)    2 :  0.172 0.101 0.188 0.087 0.116 0.168 0.167 
165 z0053051    (0)    3 :  0.207 0.150 0.227 0.056 0.200 0.037 0.122 
166 z0053054    (5)    3 :  0.198 0.090 0.189 0.084 0.204 0.042 0.193 
167 z0053071    (2)    2 :  0.117 0.075 0.094 0.057 0.113 0.452 0.092 
168 z0053073    (1)    2 :  0.171 0.145 0.205 0.145 0.073 0.082 0.178 
169 z0053078    (0)    3 :  0.107 0.304 0.102 0.043 0.077 0.287 0.081 
170 z0053082    (1)    3 :  0.166 0.057 0.159 0.084 0.166 0.265 0.103 
171 z0053083   (12)    2 :  0.151 0.112 0.137 0.114 0.088 0.224 0.175 
172 z0053090   (10)    3 :  0.140 0.123 0.140 0.058 0.064 0.275 0.199 
173 z0053096    (0)    2 :  0.081 0.185 0.096 0.032 0.071 0.485 0.050 
174 z0053100    (6)    2 :  0.188 0.069 0.185 0.061 0.058 0.274 0.164 
175 z0053101    (0)    2 :  0.119 0.187 0.119 0.093 0.074 0.311 0.098 
176 z0053102    (8)    2 :  0.147 0.082 0.192 0.044 0.096 0.309 0.130 
177 z0053103    (0)    2 :  0.081 0.061 0.078 0.064 0.096 0.509 0.110 
178 z0053111    (2)    3 :  0.223 0.123 0.216 0.085 0.119 0.077 0.157 
179 z0053131    (0)    2 :  0.115 0.093 0.094 0.107 0.136 0.280 0.174 
180 z0053132    (0)    2 :  0.164 0.278 0.146 0.041 0.087 0.209 0.075 
181 z0053133    (0)    2 :  0.226 0.126 0.228 0.055 0.177 0.075 0.112 
182 z0053138    (0)    2 :  0.145 0.079 0.136 0.133 0.125 0.186 0.195 
183 z0053142    (2)    2 :  0.107 0.159 0.115 0.172 0.109 0.229 0.108 
184 z0053149    (0)    2 :  0.112 0.146 0.113 0.157 0.077 0.324 0.071 
185 z0053754    (1)    1 :  0.097 0.274 0.092 0.217 0.104 0.122 0.095 
186 z0053756    (1)    1 :  0.126 0.302 0.119 0.189 0.099 0.067 0.097 
187 z0053758   (17)    1 :  0.087 0.068 0.078 0.166 0.446 0.086 0.070 
188 z0053759    (0)    1 :  0.150 0.117 0.162 0.303 0.093 0.048 0.127 
189 z0053842    (1)    1 :  0.099 0.071 0.106 0.073 0.100 0.057 0.494 
190 z0053843    (6)    1 :  0.109 0.108 0.110 0.094 0.437 0.042 0.099 
191 z0053844    (7)    1 :  0.159 0.092 0.176 0.167 0.176 0.076 0.154 
192 z0053846    (2)    1 :  0.105 0.092 0.084 0.126 0.492 0.049 0.052 
193 z0053847    (0)    1 :  0.125 0.088 0.180 0.404 0.039 0.122 0.043 
194 z0053849    (1)    1 :  0.122 0.188 0.121 0.083 0.185 0.061 0.241 
195 z0055903    (1)    4 :  0.170 0.130 0.203 0.144 0.108 0.076 0.169 
196 z0055910   (34)    4 :  0.158 0.165 0.130 0.120 0.091 0.135 0.202 
197 z0055912    (7)    4 :  0.195 0.189 0.219 0.055 0.085 0.111 0.146 
198 z0055916   (15)    4 :  0.137 0.138 0.142 0.099 0.092 0.142 0.250 
199 z0055931    (2)    4 :  0.150 0.091 0.146 0.075 0.090 0.349 0.098 
200 z0055944    (3)    4 :  0.164 0.085 0.151 0.158 0.129 0.109 0.203 
201 z0055947    (9)    4 :  0.132 0.118 0.134 0.054 0.275 0.116 0.171 
202 z0055962    (6)    4 :  0.181 0.072 0.145 0.064 0.089 0.276 0.173 
203 z0055963   (21)    4 :  0.155 0.110 0.154 0.067 0.101 0.246 0.166 
204 z0055965   (25)    4 :  0.194 0.248 0.191 0.119 0.104 0.045 0.098 
205 z0055970   (15)    4 :  0.174 0.084 0.151 0.157 0.081 0.173 0.180 
206 z0055971    (7)    4 :  0.138 0.142 0.160 0.126 0.112 0.164 0.157 
207 z0055977    (6)    4 :  0.122 0.125 0.134 0.052 0.130 0.221 0.217 
208 z0055986   (19)    4 :  0.188 0.081 0.176 0.186 0.162 0.075 0.132 
209 z0055990    (6)    4 :  0.139 0.106 0.117 0.077 0.137 0.348 0.076 
210 z0055996    (2)    4 :  0.150 0.064 0.161 0.087 0.160 0.188 0.190 
211 z0055997    (3)    4 :  0.203 0.086 0.166 0.157 0.094 0.179 0.115 
212 z0055998    (4)    4 :  0.209 0.183 0.206 0.105 0.098 0.089 0.109 
213 z0055999    (2)    4 :  0.145 0.134 0.170 0.164 0.205 0.088 0.094 
214 z0056011    (7)    4 :  0.175 0.123 0.174 0.060 0.100 0.078 0.291 
215 z0056029    (4)    4 :  0.181 0.072 0.204 0.109 0.095 0.154 0.184 
216 z0056034    (0)    4 :  0.198 0.084 0.175 0.078 0.081 0.247 0.137 
217 z0056056   (25)    3 :  0.168 0.092 0.189 0.174 0.137 0.091 0.149 
218 z0056058    (5)    3 :  0.067 0.036 0.059 0.674 0.068 0.032 0.065 
219 z0056059    (8)    3 :  0.256 0.087 0.239 0.083 0.098 0.074 0.162 
220 z0056062    (1)    3 :  0.144 0.197 0.144 0.206 0.087 0.101 0.122 
221 z0056063    (4)    3 :  0.217 0.115 0.233 0.080 0.118 0.045 0.190 
222 z0056064    (0)    3 :  0.177 0.247 0.194 0.104 0.113 0.067 0.099 
223 z0056065    (0)    3 :  0.157 0.167 0.120 0.212 0.187 0.056 0.102 
224 z0056073    (0)    3 :  0.155 0.078 0.161 0.115 0.176 0.049 0.266 
225 z0056076    (4)    3 :  0.174 0.192 0.191 0.213 0.067 0.117 0.047 
226 z0056079    (9)    3 :  0.153 0.134 0.132 0.136 0.082 0.041 0.322 
227 z0056085    (0)    3 :  0.177 0.149 0.158 0.064 0.271 0.075 0.105 
228 z0056092    (1)    3 :  0.155 0.190 0.149 0.114 0.226 0.053 0.113 
229 z0056095    (1)    3 :  0.150 0.212 0.184 0.142 0.183 0.050 0.078 
230 z0056103    (7)    3 :  0.104 0.132 0.120 0.340 0.097 0.035 0.171 
231 z0056374    (7)    1 :  0.104 0.053 0.095 0.513 0.094 0.032 0.111 
232 z0056375    (0)    1 :  0.137 0.105 0.096 0.169 0.326 0.056 0.111 
233 z0056377    (0)    1 :  0.178 0.094 0.179 0.153 0.088 0.079 0.228 
234 z0056378    (0)    1 :  0.121 0.076 0.130 0.420 0.090 0.078 0.086 
235 z0056382    (0)    1 :  0.085 0.133 0.099 0.053 0.506 0.046 0.078 
236 z0056384    (3)    1 :  0.171 0.223 0.158 0.222 0.080 0.068 0.077 
237 z0056386    (7)    1 :  0.128 0.119 0.115 0.181 0.333 0.047 0.078 
238 z0056389    (0)    1 :  0.080 0.051 0.088 0.082 0.591 0.042 0.068 
239 z0056391    (1)    1 :  0.076 0.043 0.071 0.340 0.383 0.027 0.060 
240 z0056392   (11)    1 :  0.096 0.068 0.105 0.411 0.175 0.056 0.090 
241 z0056393    (8)    1 :  0.108 0.073 0.113 0.172 0.214 0.068 0.252 
242 z0056394    (0)    1 :  0.103 0.057 0.107 0.167 0.185 0.049 0.332 
243 z0056395    (1)    1 :  0.133 0.160 0.133 0.286 0.071 0.105 0.112 
244 z0056397    (0)    1 :  0.126 0.196 0.120 0.141 0.075 0.186 0.156 
245 z0061527    (2)    3 :  0.128 0.083 0.112 0.081 0.080 0.379 0.136 
246 z0061967    (1)    3 :  0.194 0.120 0.204 0.090 0.118 0.082 0.193 
247 z0061969    (0)    3 :  0.120 0.054 0.147 0.085 0.175 0.246 0.173 
248 z0061980    (1)    1 :  0.145 0.180 0.126 0.199 0.161 0.103 0.086 
249 z0066166    (3)    3 :  0.114 0.076 0.105 0.194 0.202 0.191 0.118 
250 z0066792    (2)    1 :  0.102 0.484 0.079 0.062 0.102 0.101 0.070 
251 z0066805    (1)    1 :  0.133 0.472 0.128 0.075 0.079 0.067 0.046 
252 z0068471    (2)    3 :  0.124 0.150 0.131 0.362 0.065 0.095 0.071 
253 z0075696    (6)    5 :  0.083 0.564 0.098 0.035 0.094 0.044 0.081 
254 z0101084    (7)    1 :  0.098 0.085 0.110 0.419 0.127 0.065 0.097 
255 z0107099    (2)    3 :  0.115 0.086 0.115 0.258 0.242 0.030 0.154 
256 z0107101    (0)    1 :  0.058 0.042 0.053 0.551 0.198 0.052 0.045 
257 z0108489    (0)    1 :  0.114 0.195 0.124 0.181 0.087 0.110 0.188 
258 z0108513    (0)    1 :  0.106 0.072 0.096 0.280 0.269 0.103 0.074 
259 z0108528    (0)    3 :  0.153 0.066 0.159 0.162 0.163 0.154 0.143 
260 z0113628    (1)    3 :  0.192 0.172 0.203 0.062 0.102 0.098 0.172 
261 z0133302   (16)    1 :  0.227 0.091 0.257 0.173 0.106 0.071 0.074 
262 z0173485    (1)    1 :  0.236 0.066 0.260 0.056 0.086 0.136 0.160 
263 z0175371    (1)    3 :  0.146 0.248 0.153 0.084 0.107 0.157 0.106 
264 z0175378    (0)    2 :  0.150 0.044 0.146 0.050 0.117 0.353 0.139 
265 z0175912    (0)    1 :  0.086 0.081 0.093 0.421 0.070 0.072 0.178 
266 z0175916    (1)    1 :  0.153 0.142 0.148 0.148 0.089 0.199 0.121 
267 z0175937    (1)    1 :  0.113 0.141 0.126 0.134 0.316 0.055 0.116 
268 z0178348   (12)    1 :  0.106 0.091 0.097 0.388 0.074 0.075 0.169 
269 z0187819    (7)    3 :  0.121 0.086 0.128 0.303 0.155 0.084 0.124 
270 z0187857    (1)    1 :  0.090 0.055 0.083 0.384 0.155 0.097 0.136 
271 z0187860    (0)    1 :  0.213 0.070 0.230 0.155 0.109 0.085 0.137 
272 z0187885    (0)    2 :  0.122 0.230 0.156 0.053 0.092 0.248 0.100 
273 z0187906    (9)    1 :  0.203 0.183 0.166 0.080 0.096 0.086 0.186 
274 z0195655    (0)    2 :  0.074 0.068 0.069 0.068 0.066 0.509 0.144 
275 z0195663    (0)    3 :  0.125 0.159 0.122 0.045 0.106 0.284 0.160 
276 z0195683    (1)    3 :  0.223 0.069 0.163 0.108 0.222 0.057 0.157 
277 z0195688    (0)    2 :  0.172 0.158 0.148 0.086 0.146 0.166 0.125 
278 z0195691    (0)    3 :  0.223 0.120 0.233 0.058 0.129 0.081 0.155 
279 z0195699    (0)    3 :  0.136 0.079 0.151 0.079 0.217 0.082 0.255 
280 z0195701    (7)    3 :  0.159 0.154 0.148 0.166 0.203 0.063 0.107 
281 z0195702    (0)    3 :  0.194 0.164 0.176 0.092 0.097 0.138 0.139 
282 z0195704    (0)    3 :  0.101 0.105 0.089 0.393 0.060 0.178 0.073 
283 z0195705    (0)    3 :  0.124 0.094 0.116 0.052 0.075 0.339 0.200 
284 z0195711    (0)    3 :  0.154 0.206 0.171 0.083 0.109 0.065 0.212 
285 z0195716    (0)    3 :  0.199 0.216 0.191 0.126 0.109 0.068 0.092 
286 z0195718   (12)    3 :  0.199 0.136 0.160 0.209 0.172 0.037 0.087 
287 z0195725    (5)    3 :  0.098 0.071 0.115 0.259 0.067 0.211 0.180 
288 z0195726   (16)    1 :  0.126 0.105 0.145 0.061 0.072 0.034 0.456 
289 z0195728   (14)    3 :  0.095 0.072 0.088 0.090 0.542 0.030 0.084 
290 z0195732   (16)    3 :  0.127 0.110 0.133 0.103 0.210 0.031 0.286 
291 z0195737    (0)    3 :  0.174 0.109 0.156 0.095 0.123 0.223 0.120 
292 z0195740   (26)    3 :  0.124 0.178 0.130 0.083 0.107 0.087 0.292 
293 z0195751    (1)    3 :  0.142 0.095 0.136 0.096 0.365 0.041 0.126 
294 z0195762    (1)    3 :  0.096 0.368 0.105 0.078 0.130 0.048 0.175 
295 z0195784    (0)    3 :  0.208 0.117 0.200 0.127 0.155 0.036 0.157 
296 z0196686    (0)    5 :  0.053 0.654 0.070 0.088 0.046 0.038 0.051 
297 z0196687    (0)    5 :  0.078 0.544 0.074 0.060 0.065 0.102 0.077 
298 z0196689    (0)    5 :  0.099 0.529 0.093 0.037 0.062 0.074 0.107 
299 z0196690    (2)    5 :  0.087 0.480 0.076 0.156 0.102 0.042 0.058 
300 z0196691    (7)    5 :  0.109 0.522 0.109 0.073 0.064 0.026 0.097 
301 z0196692    (1)    5 :  0.097 0.435 0.098 0.105 0.095 0.073 0.097 
302 z0196693    (1)    5 :  0.070 0.499 0.083 0.090 0.125 0.061 0.073 
303 z0196694    (1)    5 :  0.122 0.457 0.110 0.096 0.063 0.049 0.103 
304 z0196710    (0)    3 :  0.150 0.239 0.167 0.144 0.082 0.101 0.117 
305 z0196715   (22)    3 :  0.151 0.071 0.156 0.187 0.194 0.045 0.197 
306 z0196719    (0)    3 :  0.156 0.091 0.139 0.097 0.254 0.094 0.168 
307 z0196724   (20)    3 :  0.157 0.073 0.158 0.081 0.213 0.079 0.238 
308 z0196725    (0)    3 :  0.120 0.104 0.156 0.399 0.088 0.068 0.065 
309 z0196729    (1)    3 :  0.169 0.119 0.197 0.177 0.164 0.067 0.106 
310 z0196730    (3)    1 :  0.064 0.055 0.059 0.641 0.044 0.095 0.043 
311 z0196731    (0)    3 :  0.147 0.095 0.142 0.152 0.175 0.044 0.245 
312 z0196733   (13)    1 :  0.158 0.108 0.177 0.107 0.142 0.052 0.255 
313 z0196734    (1)    3 :  0.219 0.086 0.183 0.049 0.151 0.077 0.234 
314 z0196739   (17)    3 :  0.188 0.066 0.170 0.146 0.117 0.158 0.155 
315 z0196740   (11)    3 :  0.101 0.295 0.104 0.106 0.206 0.059 0.129 
316 z0196746    (1)    1 :  0.155 0.112 0.134 0.362 0.123 0.041 0.073 
317 z0196751    (0)    3 :  0.212 0.128 0.217 0.156 0.127 0.066 0.094 
318 z0196752    (0)    3 :  0.129 0.420 0.122 0.141 0.077 0.040 0.070 
319 z0196754    (0)    3 :  0.146 0.072 0.134 0.079 0.371 0.090 0.108 
320 z0196758    (1)    1 :  0.119 0.178 0.101 0.242 0.148 0.111 0.101 
321 z0196763    (1)    3 :  0.183 0.116 0.188 0.060 0.174 0.070 0.209 
322 z0196764    (0)    3 :  0.182 0.117 0.163 0.081 0.230 0.048 0.180 
323 z0196766    (0)    3 :  0.200 0.122 0.159 0.238 0.145 0.050 0.086 
324 z0196769    (1)    3 :  0.151 0.149 0.134 0.151 0.223 0.038 0.154 
325 z0196774    (0)    3 :  0.113 0.260 0.124 0.240 0.144 0.043 0.076 
326 z0196783    (0)    1 :  0.067 0.071 0.084 0.400 0.275 0.036 0.067 
327 z0196794    (2)    1 :  0.089 0.134 0.118 0.262 0.292 0.038 0.068 
328 z0196804   (14)    1 :  0.146 0.103 0.147 0.150 0.209 0.048 0.198 
329 z0196809    (0)    3 :  0.147 0.143 0.136 0.091 0.237 0.044 0.202 
330 z0196810    (1)    1 :  0.167 0.185 0.189 0.216 0.080 0.064 0.100 
331 z0196811    (0)    1 :  0.131 0.143 0.109 0.111 0.213 0.031 0.261 
332 z0196824    (0)    3 :  0.191 0.144 0.172 0.116 0.093 0.176 0.108 
333 z0196825    (0)    3 :  0.200 0.067 0.164 0.160 0.123 0.086 0.202 
334 z0196828    (1)    2 :  0.143 0.091 0.180 0.102 0.115 0.102 0.266 
335 z0196829    (0)    3 :  0.136 0.074 0.148 0.160 0.096 0.076 0.310 
336 z0196834   (26)    3 :  0.178 0.088 0.148 0.141 0.194 0.144 0.108 
337 z0196835    (0)    3 :  0.145 0.056 0.130 0.280 0.194 0.054 0.141 
338 z0196841   (20)    3 :  0.190 0.199 0.175 0.131 0.144 0.063 0.097 
339 z0196843   (25)    3 :  0.108 0.080 0.119 0.355 0.077 0.078 0.183 
340 z0196849    (0)    3 :  0.157 0.086 0.137 0.068 0.353 0.054 0.145 
341 z0196852    (0)    2 :  0.163 0.121 0.160 0.055 0.107 0.125 0.270 
342 z0196855    (0)    2 :  0.135 0.156 0.126 0.121 0.095 0.194 0.173 
343 z0196856    (0)    3 :  0.170 0.158 0.171 0.061 0.072 0.182 0.187 
344 z0196864    (1)    3 :  0.144 0.110 0.144 0.050 0.070 0.196 0.286 
345 z0196894    (0)    3 :  0.136 0.241 0.160 0.121 0.177 0.053 0.111 
346 z0197662    (2)    1 :  0.147 0.088 0.144 0.120 0.066 0.169 0.268 
347 z0197665    (2)    1 :  0.075 0.107 0.065 0.553 0.106 0.041 0.054 
348 z0197668   (20)    3 :  0.109 0.361 0.099 0.053 0.148 0.074 0.157 
349 z0197669    (0)    3 :  0.163 0.122 0.117 0.049 0.164 0.279 0.106 
350 z0197672    (1)    3 :  0.156 0.123 0.228 0.060 0.213 0.065 0.154 


Estimated Allele Frequencies in each cluster
First column gives estimated ancestral frequencies


Locus 1 : Mnov_gtseq_1 
2 alleles
0.0% missing data
   0   (0.433) 0.434 0.492 0.431 0.328 0.387 0.181 0.582 
   1   (0.567) 0.566 0.508 0.569 0.672 0.613 0.819 0.418 

Locus 2 : Mnov_gtseq_10 
2 alleles
0.3% missing data
   0   (0.831) 0.832 0.935 0.834 0.674 0.669 0.976 0.831 
   1   (0.169) 0.168 0.065 0.166 0.326 0.331 0.024 0.169 

Locus 3 : Mnov_gtseq_102 
2 alleles
0.9% missing data
   0   (0.522) 0.520 0.560 0.515 0.380 0.584 0.862 0.559 
   1   (0.478) 0.480 0.440 0.485 0.620 0.416 0.138 0.441 

Locus 4 : Mnov_gtseq_104 
2 alleles
0.3% missing data
   0   (0.878) 0.881 0.963 0.882 0.648 0.762 0.969 0.928 
   1   (0.122) 0.119 0.037 0.118 0.352 0.238 0.031 0.072 

Locus 5 : Mnov_gtseq_106 
2 alleles
14.9% missing data
   1   (0.765) 0.767 0.673 0.767 0.740 0.843 0.810 0.825 
   0   (0.235) 0.233 0.327 0.233 0.260 0.157 0.190 0.175 

Locus 6 : Mnov_gtseq_107 
2 alleles
37.4% missing data
   1   (0.236) 0.238 0.089 0.240 0.191 0.115 0.564 0.207 
   0   (0.764) 0.762 0.911 0.760 0.809 0.885 0.436 0.793 

Locus 7 : Mnov_gtseq_112 
2 alleles
0.9% missing data
   0   (0.613) 0.612 0.336 0.613 0.562 0.739 0.743 0.711 
   1   (0.387) 0.388 0.664 0.387 0.438 0.261 0.257 0.289 

Locus 8 : Mnov_gtseq_113 
2 alleles
2.0% missing data
   1   (0.730) 0.731 0.653 0.730 0.782 0.819 0.559 0.792 
   0   (0.270) 0.269 0.347 0.270 0.218 0.181 0.441 0.208 

Locus 9 : Mnov_gtseq_114 
3 alleles
4.3% missing data
   0   (0.547) 0.552 0.371 0.554 0.577 0.616 0.167 0.650 
   1   (0.424) 0.420 0.621 0.419 0.418 0.374 0.803 0.335 
   2   (0.029) 0.028 0.008 0.027 0.005 0.010 0.029 0.015 

Locus 10 : Mnov_gtseq_117 
2 alleles
26.9% missing data
   0   (0.640) 0.640 0.666 0.642 0.503 0.513 0.913 0.668 
   1   (0.360) 0.360 0.334 0.358 0.497 0.487 0.087 0.332 

Locus 11 : Mnov_gtseq_12 
2 alleles
0.3% missing data
   0   (0.428) 0.421 0.744 0.423 0.221 0.734 0.234 0.319 
   1   (0.572) 0.579 0.256 0.577 0.779 0.266 0.766 0.681 

Locus 12 : Mnov_gtseq_124 
4 alleles
5.1% missing data
   3   (0.716) 0.715 0.842 0.716 0.582 0.792 0.926 0.753 
   2   (0.233) 0.236 0.140 0.237 0.411 0.174 0.061 0.227 
   1   (0.029) 0.028 0.009 0.027 0.003 0.025 0.012 0.012 
   0   (0.021) 0.021 0.009 0.020 0.004 0.008 0.001 0.009 

Locus 13 : Mnov_gtseq_125 
3 alleles
1.7% missing data
   1   (0.222) 0.219 0.229 0.218 0.066 0.282 0.453 0.125 
   2   (0.681) 0.685 0.729 0.686 0.917 0.690 0.099 0.763 
   0   (0.097) 0.096 0.042 0.096 0.016 0.028 0.448 0.113 

Locus 14 : Mnov_gtseq_126 
2 alleles
0.0% missing data
   0   (0.346) 0.346 0.631 0.347 0.200 0.162 0.246 0.464 
   1   (0.654) 0.654 0.369 0.653 0.800 0.838 0.754 0.536 

Locus 15 : Mnov_gtseq_127 
2 alleles
6.9% missing data
   0   (0.667) 0.672 0.651 0.673 0.636 0.765 0.330 0.534 
   1   (0.333) 0.328 0.349 0.327 0.364 0.235 0.670 0.466 

Locus 16 : Mnov_gtseq_128 
2 alleles
30.9% missing data
   0   (0.650) 0.648 0.650 0.644 0.845 0.761 0.648 0.734 
   1   (0.350) 0.352 0.350 0.356 0.155 0.239 0.352 0.266 

Locus 17 : Mnov_gtseq_129 
3 alleles
2.0% missing data
   0   (0.554) 0.559 0.253 0.564 0.485 0.440 0.582 0.696 
   1   (0.309) 0.308 0.185 0.307 0.369 0.432 0.347 0.208 
   2   (0.137) 0.133 0.562 0.130 0.146 0.128 0.071 0.096 

Locus 18 : Mnov_gtseq_13 
3 alleles
0.0% missing data
   1   (0.429) 0.429 0.175 0.427 0.471 0.540 0.312 0.587 
   2   (0.177) 0.177 0.381 0.180 0.086 0.069 0.097 0.152 
   0   (0.394) 0.394 0.444 0.393 0.444 0.391 0.591 0.260 

Locus 19 : Mnov_gtseq_130 
2 alleles
28.6% missing data
   1   (0.486) 0.482 0.632 0.485 0.454 0.451 0.493 0.552 
   0   (0.514) 0.518 0.368 0.515 0.546 0.549 0.507 0.448 

Locus 20 : Mnov_gtseq_135 
2 alleles
0.6% missing data
   0   (0.506) 0.509 0.365 0.513 0.320 0.474 0.539 0.477 
   1   (0.494) 0.491 0.635 0.487 0.680 0.526 0.461 0.523 

Locus 21 : Mnov_gtseq_138 
3 alleles
0.6% missing data
   0   (0.274) 0.274 0.140 0.276 0.412 0.242 0.267 0.176 
   1   (0.496) 0.494 0.657 0.493 0.428 0.558 0.686 0.487 
   2   (0.230) 0.232 0.203 0.231 0.160 0.200 0.047 0.338 

Locus 22 : Mnov_gtseq_140 
2 alleles
1.1% missing data
   0   (0.504) 0.510 0.245 0.512 0.156 0.597 0.616 0.523 
   1   (0.496) 0.490 0.755 0.488 0.844 0.403 0.384 0.477 

Locus 23 : Mnov_gtseq_141 
2 alleles
0.3% missing data
   0   (0.541) 0.541 0.457 0.541 0.848 0.476 0.528 0.526 
   1   (0.459) 0.459 0.543 0.459 0.152 0.524 0.472 0.474 

Locus 24 : Mnov_gtseq_143 
2 alleles
2.6% missing data
   1   (0.547) 0.548 0.310 0.549 0.770 0.630 0.510 0.522 
   0   (0.453) 0.452 0.690 0.451 0.230 0.370 0.490 0.478 

Locus 25 : Mnov_gtseq_145 
2 alleles
2.0% missing data
   0   (0.454) 0.454 0.312 0.454 0.685 0.472 0.542 0.328 
   1   (0.546) 0.546 0.688 0.546 0.315 0.528 0.458 0.672 

Locus 26 : Mnov_gtseq_147 
3 alleles
25.4% missing data
   0   (0.777) 0.781 0.798 0.779 0.874 0.831 0.360 0.881 
   2   (0.146) 0.144 0.134 0.148 0.112 0.143 0.046 0.077 
   1   (0.077) 0.075 0.067 0.073 0.014 0.027 0.594 0.042 

Locus 27 : Mnov_gtseq_148 
3 alleles
9.1% missing data
   0   (0.306) 0.308 0.519 0.308 0.135 0.253 0.068 0.369 
   1   (0.444) 0.445 0.351 0.446 0.566 0.301 0.660 0.446 
   2   (0.250) 0.247 0.130 0.246 0.299 0.446 0.272 0.185 

Locus 28 : Mnov_gtseq_149 
2 alleles
0.3% missing data
   0   (0.618) 0.620 0.544 0.622 0.681 0.534 0.510 0.702 
   1   (0.382) 0.380 0.456 0.378 0.319 0.466 0.490 0.298 

Locus 29 : Mnov_gtseq_15 
2 alleles
0.0% missing data
   0   (0.501) 0.503 0.511 0.503 0.302 0.743 0.377 0.329 
   1   (0.499) 0.497 0.489 0.497 0.698 0.257 0.623 0.671 

Locus 30 : Mnov_gtseq_152 
2 alleles
0.9% missing data
   0   (0.379) 0.384 0.248 0.386 0.265 0.331 0.432 0.238 
   1   (0.621) 0.616 0.752 0.614 0.735 0.669 0.568 0.762 

Locus 31 : Mnov_gtseq_154 
3 alleles
3.4% missing data
   0   (0.334) 0.333 0.341 0.334 0.555 0.388 0.088 0.361 
   2   (0.223) 0.223 0.261 0.222 0.122 0.152 0.293 0.195 
   1   (0.443) 0.444 0.399 0.444 0.323 0.460 0.619 0.444 

Locus 32 : Mnov_gtseq_157 
2 alleles
0.6% missing data
   1   (0.561) 0.562 0.485 0.563 0.482 0.571 0.699 0.567 
   0   (0.439) 0.438 0.515 0.437 0.518 0.429 0.301 0.433 

Locus 33 : Mnov_gtseq_158 
2 alleles
0.6% missing data
   0   (0.402) 0.403 0.371 0.402 0.771 0.580 0.042 0.286 
   1   (0.598) 0.597 0.629 0.598 0.229 0.420 0.958 0.714 

Locus 34 : Mnov_gtseq_159 
3 alleles
24.0% missing data
   0   (0.603) 0.606 0.561 0.605 0.656 0.710 0.271 0.729 
   1   (0.182) 0.180 0.171 0.181 0.268 0.092 0.542 0.097 
   2   (0.215) 0.213 0.268 0.215 0.076 0.198 0.187 0.174 

Locus 35 : Mnov_gtseq_16 
2 alleles
0.0% missing data
   0   (0.644) 0.645 0.730 0.643 0.502 0.791 0.544 0.616 
   1   (0.356) 0.355 0.270 0.357 0.498 0.209 0.456 0.384 

Locus 36 : Mnov_gtseq_160 
2 alleles
2.3% missing data
   0   (0.481) 0.480 0.433 0.479 0.566 0.504 0.337 0.592 
   1   (0.519) 0.520 0.567 0.521 0.434 0.496 0.663 0.408 

Locus 37 : Mnov_gtseq_161 
2 alleles
1.7% missing data
   1   (0.746) 0.747 0.733 0.746 0.757 0.826 0.875 0.755 
   0   (0.254) 0.253 0.267 0.254 0.243 0.174 0.125 0.245 

Locus 38 : Mnov_gtseq_167 
3 alleles
1.1% missing data
   2   (0.736) 0.737 0.888 0.737 0.457 0.861 0.853 0.756 
   0   (0.190) 0.189 0.091 0.189 0.531 0.099 0.105 0.132 
   1   (0.074) 0.074 0.021 0.074 0.012 0.041 0.042 0.112 

Locus 39 : Mnov_gtseq_17 
2 alleles
0.3% missing data
   0   (0.570) 0.573 0.608 0.577 0.538 0.547 0.389 0.416 
   1   (0.430) 0.427 0.392 0.423 0.462 0.453 0.611 0.584 

Locus 40 : Mnov_gtseq_170 
2 alleles
0.0% missing data
   0   (0.355) 0.359 0.289 0.359 0.181 0.290 0.143 0.391 
   1   (0.645) 0.641 0.711 0.641 0.819 0.710 0.857 0.609 

Locus 41 : Mnov_gtseq_171 
3 alleles
41.4% missing data
   2   (0.598) 0.598 0.711 0.599 0.616 0.539 0.640 0.616 
   0   (0.311) 0.312 0.220 0.312 0.293 0.426 0.222 0.335 
   1   (0.091) 0.090 0.068 0.090 0.091 0.035 0.138 0.049 

Locus 42 : Mnov_gtseq_173 
4 alleles
21.4% missing data
   3   (0.429) 0.429 0.712 0.430 0.146 0.250 0.618 0.494 
   1   (0.514) 0.517 0.256 0.516 0.847 0.732 0.162 0.485 
   2   (0.047) 0.046 0.031 0.045 0.006 0.016 0.220 0.018 
   0   (0.009) 0.008 0.001 0.008 0.001 0.002 0.000 0.002 

Locus 43 : Mnov_gtseq_174 
2 alleles
2.6% missing data
   0   (0.220) 0.216 0.264 0.215 0.477 0.120 0.637 0.132 
   1   (0.780) 0.784 0.736 0.785 0.523 0.880 0.363 0.868 

Locus 44 : Mnov_gtseq_180 
3 alleles
14.3% missing data
   1   (0.623) 0.622 0.287 0.621 0.569 0.705 0.954 0.772 
   2   (0.288) 0.289 0.669 0.291 0.342 0.192 0.038 0.182 
   0   (0.089) 0.090 0.044 0.087 0.089 0.103 0.007 0.046 

Locus 45 : Mnov_gtseq_182 
2 alleles
8.6% missing data
   0   (0.861) 0.865 0.949 0.867 0.708 0.648 0.814 0.936 
   1   (0.139) 0.135 0.051 0.133 0.292 0.352 0.186 0.064 

Locus 46 : Mnov_gtseq_186 
3 alleles
28.0% missing data
   1   (0.483) 0.485 0.465 0.482 0.498 0.557 0.484 0.403 
   2   (0.094) 0.095 0.101 0.095 0.069 0.045 0.012 0.059 
   0   (0.423) 0.420 0.434 0.423 0.433 0.398 0.504 0.539 

Locus 47 : Mnov_gtseq_187 
2 alleles
7.1% missing data
   1   (0.567) 0.566 0.577 0.564 0.395 0.689 0.827 0.550 
   0   (0.433) 0.434 0.423 0.436 0.605 0.311 0.173 0.450 

Locus 48 : Mnov_gtseq_188 
2 alleles
13.4% missing data
   0   (0.545) 0.543 0.830 0.543 0.448 0.510 0.766 0.334 
   1   (0.455) 0.457 0.170 0.457 0.552 0.490 0.234 0.666 

Locus 49 : Mnov_gtseq_189 
2 alleles
3.7% missing data
   0   (0.449) 0.450 0.189 0.450 0.663 0.476 0.472 0.473 
   1   (0.551) 0.550 0.811 0.550 0.337 0.524 0.528 0.527 

Locus 50 : Mnov_gtseq_19 
3 alleles
0.0% missing data
   1   (0.869) 0.872 0.795 0.874 0.870 0.949 0.664 0.943 
   2   (0.094) 0.096 0.029 0.095 0.123 0.042 0.022 0.045 
   0   (0.036) 0.032 0.176 0.031 0.007 0.009 0.314 0.012 

Locus 51 : Mnov_gtseq_190 
2 alleles
0.0% missing data
   1   (0.468) 0.471 0.362 0.475 0.326 0.369 0.251 0.574 
   0   (0.532) 0.529 0.638 0.525 0.674 0.631 0.749 0.426 

Locus 52 : Mnov_gtseq_192 
2 alleles
20.9% missing data
   0   (0.838) 0.842 0.898 0.843 0.920 0.710 0.827 0.784 
   1   (0.162) 0.158 0.102 0.157 0.080 0.290 0.173 0.216 

Locus 53 : Mnov_gtseq_193 
2 alleles
0.0% missing data
   0   (0.730) 0.732 0.544 0.731 0.628 0.831 0.802 0.797 
   1   (0.270) 0.268 0.456 0.269 0.372 0.169 0.198 0.203 

Locus 54 : Mnov_gtseq_195 
3 alleles
0.0% missing data
   1   (0.554) 0.556 0.773 0.556 0.370 0.528 0.531 0.527 
   2   (0.422) 0.420 0.219 0.418 0.626 0.467 0.468 0.466 
   0   (0.024) 0.024 0.008 0.025 0.003 0.005 0.001 0.008 

Locus 55 : Mnov_gtseq_196 
2 alleles
0.3% missing data
   0   (0.269) 0.263 0.553 0.261 0.434 0.364 0.067 0.271 
   1   (0.731) 0.737 0.447 0.739 0.566 0.636 0.933 0.729 

Locus 56 : Mnov_gtseq_197 
3 alleles
0.3% missing data
   1   (0.360) 0.359 0.380 0.360 0.604 0.324 0.273 0.315 
   0   (0.449) 0.449 0.197 0.446 0.310 0.579 0.679 0.549 
   2   (0.191) 0.193 0.423 0.194 0.086 0.098 0.047 0.136 

Locus 57 : Mnov_gtseq_2 
3 alleles
0.3% missing data
   0   (0.201) 0.203 0.104 0.202 0.048 0.096 0.223 0.390 
   2   (0.761) 0.761 0.754 0.761 0.947 0.890 0.775 0.596 
   1   (0.038) 0.036 0.143 0.036 0.004 0.014 0.003 0.014 

Locus 58 : Mnov_gtseq_200 
2 alleles
2.3% missing data
   0   (0.435) 0.435 0.247 0.439 0.386 0.307 0.775 0.401 
   1   (0.565) 0.565 0.753 0.561 0.614 0.693 0.225 0.599 

Locus 59 : Mnov_gtseq_201 
4 alleles
0.0% missing data
   0   (0.618) 0.624 0.807 0.625 0.348 0.446 0.586 0.683 
   2   (0.139) 0.136 0.051 0.137 0.073 0.200 0.273 0.124 
   3   (0.157) 0.156 0.082 0.156 0.031 0.292 0.129 0.144 
   1   (0.086) 0.084 0.060 0.082 0.549 0.061 0.011 0.049 

Locus 60 : Mnov_gtseq_202 
2 alleles
0.0% missing data
   0   (0.422) 0.420 0.253 0.420 0.438 0.428 0.594 0.485 
   1   (0.578) 0.580 0.747 0.580 0.562 0.572 0.406 0.515 

Locus 61 : Mnov_gtseq_204 
2 alleles
3.4% missing data
   0   (0.374) 0.370 0.498 0.364 0.611 0.438 0.690 0.247 
   1   (0.626) 0.630 0.502 0.636 0.389 0.562 0.310 0.753 

Locus 62 : Mnov_gtseq_205 
5 alleles
0.0% missing data
   0   (0.195) 0.194 0.198 0.191 0.059 0.488 0.237 0.131 
   4   (0.038) 0.036 0.008 0.037 0.005 0.009 0.184 0.023 
   3   (0.698) 0.704 0.738 0.707 0.917 0.480 0.503 0.808 
   1   (0.056) 0.055 0.053 0.053 0.017 0.019 0.075 0.033 
   2   (0.013) 0.012 0.003 0.012 0.003 0.004 0.001 0.005 

Locus 63 : Mnov_gtseq_208 
2 alleles
0.0% missing data
