

----------------------------------------------------
STRUCTURE by Pritchard, Stephens and Donnelly (2000)
     and Falush, Stephens and Pritchard (2003)
       Code by Pritchard, Falush and Hubisz
             Version 2.3.4 (Jul 2012)
----------------------------------------------------



Command line arguments:   structure -m wint.area.structureRun/wint.area.structureRun.k3.r1_mainparams -e wint.area.structureRun/wint.area.structureRun.k3.r1_extraparams -i wint.area.structureRun/wint.area.structureRun.k3.r1_data -o wint.area.structureRun/wint.area.structureRun.k3.r1_out 
Input File:    wint.area.structureRun/wint.area.structureRun.k3.r1_data

Run parameters:
   350 individuals
   298 loci
   3 populations assumed
   1000 Burn-in period
   10000 Reps


--------------------------------------------
Proportion of membership of each pre-defined
 population in each of the 3 clusters

Given    Inferred Clusters       Number of
 Pop       1      2      3      Individuals

  1:     0.513  0.321  0.167       77
  2:     0.197  0.235  0.568      124
  3:     0.393  0.356  0.252      113
  4:     0.294  0.316  0.390       27
  5:     0.081  0.837  0.082        9
--------------------------------------------

Allele-freq. divergence among pops (Net nucleotide distance),
computed using point estimates of P.

      1       2       3      
 1      -    0.0115  0.0256  
 2   0.0115     -    0.0190  
 3   0.0256  0.0190     -    

Average distances (expected heterozygosity) between individuals in same cluster:
cluster  1  : 0.4468 
cluster  2  : 0.4481 
cluster  3  : 0.4344 

--------------------------------------------
Estimated Ln Prob of Data   = -135738.7
Mean value of ln likelihood = -135116.5
Variance of ln likelihood   = 1244.4
Mean value of alpha         = 1.0000

Mean value of Fst_1         = 0.0578
Mean value of Fst_2         = 0.0244
Mean value of Fst_3         = 0.0908


Inferred ancestry of individuals:
        Label (%Miss) Pop:  Inferred clusters
  1   207778    (1)    2 :  0.256 0.118 0.626 
  2 z0005757    (7)    3 :  0.470 0.322 0.208 
  3 z0005758    (0)    3 :  0.462 0.323 0.214 
  4 z0011944    (0)    1 :  0.039 0.836 0.125 
  5 z0012702    (8)    4 :  0.068 0.134 0.798 
  6 z0016577    (1)    3 :  0.446 0.203 0.352 
  7 z0016578   (20)    1 :  0.595 0.290 0.115 
  8 z0016579    (1)    3 :  0.234 0.541 0.225 
  9 z0018264    (0)    1 :  0.069 0.824 0.108 
 10 z0029828    (2)    3 :  0.646 0.162 0.192 
 11 z0029829   (13)    1 :  0.754 0.118 0.127 
 12 z0029846    (0)    1 :  0.494 0.199 0.307 
 13 z0029860    (0)    3 :  0.608 0.134 0.258 
 14 z0029863    (1)    1 :  0.138 0.708 0.154 
 15 z0029864    (8)    1 :  0.236 0.583 0.180 
 16 z0029865   (12)    3 :  0.672 0.238 0.089 
 17 z0037607    (1)    3 :  0.103 0.601 0.296 
 18 z0037609   (23)    3 :  0.428 0.379 0.193 
 19 z0037624   (20)    1 :  0.498 0.266 0.235 
 20 z0038417    (7)    2 :  0.099 0.168 0.733 
 21 z0040275    (8)    2 :  0.107 0.216 0.676 
 22 z0040287    (3)    2 :  0.266 0.397 0.337 
 23 z0040308    (0)    2 :  0.176 0.103 0.721 
 24 z0040333    (1)    2 :  0.225 0.166 0.609 
 25 z0040334    (1)    2 :  0.070 0.098 0.831 
 26 z0040337    (4)    2 :  0.186 0.386 0.428 
 27 z0040345    (1)    2 :  0.084 0.169 0.746 
 28 z0040357    (5)    2 :  0.224 0.200 0.576 
 29 z0040363   (19)    2 :  0.170 0.236 0.594 
 30 z0040364    (0)    2 :  0.084 0.091 0.825 
 31 z0040387    (0)    2 :  0.211 0.226 0.563 
 32 z0040403   (15)    2 :  0.244 0.278 0.478 
 33 z0040439    (0)    2 :  0.060 0.145 0.795 
 34 z0040465   (20)    2 :  0.333 0.152 0.515 
 35 z0040513   (24)    3 :  0.430 0.253 0.318 
 36 z0040961   (11)    2 :  0.176 0.386 0.438 
 37 z0040985   (14)    2 :  0.234 0.360 0.405 
 38 z0041026    (0)    2 :  0.212 0.207 0.581 
 39 z0041051   (30)    2 :  0.097 0.358 0.544 
 40 z0041115    (7)    2 :  0.318 0.108 0.574 
 41 z0041153   (23)    2 :  0.250 0.309 0.441 
 42 z0041233    (3)    2 :  0.339 0.141 0.521 
 43 z0041243    (0)    2 :  0.228 0.218 0.553 
 44 z0041248    (5)    2 :  0.136 0.227 0.636 
 45 z0041250    (1)    2 :  0.092 0.180 0.727 
 46 z0041274    (1)    2 :  0.266 0.337 0.397 
 47 z0041465   (16)    2 :  0.363 0.057 0.579 
 48 z0041472    (2)    2 :  0.331 0.121 0.548 
 49 z0041480    (9)    2 :  0.299 0.162 0.540 
 50 z0041483    (0)    2 :  0.183 0.090 0.726 
 51 z0041494   (12)    2 :  0.119 0.208 0.673 
 52 z0041498    (1)    2 :  0.159 0.202 0.639 
 53 z0041501    (1)    2 :  0.074 0.182 0.744 
 54 z0041507    (6)    2 :  0.122 0.240 0.639 
 55 z0041512    (0)    2 :  0.115 0.127 0.757 
 56 z0041522   (15)    2 :  0.165 0.256 0.579 
 57 z0041526    (0)    3 :  0.189 0.081 0.730 
 58 z0041527   (14)    2 :  0.358 0.117 0.525 
 59 z0043243    (1)    2 :  0.343 0.483 0.175 
 60 z0043278    (0)    2 :  0.100 0.235 0.664 
 61 z0043475   (16)    3 :  0.221 0.286 0.494 
 62 z0043477    (0)    2 :  0.202 0.289 0.508 
 63 z0043478    (2)    2 :  0.111 0.125 0.764 
 64 z0043481    (0)    2 :  0.135 0.155 0.711 
 65 z0043489    (5)    2 :  0.073 0.221 0.706 
 66 z0043491   (12)    2 :  0.184 0.382 0.434 
 67 z0043493    (2)    2 :  0.224 0.405 0.372 
 68 z0043494    (1)    2 :  0.231 0.175 0.594 
 69 z0043498    (1)    2 :  0.120 0.115 0.765 
 70 z0043504    (7)    2 :  0.178 0.387 0.434 
 71 z0043526    (3)    4 :  0.155 0.460 0.385 
 72 z0043566    (2)    2 :  0.140 0.168 0.692 
 73 z0043572    (0)    2 :  0.149 0.183 0.668 
 74 z0043599    (2)    2 :  0.295 0.201 0.504 
 75 z0043642    (0)    2 :  0.200 0.163 0.637 
 76 z0043649    (1)    2 :  0.144 0.113 0.744 
 77 z0043652    (1)    2 :  0.337 0.396 0.267 
 78 z0043668    (0)    2 :  0.286 0.212 0.502 
 79 z0043674    (0)    4 :  0.709 0.195 0.096 
 80 z0043686    (1)    2 :  0.166 0.267 0.566 
 81 z0043693    (1)    2 :  0.252 0.196 0.552 
 82 z0043704   (14)    2 :  0.083 0.105 0.811 
 83 z0043807    (1)    2 :  0.166 0.275 0.559 
 84 z0043819    (0)    2 :  0.228 0.517 0.255 
 85 z0043876    (7)    2 :  0.478 0.158 0.364 
 86 z0043877   (32)    2 :  0.346 0.197 0.457 
 87 z0043891   (21)    4 :  0.242 0.368 0.390 
 88 z0043915   (31)    2 :  0.208 0.403 0.389 
 89 z0043940   (10)    2 :  0.333 0.529 0.138 
 90 z0043954    (1)    2 :  0.274 0.389 0.336 
 91 z0043966    (5)    2 :  0.139 0.164 0.697 
 92 z0043980    (1)    2 :  0.282 0.249 0.468 
 93 z0044017   (11)    2 :  0.136 0.215 0.649 
 94 z0044019   (14)    2 :  0.253 0.263 0.484 
 95 z0044023   (35)    2 :  0.105 0.097 0.799 
 96 z0044033    (0)    2 :  0.057 0.050 0.893 
 97 z0044042    (3)    2 :  0.090 0.095 0.814 
 98 z0044047   (24)    2 :  0.133 0.145 0.722 
 99 z0044064   (13)    2 :  0.125 0.243 0.632 
100 z0044432   (14)    2 :  0.256 0.416 0.328 
101 z0045326    (0)    3 :  0.585 0.156 0.259 
102 z0045331    (5)    1 :  0.456 0.263 0.281 
103 z0045332    (1)    1 :  0.337 0.460 0.203 
104 z0045333    (6)    1 :  0.603 0.296 0.101 
105 z0045337    (4)    1 :  0.727 0.149 0.124 
106 z0045342   (12)    1 :  0.472 0.271 0.257 
107 z0045347    (1)    3 :  0.289 0.520 0.191 
108 z0045350    (0)    1 :  0.356 0.491 0.153 
109 z0045370    (0)    1 :  0.849 0.092 0.059 
110 z0045371    (1)    3 :  0.343 0.391 0.266 
111 z0045398    (1)    3 :  0.506 0.440 0.055 
112 z0045399    (1)    3 :  0.289 0.612 0.100 
113 z0045401   (23)    1 :  0.476 0.287 0.237 
114 z0045404    (0)    3 :  0.701 0.167 0.132 
115 z0045405    (4)    3 :  0.306 0.486 0.208 
116 z0045407    (1)    3 :  0.178 0.622 0.200 
117 z0045719    (0)    2 :  0.124 0.299 0.577 
118 z0045720    (1)    2 :  0.328 0.392 0.280 
119 z0045728    (0)    2 :  0.193 0.168 0.639 
120 z0045731    (0)    2 :  0.183 0.350 0.467 
121 z0045733    (0)    2 :  0.393 0.241 0.366 
122 z0045736    (1)    2 :  0.287 0.269 0.444 
123 z0045739    (1)    2 :  0.267 0.447 0.286 
124 z0045740    (1)    2 :  0.119 0.188 0.693 
125 z0045741    (0)    2 :  0.150 0.287 0.563 
126 z0045742    (0)    2 :  0.261 0.096 0.642 
127 z0045776    (0)    3 :  0.256 0.344 0.400 
128 z0045779    (0)    2 :  0.145 0.061 0.794 
129 z0045781    (0)    2 :  0.130 0.222 0.648 
130 z0045788    (5)    2 :  0.059 0.107 0.834 
131 z0045789    (2)    2 :  0.090 0.197 0.713 
132 z0045791    (4)    2 :  0.138 0.212 0.650 
133 z0045792   (22)    1 :  0.361 0.340 0.299 
134 z0045793    (0)    3 :  0.608 0.109 0.283 
135 z0047562   (14)    2 :  0.201 0.168 0.632 
136 z0047854    (1)    2 :  0.187 0.160 0.653 
137 z0051185    (0)    1 :  0.509 0.385 0.106 
138 z0051324    (0)    1 :  0.577 0.274 0.150 
139 z0051327    (3)    3 :  0.393 0.222 0.385 
140 z0051328    (1)    1 :  0.559 0.201 0.240 
141 z0051380    (0)    1 :  0.803 0.154 0.043 
142 z0051400    (0)    3 :  0.500 0.189 0.311 
143 z0051431   (21)    3 :  0.321 0.215 0.464 
144 z0051840   (33)    2 :  0.170 0.278 0.552 
145 z0051844   (27)    2 :  0.185 0.294 0.522 
146 z0051875   (28)    3 :  0.529 0.267 0.204 
147 z0051885    (7)    3 :  0.164 0.259 0.577 
148 z0051888    (0)    2 :  0.222 0.155 0.623 
149 z0051891    (0)    1 :  0.358 0.383 0.259 
150 z0051893    (2)    1 :  0.549 0.259 0.191 
151 z0051895    (0)    3 :  0.594 0.255 0.151 
152 z0051918    (0)    3 :  0.105 0.489 0.406 
153 z0051929    (1)    1 :  0.699 0.153 0.148 
154 z0051939   (11)    3 :  0.253 0.326 0.421 
155 z0051947    (3)    1 :  0.546 0.325 0.129 
156 z0051959    (1)    3 :  0.198 0.553 0.249 
157 z0052846    (0)    4 :  0.388 0.300 0.312 
158 z0052882    (1)    2 :  0.265 0.318 0.418 
159 z0053020   (20)    2 :  0.175 0.255 0.570 
160 z0053024   (12)    2 :  0.298 0.281 0.421 
161 z0053025    (3)    2 :  0.083 0.089 0.828 
162 z0053031    (0)    2 :  0.324 0.386 0.290 
163 z0053032    (0)    2 :  0.175 0.351 0.474 
164 z0053040    (5)    2 :  0.270 0.222 0.508 
165 z0053051    (0)    3 :  0.286 0.580 0.134 
166 z0053054    (5)    3 :  0.492 0.358 0.151 
167 z0053071    (2)    2 :  0.112 0.101 0.786 
168 z0053073    (1)    2 :  0.240 0.523 0.238 
169 z0053078    (0)    3 :  0.075 0.410 0.515 
170 z0053082    (1)    3 :  0.226 0.184 0.590 
171 z0053083   (12)    2 :  0.249 0.215 0.536 
172 z0053090   (10)    3 :  0.131 0.240 0.629 
173 z0053096    (0)    2 :  0.053 0.159 0.788 
174 z0053100    (6)    2 :  0.114 0.176 0.710 
175 z0053101    (0)    2 :  0.121 0.352 0.528 
176 z0053102    (8)    2 :  0.130 0.144 0.726 
177 z0053103    (0)    2 :  0.094 0.083 0.823 
178 z0053111    (2)    3 :  0.251 0.497 0.252 
179 z0053131    (0)    2 :  0.336 0.147 0.517 
180 z0053132    (0)    2 :  0.078 0.489 0.434 
181 z0053133    (0)    2 :  0.278 0.455 0.268 
182 z0053138    (0)    2 :  0.364 0.205 0.431 
183 z0053142    (2)    2 :  0.345 0.233 0.422 
184 z0053149    (0)    2 :  0.128 0.242 0.629 
185 z0053754    (1)    1 :  0.256 0.548 0.196 
186 z0053756    (1)    1 :  0.177 0.722 0.100 
187 z0053758   (17)    1 :  0.710 0.124 0.167 
188 z0053759    (0)    1 :  0.523 0.365 0.111 
189 z0053842    (1)    1 :  0.484 0.273 0.243 
190 z0053843    (6)    1 :  0.723 0.180 0.097 
191 z0053844    (7)    1 :  0.498 0.285 0.217 
192 z0053846    (2)    1 :  0.747 0.141 0.112 
193 z0053847    (0)    1 :  0.326 0.460 0.214 
194 z0053849    (1)    1 :  0.339 0.512 0.149 
195 z0055903    (1)    4 :  0.415 0.385 0.201 
196 z0055910   (34)    4 :  0.273 0.383 0.344 
197 z0055912    (7)    4 :  0.123 0.562 0.314 
198 z0055916   (15)    4 :  0.307 0.376 0.317 
199 z0055931    (2)    4 :  0.143 0.155 0.701 
200 z0055944    (3)    4 :  0.475 0.236 0.289 
201 z0055947    (9)    4 :  0.416 0.244 0.339 
202 z0055962    (6)    4 :  0.182 0.234 0.584 
203 z0055963   (21)    4 :  0.165 0.269 0.566 
204 z0055965   (25)    4 :  0.148 0.768 0.084 
205 z0055970   (15)    4 :  0.273 0.268 0.459 
206 z0055971    (7)    4 :  0.304 0.318 0.378 
207 z0055977    (6)    4 :  0.193 0.275 0.532 
208 z0055986   (19)    4 :  0.519 0.281 0.200 
209 z0055990    (6)    4 :  0.185 0.154 0.662 
210 z0055996    (2)    4 :  0.348 0.175 0.477 
211 z0055997    (3)    4 :  0.344 0.239 0.416 
212 z0055998    (4)    4 :  0.180 0.626 0.193 
213 z0055999    (2)    4 :  0.520 0.294 0.186 
214 z0056011    (7)    4 :  0.325 0.358 0.317 
215 z0056029    (4)    4 :  0.353 0.179 0.467 
216 z0056034    (0)    4 :  0.177 0.298 0.525 
217 z0056056   (25)    3 :  0.518 0.237 0.245 
218 z0056058    (5)    3 :  0.873 0.077 0.050 
219 z0056059    (8)    3 :  0.320 0.400 0.280 
220 z0056062    (1)    3 :  0.305 0.450 0.245 
221 z0056063    (4)    3 :  0.418 0.430 0.152 
222 z0056064    (0)    3 :  0.225 0.601 0.174 
223 z0056065    (0)    3 :  0.477 0.407 0.116 
224 z0056073    (0)    3 :  0.586 0.239 0.174 
225 z0056076    (4)    3 :  0.144 0.659 0.197 
226 z0056079    (9)    3 :  0.401 0.467 0.132 
227 z0056085    (0)    3 :  0.361 0.449 0.190 
228 z0056092    (1)    3 :  0.299 0.600 0.101 
229 z0056095    (1)    3 :  0.389 0.504 0.107 
230 z0056103    (7)    3 :  0.547 0.381 0.072 
231 z0056374    (7)    1 :  0.790 0.144 0.066 
232 z0056375    (0)    1 :  0.718 0.184 0.098 
233 z0056377    (0)    1 :  0.381 0.429 0.190 
234 z0056378    (0)    1 :  0.680 0.156 0.163 
235 z0056382    (0)    1 :  0.665 0.231 0.104 
236 z0056384    (3)    1 :  0.339 0.518 0.142 
237 z0056386    (7)    1 :  0.656 0.248 0.095 
238 z0056389    (0)    1 :  0.769 0.118 0.113 
239 z0056391    (1)    1 :  0.905 0.055 0.040 
240 z0056392   (11)    1 :  0.742 0.157 0.101 
241 z0056393    (8)    1 :  0.671 0.130 0.199 
242 z0056394    (0)    1 :  0.701 0.142 0.156 
243 z0056395    (1)    1 :  0.337 0.431 0.232 
244 z0056397    (0)    1 :  0.225 0.479 0.295 
245 z0061527    (2)    3 :  0.130 0.165 0.706 
246 z0061967    (1)    3 :  0.338 0.391 0.272 
247 z0061969    (0)    3 :  0.360 0.117 0.522 
248 z0061980    (1)    1 :  0.446 0.375 0.179 
249 z0066166    (3)    3 :  0.516 0.129 0.355 
250 z0066792    (2)    1 :  0.084 0.760 0.155 
251 z0066805    (1)    1 :  0.074 0.815 0.111 
252 z0068471    (2)    3 :  0.403 0.444 0.153 
253 z0075696    (6)    5 :  0.051 0.896 0.054 
254 z0101084    (7)    1 :  0.754 0.111 0.135 
255 z0107099    (2)    3 :  0.793 0.146 0.062 
256 z0107101    (0)    1 :  0.879 0.055 0.065 
257 z0108489    (0)    1 :  0.323 0.453 0.224 
258 z0108513    (0)    1 :  0.694 0.145 0.161 
259 z0108528    (0)    3 :  0.465 0.171 0.364 
260 z0113628    (1)    3 :  0.161 0.547 0.292 
261 z0133302   (16)    1 :  0.343 0.452 0.205 
262 z0173485    (1)    1 :  0.179 0.372 0.449 
263 z0175371    (1)    3 :  0.181 0.489 0.330 
264 z0175378    (0)    2 :  0.148 0.093 0.759 
265 z0175912    (0)    1 :  0.632 0.187 0.180 
266 z0175916    (1)    1 :  0.245 0.372 0.383 
267 z0175937    (1)    1 :  0.620 0.252 0.128 
268 z0178348   (12)    1 :  0.639 0.191 0.170 
269 z0187819    (7)    3 :  0.585 0.230 0.185 
270 z0187857    (1)    1 :  0.754 0.079 0.167 
271 z0187860    (0)    1 :  0.431 0.306 0.263 
272 z0187885    (0)    2 :  0.083 0.440 0.476 
273 z0187906    (9)    1 :  0.215 0.554 0.231 
274 z0195655    (0)    2 :  0.095 0.092 0.813 
275 z0195663    (0)    3 :  0.126 0.287 0.587 
276 z0195683    (1)    3 :  0.582 0.270 0.147 
277 z0195688    (0)    2 :  0.243 0.328 0.429 
278 z0195691    (0)    3 :  0.179 0.570 0.251 
279 z0195699    (0)    3 :  0.522 0.178 0.300 
280 z0195701    (7)    3 :  0.538 0.348 0.114 
281 z0195702    (0)    3 :  0.197 0.482 0.321 
282 z0195704    (0)    3 :  0.495 0.194 0.312 
283 z0195705    (0)    3 :  0.123 0.142 0.735 
284 z0195711    (0)    3 :  0.253 0.573 0.173 
285 z0195716    (0)    3 :  0.234 0.601 0.165 
286 z0195718   (12)    3 :  0.549 0.375 0.076 
287 z0195725    (5)    3 :  0.392 0.155 0.453 
288 z0195726   (16)    1 :  0.376 0.502 0.121 
289 z0195728   (14)    3 :  0.776 0.173 0.051 
290 z0195732   (16)    3 :  0.632 0.283 0.085 
291 z0195737    (0)    3 :  0.218 0.248 0.534 
292 z0195740   (26)    3 :  0.247 0.456 0.296 
293 z0195751    (1)    3 :  0.689 0.211 0.100 
294 z0195762    (1)    3 :  0.194 0.723 0.083 
295 z0195784    (0)    3 :  0.467 0.444 0.089 
296 z0196686    (0)    5 :  0.044 0.910 0.046 
297 z0196687    (0)    5 :  0.075 0.772 0.153 
298 z0196689    (0)    5 :  0.049 0.828 0.123 
299 z0196690    (2)    5 :  0.136 0.800 0.064 
300 z0196691    (7)    5 :  0.079 0.864 0.057 
301 z0196692    (1)    5 :  0.106 0.797 0.097 
302 z0196693    (1)    5 :  0.106 0.815 0.078 
303 z0196694    (1)    5 :  0.086 0.847 0.067 
304 z0196710    (0)    3 :  0.201 0.595 0.204 
305 z0196715   (22)    3 :  0.706 0.197 0.097 
306 z0196719    (0)    3 :  0.497 0.260 0.244 
307 z0196724   (20)    3 :  0.534 0.216 0.250 
308 z0196725    (0)    3 :  0.533 0.329 0.137 
309 z0196729    (1)    3 :  0.392 0.458 0.151 
310 z0196730    (3)    1 :  0.662 0.165 0.173 
311 z0196731    (0)    3 :  0.578 0.288 0.134 
312 z0196733   (13)    1 :  0.509 0.328 0.164 
313 z0196734    (1)    3 :  0.334 0.356 0.310 
314 z0196739   (17)    3 :  0.391 0.201 0.408 
315 z0196740   (11)    3 :  0.309 0.584 0.107 
316 z0196746    (1)    1 :  0.685 0.232 0.083 
317 z0196751    (0)    3 :  0.324 0.503 0.173 
318 z0196752    (0)    3 :  0.105 0.850 0.045 
319 z0196754    (0)    3 :  0.621 0.130 0.249 
320 z0196758    (1)    1 :  0.492 0.321 0.188 
321 z0196763    (1)    3 :  0.381 0.391 0.228 
322 z0196764    (0)    3 :  0.547 0.332 0.121 
323 z0196766    (0)    3 :  0.385 0.524 0.092 
324 z0196769    (1)    3 :  0.595 0.330 0.075 
325 z0196774    (0)    3 :  0.281 0.662 0.057 
326 z0196783    (0)    1 :  0.859 0.082 0.059 
327 z0196794    (2)    1 :  0.697 0.237 0.066 
328 z0196804   (14)    1 :  0.621 0.260 0.119 
329 z0196809    (0)    3 :  0.457 0.442 0.101 
330 z0196810    (1)    1 :  0.231 0.660 0.109 
331 z0196811    (0)    1 :  0.518 0.392 0.090 
332 z0196824    (0)    3 :  0.220 0.400 0.380 
333 z0196825    (0)    3 :  0.518 0.219 0.263 
334 z0196828    (1)    2 :  0.440 0.276 0.284 
335 z0196829    (0)    3 :  0.511 0.215 0.275 
336 z0196834   (26)    3 :  0.451 0.239 0.310 
337 z0196835    (0)    3 :  0.789 0.105 0.106 
338 z0196841   (20)    3 :  0.312 0.538 0.150 
339 z0196843   (25)    3 :  0.680 0.150 0.171 
340 z0196849    (0)    3 :  0.637 0.196 0.166 
341 z0196852    (0)    2 :  0.223 0.371 0.406 
342 z0196855    (0)    2 :  0.194 0.392 0.414 
343 z0196856    (0)    3 :  0.127 0.473 0.400 
344 z0196864    (1)    3 :  0.199 0.265 0.536 
345 z0196894    (0)    3 :  0.375 0.530 0.095 
346 z0197662    (2)    1 :  0.277 0.266 0.457 
347 z0197665    (2)    1 :  0.822 0.114 0.065 
348 z0197668   (20)    3 :  0.156 0.687 0.157 
349 z0197669    (0)    3 :  0.166 0.244 0.590 
350 z0197672    (1)    3 :  0.368 0.444 0.188 


Estimated Allele Frequencies in each cluster
First column gives estimated ancestral frequencies


Locus 1 : Mnov_gtseq_1 
2 alleles
0.0% missing data
   0   (0.424) 0.444 0.437 0.326 
   1   (0.576) 0.556 0.563 0.674 

Locus 2 : Mnov_gtseq_10 
2 alleles
0.3% missing data
   0   (0.823) 0.691 0.850 0.934 
   1   (0.177) 0.309 0.150 0.066 

Locus 3 : Mnov_gtseq_102 
2 alleles
0.9% missing data
   0   (0.540) 0.490 0.521 0.708 
   1   (0.460) 0.510 0.479 0.292 

Locus 4 : Mnov_gtseq_104 
2 alleles
0.3% missing data
   0   (0.871) 0.754 0.911 0.933 
   1   (0.129) 0.246 0.089 0.067 

Locus 5 : Mnov_gtseq_106 
2 alleles
14.9% missing data
   1   (0.744) 0.812 0.720 0.796 
   0   (0.256) 0.188 0.280 0.204 

Locus 6 : Mnov_gtseq_107 
2 alleles
37.4% missing data
   1   (0.209) 0.150 0.176 0.398 
   0   (0.791) 0.850 0.824 0.602 

Locus 7 : Mnov_gtseq_112 
2 alleles
0.9% missing data
   0   (0.561) 0.699 0.472 0.682 
   1   (0.439) 0.301 0.528 0.318 

Locus 8 : Mnov_gtseq_113 
2 alleles
2.0% missing data
   1   (0.711) 0.811 0.696 0.656 
   0   (0.289) 0.189 0.304 0.344 

Locus 9 : Mnov_gtseq_114 
3 alleles
4.3% missing data
   0   (0.498) 0.633 0.494 0.353 
   1   (0.472) 0.360 0.493 0.615 
   2   (0.029) 0.007 0.013 0.032 

Locus 10 : Mnov_gtseq_117 
2 alleles
26.9% missing data
   0   (0.639) 0.512 0.655 0.800 
   1   (0.361) 0.488 0.345 0.200 

Locus 11 : Mnov_gtseq_12 
2 alleles
0.3% missing data
   0   (0.490) 0.485 0.546 0.294 
   1   (0.510) 0.515 0.454 0.706 

Locus 12 : Mnov_gtseq_124 
4 alleles
5.1% missing data
   3   (0.723) 0.685 0.760 0.846 
   2   (0.219) 0.299 0.205 0.126 
   1   (0.031) 0.009 0.016 0.025 
   0   (0.026) 0.008 0.019 0.004 

Locus 13 : Mnov_gtseq_125 
3 alleles
1.7% missing data
   1   (0.222) 0.147 0.195 0.357 
   2   (0.702) 0.835 0.749 0.335 
   0   (0.077) 0.018 0.056 0.308 

Locus 14 : Mnov_gtseq_126 
2 alleles
0.0% missing data
   0   (0.393) 0.232 0.476 0.320 
   1   (0.607) 0.768 0.524 0.680 

Locus 15 : Mnov_gtseq_127 
2 alleles
6.9% missing data
   0   (0.635) 0.683 0.665 0.468 
   1   (0.365) 0.317 0.335 0.532 

Locus 16 : Mnov_gtseq_128 
2 alleles
30.9% missing data
   0   (0.682) 0.792 0.649 0.664 
   1   (0.318) 0.208 0.351 0.336 

Locus 17 : Mnov_gtseq_129 
3 alleles
2.0% missing data
   0   (0.472) 0.524 0.434 0.584 
   1   (0.306) 0.337 0.277 0.309 
   2   (0.222) 0.140 0.289 0.107 

Locus 18 : Mnov_gtseq_13 
3 alleles
0.0% missing data
   1   (0.376) 0.545 0.313 0.393 
   2   (0.196) 0.100 0.246 0.142 
   0   (0.428) 0.355 0.441 0.465 

Locus 19 : Mnov_gtseq_130 
2 alleles
28.6% missing data
   1   (0.517) 0.472 0.541 0.506 
   0   (0.483) 0.528 0.459 0.494 

Locus 20 : Mnov_gtseq_135 
2 alleles
0.6% missing data
   0   (0.453) 0.426 0.443 0.511 
   1   (0.547) 0.574 0.557 0.489 

Locus 21 : Mnov_gtseq_138 
3 alleles
0.6% missing data
   0   (0.238) 0.278 0.201 0.280 
   1   (0.534) 0.481 0.554 0.604 
   2   (0.228) 0.240 0.245 0.116 

Locus 22 : Mnov_gtseq_140 
2 alleles
1.1% missing data
   0   (0.431) 0.400 0.400 0.570 
   1   (0.569) 0.600 0.600 0.430 

Locus 23 : Mnov_gtseq_141 
2 alleles
0.3% missing data
   0   (0.550) 0.626 0.528 0.522 
   1   (0.450) 0.374 0.472 0.478 

Locus 24 : Mnov_gtseq_143 
2 alleles
2.6% missing data
   1   (0.531) 0.644 0.493 0.504 
   0   (0.469) 0.356 0.507 0.496 

Locus 25 : Mnov_gtseq_145 
2 alleles
2.0% missing data
   0   (0.455) 0.502 0.431 0.462 
   1   (0.545) 0.498 0.569 0.538 

Locus 26 : Mnov_gtseq_147 
3 alleles
25.4% missing data
   0   (0.783) 0.867 0.813 0.571 
   2   (0.137) 0.112 0.124 0.106 
   1   (0.080) 0.021 0.063 0.323 

Locus 27 : Mnov_gtseq_148 
3 alleles
9.1% missing data
   0   (0.331) 0.248 0.419 0.168 
   1   (0.421) 0.406 0.381 0.596 
   2   (0.248) 0.346 0.200 0.236 

Locus 28 : Mnov_gtseq_149 
2 alleles
0.3% missing data
   0   (0.599) 0.634 0.608 0.559 
   1   (0.401) 0.366 0.392 0.441 

Locus 29 : Mnov_gtseq_15 
2 alleles
0.0% missing data
   0   (0.473) 0.506 0.471 0.422 
   1   (0.527) 0.494 0.529 0.578 

Locus 30 : Mnov_gtseq_152 
2 alleles
0.9% missing data
   0   (0.330) 0.280 0.324 0.384 
   1   (0.670) 0.720 0.676 0.616 

Locus 31 : Mnov_gtseq_154 
3 alleles
3.4% missing data
   0   (0.355) 0.451 0.366 0.194 
   2   (0.223) 0.152 0.233 0.251 
   1   (0.422) 0.398 0.401 0.556 

Locus 32 : Mnov_gtseq_157 
2 alleles
0.6% missing data
   1   (0.540) 0.536 0.526 0.629 
   0   (0.460) 0.464 0.474 0.371 

Locus 33 : Mnov_gtseq_158 
2 alleles
0.6% missing data
   0   (0.433) 0.630 0.457 0.113 
   1   (0.567) 0.370 0.543 0.887 

Locus 34 : Mnov_gtseq_159 
3 alleles
24.0% missing data
   0   (0.599) 0.701 0.625 0.431 
   1   (0.195) 0.152 0.164 0.354 
   2   (0.206) 0.147 0.212 0.215 

Locus 35 : Mnov_gtseq_16 
2 alleles
0.0% missing data
   0   (0.630) 0.675 0.629 0.606 
   1   (0.370) 0.325 0.371 0.394 

Locus 36 : Mnov_gtseq_160 
2 alleles
2.3% missing data
   0   (0.480) 0.561 0.460 0.422 
   1   (0.520) 0.439 0.540 0.578 

Locus 37 : Mnov_gtseq_161 
2 alleles
1.7% missing data
   1   (0.747) 0.781 0.738 0.816 
   0   (0.253) 0.219 0.262 0.184 

Locus 38 : Mnov_gtseq_167 
3 alleles
1.1% missing data
   2   (0.738) 0.707 0.778 0.787 
   0   (0.198) 0.259 0.178 0.127 
   1   (0.064) 0.033 0.044 0.085 

Locus 39 : Mnov_gtseq_17 
2 alleles
0.3% missing data
   0   (0.535) 0.537 0.553 0.470 
   1   (0.465) 0.463 0.447 0.530 

Locus 40 : Mnov_gtseq_170 
2 alleles
0.0% missing data
   0   (0.314) 0.285 0.321 0.258 
   1   (0.686) 0.715 0.679 0.742 

Locus 41 : Mnov_gtseq_171 
3 alleles
41.4% missing data
   2   (0.621) 0.578 0.659 0.617 
   0   (0.288) 0.384 0.250 0.272 
   1   (0.091) 0.037 0.092 0.110 

Locus 42 : Mnov_gtseq_173 
4 alleles
21.4% missing data
   3   (0.451) 0.251 0.519 0.565 
   1   (0.480) 0.734 0.433 0.314 
   2   (0.056) 0.012 0.042 0.119 
   0   (0.014) 0.002 0.006 0.001 

Locus 43 : Mnov_gtseq_174 
2 alleles
2.6% missing data
   0   (0.278) 0.218 0.257 0.421 
   1   (0.722) 0.782 0.743 0.579 

Locus 44 : Mnov_gtseq_180 
3 alleles
14.3% missing data
   1   (0.560) 0.643 0.442 0.869 
   2   (0.353) 0.262 0.468 0.117 
   0   (0.088) 0.095 0.089 0.013 

Locus 45 : Mnov_gtseq_182 
2 alleles
8.6% missing data
   0   (0.850) 0.737 0.906 0.844 
   1   (0.150) 0.263 0.094 0.156 

Locus 46 : Mnov_gtseq_186 
3 alleles
28.0% missing data
   1   (0.465) 0.484 0.450 0.512 
   2   (0.094) 0.067 0.116 0.021 
   0   (0.441) 0.450 0.434 0.467 

Locus 47 : Mnov_gtseq_187 
2 alleles
7.1% missing data
   1   (0.577) 0.541 0.568 0.691 
   0   (0.423) 0.459 0.432 0.309 

Locus 48 : Mnov_gtseq_188 
2 alleles
13.4% missing data
   0   (0.591) 0.467 0.643 0.607 
   1   (0.409) 0.533 0.357 0.393 

Locus 49 : Mnov_gtseq_189 
2 alleles
3.7% missing data
   0   (0.408) 0.559 0.333 0.461 
   1   (0.592) 0.441 0.667 0.539 

Locus 50 : Mnov_gtseq_19 
3 alleles
0.0% missing data
   1   (0.842) 0.902 0.857 0.792 
   2   (0.081) 0.087 0.057 0.050 
   0   (0.077) 0.012 0.086 0.158 

Locus 51 : Mnov_gtseq_190 
2 alleles
0.0% missing data
   1   (0.421) 0.422 0.423 0.369 
   0   (0.579) 0.578 0.577 0.631 

Locus 52 : Mnov_gtseq_192 
2 alleles
20.9% missing data
   0   (0.829) 0.803 0.865 0.830 
   1   (0.171) 0.197 0.135 0.170 

Locus 53 : Mnov_gtseq_193 
2 alleles
0.0% missing data
   0   (0.685) 0.754 0.642 0.781 
   1   (0.315) 0.246 0.358 0.219 

Locus 54 : Mnov_gtseq_195 
3 alleles
0.0% missing data
   1   (0.559) 0.479 0.600 0.572 
   2   (0.416) 0.516 0.374 0.425 
   0   (0.026) 0.005 0.026 0.003 

Locus 55 : Mnov_gtseq_196 
2 alleles
0.3% missing data
   0   (0.354) 0.385 0.397 0.148 
   1   (0.646) 0.615 0.603 0.852 

Locus 56 : Mnov_gtseq_197 
3 alleles
0.3% missing data
   1   (0.389) 0.402 0.386 0.323 
   0   (0.397) 0.487 0.322 0.575 
   2   (0.215) 0.111 0.292 0.101 

Locus 57 : Mnov_gtseq_2 
3 alleles
0.3% missing data
   0   (0.181) 0.122 0.161 0.265 
   2   (0.770) 0.868 0.754 0.728 
   1   (0.049) 0.010 0.085 0.007 

Locus 58 : Mnov_gtseq_200 
2 alleles
2.3% missing data
   0   (0.394) 0.336 0.361 0.603 
   1   (0.606) 0.664 0.639 0.397 

Locus 59 : Mnov_gtseq_201 
4 alleles
0.0% missing data
   0   (0.587) 0.493 0.652 0.625 
   2   (0.140) 0.145 0.107 0.181 
   3   (0.144) 0.143 0.115 0.167 
   1   (0.130) 0.219 0.127 0.027 

Locus 60 : Mnov_gtseq_202 
2 alleles
0.0% missing data
   0   (0.399) 0.459 0.339 0.511 
   1   (0.601) 0.541 0.661 0.489 

Locus 61 : Mnov_gtseq_204 
2 alleles
3.4% missing data
   0   (0.442) 0.446 0.419 0.517 
   1   (0.558) 0.554 0.581 0.483 

Locus 62 : Mnov_gtseq_205 
5 alleles
0.0% missing data
   0   (0.217) 0.231 0.198 0.218 
   4   (0.033) 0.006 0.016 0.112 
   3   (0.669) 0.728 0.731 0.610 
   1   (0.063) 0.027 0.048 0.058 
   2   (0.018) 0.008 0.007 0.001 

Locus 63 : Mnov_gtseq_208 
2 alleles
0.0% missing data
   0   (0.650) 0.739 0.672 0.438 
   1   (0.350) 0.261 0.328 0.562 

Locus 64 : Mnov_gtseq_209 
3 alleles
0.0% missing data
   0   (0.422) 0.463 0.365 0.563 
   2   (0.535) 0.531 0.604 0.334 
   1   (0.043) 0.006 0.030 0.104 

Locus 65 : Mnov_gtseq_21 
2 alleles
0.0% missing data
   1   (0.541) 0.620 0.554 0.374 
   0   (0.459) 0.380 0.446 0.626 

Locus 66 : Mnov_gtseq_210 
2 alleles
4.6% missing data
   0   (0.363) 0.546 0.316 0.243 
   1   (0.637) 0.454 0.684 0.757 

Locus 67 : Mnov_gtseq_211 
2 alleles
1.1% missing data
   0   (0.401) 0.488 0.381 0.317 
   1   (0.599) 0.512 0.619 0.683 

Locus 68 : Mnov_gtseq_213 
2 alleles
5.4% missing data
   0   (0.503) 0.589 0.496 0.400 
   1   (0.497) 0.411 0.504 0.600 

Locus 69 : Mnov_gtseq_214 
2 alleles
5.1% missing data
   0   (0.494) 0.542 0.410 0.732 
   1   (0.506) 0.458 0.590 0.268 

Locus 70 : Mnov_gtseq_215 
2 alleles
0.0% missing data
   0   (0.430) 0.405 0.405 0.561 
   1   (0.570) 0.595 0.595 0.439 

Locus 71 : Mnov_gtseq_216 
3 alleles
0.0% missing data
   2   (0.531) 0.416 0.548 0.678 
   1   (0.443) 0.580 0.427 0.316 
   0   (0.026) 0.003 0.025 0.006 

Locus 72 : Mnov_gtseq_217 
2 alleles
23.7% missing data
   0   (0.310) 0.333 0.309 0.218 
   1   (0.690) 0.667 0.691 0.782 

Locus 73 : Mnov_gtseq_218 
2 alleles
0.6% missing data
   0   (0.613) 0.458 0.636 0.782 
   1   (0.387) 0.542 0.364 0.218 

Locus 74 : Mnov_gtseq_22 
4 alleles
3.4% missing data
   2   (0.496) 0.479 0.482 0.705 
   0   (0.219) 0.245 0.214 0.158 
   1   (0.213) 0.217 0.227 0.123 
   3   (0.073) 0.059 0.077 0.013 

Locus 75 : Mnov_gtseq_220 
3 alleles
0.0% missing data
   0   (0.520) 0.482 0.520 0.630 
   1   (0.425) 0.508 0.415 0.339 
   2   (0.054) 0.010 0.066 0.031 

Locus 76 : Mnov_gtseq_223 
2 alleles
2.6% missing data
   0   (0.648) 0.715 0.635 0.620 
   1   (0.352) 0.285 0.365 0.380 

Locus 77 : Mnov_gtseq_224 
3 alleles
0.6% missing data
   0   (0.236) 0.200 0.225 0.270 
   1   (0.712) 0.772 0.717 0.720 
   2   (0.052) 0.028 0.059 0.009 

Locus 78 : Mnov_gtseq_225 
2 alleles
0.0% missing data
   0   (0.484) 0.623 0.422 0.502 
   1   (0.516) 0.377 0.578 0.498 

Locus 79 : Mnov_gtseq_227 
2 alleles
0.3% missing data
   0   (0.549) 0.427 0.588 0.614 
   1   (0.451) 0.573 0.412 0.386 

Locus 80 : Mnov_gtseq_229 
2 alleles
0.9% missing data
   1   (0.539) 0.553 0.522 0.593 
   0   (0.461) 0.447 0.478 0.407 

Locus 81 : Mnov_gtseq_232 
2 alleles
0.0% missing data
   0   (0.458) 0.448 0.415 0.637 
   1   (0.542) 0.552 0.585 0.363 

Locus 82 : Mnov_gtseq_234 
2 alleles
9.1% missing data
   0   (0.735) 0.699 0.746 0.823 
   1   (0.265) 0.301 0.254 0.177 

Locus 83 : Mnov_gtseq_235 
2 alleles
0.0% missing data
   0   (0.811) 0.698 0.857 0.869 
   1   (0.189) 0.302 0.143 0.131 

Locus 84 : Mnov_gtseq_238 
2 alleles
0.0% missing data
   0   (0.613) 0.585 0.597 0.743 
   1   (0.387) 0.415 0.403 0.257 

Locus 85 : Mnov_gtseq_239 
2 alleles
0.0% missing data
   0   (0.717) 0.726 0.722 0.766 
   1   (0.283) 0.274 0.278 0.234 

Locus 86 : Mnov_gtseq_241 
2 alleles
0.0% missing data
   0   (0.858) 0.840 0.895 0.843 
   1   (0.142) 0.160 0.105 0.157 

Locus 87 : Mnov_gtseq_243 
2 alleles
0.0% missing data
   0   (0.612) 0.511 0.660 0.602 
   1   (0.388) 0.489 0.340 0.398 

Locus 88 : Mnov_gtseq_244 
2 alleles
0.0% missing data
   0   (0.316) 0.352 0.267 0.408 
   1   (0.684) 0.648 0.733 0.592 

Locus 89 : Mnov_gtseq_245 
2 alleles
20.0% missing data
   1   (0.484) 0.531 0.427 0.630 
   0   (0.516) 0.469 0.573 0.370 

Locus 90 : Mnov_gtseq_246 
2 alleles
0.3% missing data
   0   (0.389) 0.571 0.286 0.511 
   1   (0.611) 0.429 0.714 0.489 

Locus 91 : Mnov_gtseq_247 
2 alleles
3.1% missing data
   0   (0.328) 0.234 0.396 0.196 
   1   (0.672) 0.766 0.604 0.804 

Locus 92 : Mnov_gtseq_248 
2 alleles
0.3% missing data
   0   (0.223) 0.121 0.212 0.401 
   1   (0.777) 0.879 0.788 0.599 

Locus 93 : Mnov_gtseq_25 
2 alleles
0.3% missing data
   0   (0.430) 0.488 0.366 0.584 
   1   (0.570) 0.512 0.634 0.416 

Locus 94 : Mnov_gtseq_250 
2 alleles
3.4% missing data
   0   (0.781) 0.750 0.822 0.746 
   1   (0.219) 0.250 0.178 0.254 

Locus 95 : Mnov_gtseq_251 
2 alleles
2.0% missing data
   1   (0.205) 0.184 0.188 0.204 
   0   (0.795) 0.816 0.812 0.796 

Locus 96 : Mnov_gtseq_253 
2 alleles
16.3% missing data
   0   (0.499) 0.360 0.551 0.509 
   1   (0.501) 0.640 0.449 0.491 

Locus 97 : Mnov_gtseq_254 
2 alleles
0.0% missing data
   1   (0.912) 0.905 0.915 0.981 
   0   (0.088) 0.095 0.085 0.019 

Locus 98 : Mnov_gtseq_255 
3 alleles
0.0% missing data
   0   (0.346) 0.353 0.319 0.422 
   2   (0.363) 0.349 0.344 0.457 
   1   (0.291) 0.298 0.337 0.121 

Locus 99 : Mnov_gtseq_257 
2 alleles
0.0% missing data
   0   (0.596) 0.755 0.554 0.511 
   1   (0.404) 0.245 0.446 0.489 

Locus 100 : Mnov_gtseq_258 
2 alleles
0.0% missing data
   0   (0.551) 0.423 0.594 0.599 
   1   (0.449) 0.577 0.406 0.401 

Locus 101 : Mnov_gtseq_26 
2 alleles
0.0% missing data
   1   (0.892) 0.936 0.875 0.958 
   0   (0.108) 0.064 0.125 0.042 

Locus 102 : Mnov_gtseq_260 
2 alleles
0.6% missing data
   0   (0.751) 0.816 0.742 0.769 
   1   (0.249) 0.184 0.258 0.231 

Locus 103 : Mnov_gtseq_261 
3 alleles
0.3% missing data
   0   (0.464) 0.487 0.445 0.547 
   1   (0.302) 0.240 0.340 0.255 
   2   (0.234) 0.272 0.215 0.198 

Locus 104 : Mnov_gtseq_262 
3 alleles
3.1% missing data
   0   (0.418) 0.351 0.437 0.511 
   1   (0.434) 0.487 0.437 0.374 
   2   (0.148) 0.162 0.126 0.115 

Locus 105 : Mnov_gtseq_263 
2 alleles
0.0% missing data
   1   (0.831) 0.784 0.855 0.897 
   0   (0.169) 0.216 0.145 0.103 

Locus 106 : Mnov_gtseq_265 
2 alleles
0.0% missing data
   0   (0.434) 0.393 0.409 0.573 
   1   (0.566) 0.607 0.591 0.427 

Locus 107 : Mnov_gtseq_268 
2 alleles
0.0% missing data
   0   (0.592) 0.418 0.639 0.700 
   1   (0.408) 0.582 0.361 0.300 

Locus 108 : Mnov_gtseq_269 
2 alleles
1.1% missing data
   1   (0.465) 0.537 0.435 0.458 
   0   (0.535) 0.463 0.565 0.542 

Locus 109 : Mnov_gtseq_270 
2 alleles
11.1% missing data
   1   (0.778) 0.795 0.791 0.806 
   0   (0.222) 0.205 0.209 0.194 

Locus 110 : Mnov_gtseq_271 
3 alleles
9.7% missing data
   1   (0.595) 0.602 0.615 0.588 
   2   (0.351) 0.381 0.324 0.394 
   0   (0.055) 0.017 0.061 0.018 

Locus 111 : Mnov_gtseq_273 
2 alleles
1.4% missing data
   1   (0.515) 0.551 0.483 0.592 
   0   (0.485) 0.449 0.517 0.408 

Locus 112 : Mnov_gtseq_274 
2 alleles
0.0% missing data
   1   (0.508) 0.492 0.536 0.423 
   0   (0.492) 0.508 0.464 0.577 

Locus 113 : Mnov_gtseq_275 
3 alleles
13.4% missing data
   2   (0.759) 0.751 0.801 0.750 
   1   (0.212) 0.240 0.174 0.243 
   0   (0.029) 0.008 0.024 0.007 

Locus 114 : Mnov_gtseq_277 
2 alleles
0.0% missing data
   0   (0.794) 0.856 0.770 0.868 
   1   (0.206) 0.144 0.230 0.132 

Locus 115 : Mnov_gtseq_278 
2 alleles
1.1% missing data
   0   (0.888) 0.833 0.898 0.972 
   1   (0.112) 0.167 0.102 0.028 

Locus 116 : Mnov_gtseq_28 
2 alleles
0.3% missing data
   0   (0.778) 0.811 0.789 0.783 
   1   (0.222) 0.189 0.211 0.217 

Locus 117 : Mnov_gtseq_281 
3 alleles
1.7% missing data
   2   (0.847) 0.919 0.858 0.846 
   0   (0.119) 0.068 0.107 0.149 
   1   (0.034) 0.013 0.035 0.005 

Locus 118 : Mnov_gtseq_283 
2 alleles
20.6% missing data
   0   (0.755) 0.793 0.745 0.803 
   1   (0.245) 0.207 0.255 0.197 

Locus 119 : Mnov_gtseq_284 
2 alleles
0.0% missing data
   1   (0.644) 0.693 0.646 0.604 
   0   (0.356) 0.307 0.354 0.396 

Locus 120 : Mnov_gtseq_285 
3 alleles
0.0% missing data
   2   (0.592) 0.526 0.670 0.502 
   0   (0.193) 0.273 0.154 0.162 
   1   (0.215) 0.201 0.176 0.336 

Locus 121 : Mnov_gtseq_287 
2 alleles
0.0% missing data
   0   (0.791) 0.832 0.821 0.679 
   1   (0.209) 0.168 0.179 0.321 

Locus 122 : Mnov_gtseq_288 
3 alleles
15.7% missing data
   0   (0.593) 0.515 0.626 0.672 
   2   (0.375) 0.442 0.356 0.325 
   1   (0.033) 0.044 0.018 0.003 

Locus 123 : Mnov_gtseq_289 
4 alleles
0.0% missing data
   0   (0.449) 0.442 0.470 0.456 
   1   (0.395) 0.362 0.396 0.491 
   2   (0.127) 0.184 0.115 0.044 
   3   (0.028) 0.011 0.018 0.009 

Locus 124 : Mnov_gtseq_291 
4 alleles
0.6% missing data
   3   (0.708) 0.724 0.756 0.612 
   1   (0.129) 0.189 0.112 0.050 
   2   (0.035) 0.030 0.023 0.004 
   0   (0.129) 0.057 0.110 0.334 

Locus 125 : Mnov_gtseq_298 
2 alleles
35.7% missing data
   1   (0.575) 0.603 0.505 0.793 
   0   (0.425) 0.397 0.495 0.207 

Locus 126 : Mnov_gtseq_299 
2 alleles
0.9% missing data
   1   (0.584) 0.548 0.620 0.523 
   0   (0.416) 0.452 0.380 0.477 

Locus 127 : Mnov_gtseq_30 
2 alleles
16.9% missing data
   0   (0.952) 0.912 0.970 0.993 
   1   (0.048) 0.088 0.030 0.007 

Locus 128 : Mnov_gtseq_300 
2 alleles
4.6% missing data
   0   (0.579) 0.608 0.565 0.623 
   1   (0.421) 0.392 0.435 0.377 

Locus 129 : Mnov_gtseq_305 
2 alleles
8.9% missing data
   0   (0.898) 0.806 0.932 0.951 
   1   (0.102) 0.194 0.068 0.049 

Locus 130 : Mnov_gtseq_307 
2 alleles
2.3% missing data
   1   (0.497) 0.470 0.509 0.494 
   0   (0.503) 0.530 0.491 0.506 

Locus 131 : Mnov_gtseq_308 
2 alleles
0.0% missing data
   0   (0.601) 0.647 0.584 0.621 
   1   (0.399) 0.353 0.416 0.379 

Locus 132 : Mnov_gtseq_310 
2 alleles
10.3% missing data
   0   (0.871) 0.725 0.898 0.966 
   1   (0.129) 0.275 0.102 0.034 

Locus 133 : Mnov_gtseq_311 
2 alleles
1.7% missing data
   1   (0.655) 0.768 0.608 0.701 
   0   (0.345) 0.232 0.392 0.299 

Locus 134 : Mnov_gtseq_313 
2 alleles
0.9% missing data
   1   (0.762) 0.838 0.741 0.800 
   0   (0.238) 0.162 0.259 0.200 

Locus 135 : Mnov_gtseq_314 
2 alleles
0.0% missing data
   0   (0.519) 0.541 0.543 0.398 
   1   (0.481) 0.459 0.457 0.602 

Locus 136 : Mnov_gtseq_315 
2 alleles
1.1% missing data
   0   (0.496) 0.530 0.479 0.510 
   1   (0.504) 0.470 0.521 0.490 

Locus 137 : Mnov_gtseq_317 
3 alleles
24.3% missing data
   0   (0.491) 0.507 0.482 0.551 
   1   (0.417) 0.437 0.414 0.416 
   2   (0.092) 0.056 0.104 0.033 

Locus 138 : Mnov_gtseq_318 
2 alleles
4.9% missing data
   0   (0.448) 0.488 0.439 0.405 
   1   (0.552) 0.512 0.561 0.595 

Locus 139 : Mnov_gtseq_320 
2 alleles
5.7% missing data
   0   (0.665) 0.718 0.680 0.578 
   1   (0.335) 0.282 0.320 0.422 

Locus 140 : Mnov_gtseq_321 
2 alleles
0.0% missing data
   0   (0.088) 0.252 0.049 0.030 
   1   (0.912) 0.748 0.951 0.970 

Locus 141 : Mnov_gtseq_322 
2 alleles
1.7% missing data
   1   (0.515) 0.523 0.504 0.550 
   0   (0.485) 0.477 0.496 0.450 

Locus 142 : Mnov_gtseq_323 
3 alleles
0.0% missing data
   1   (0.393) 0.480 0.387 0.294 
   0   (0.410) 0.339 0.403 0.601 
   2   (0.196) 0.181 0.210 0.104 

Locus 143 : Mnov_gtseq_326 
2 alleles
3.1% missing data
   0   (0.615) 0.707 0.643 0.374 
   1   (0.385) 0.293 0.357 0.626 

Locus 144 : Mnov_gtseq_328 
2 alleles
0.0% missing data
   1   (0.647) 0.641 0.667 0.622 
   0   (0.353) 0.359 0.333 0.378 

Locus 145 : Mnov_gtseq_33 
2 alleles
0.0% missing data
   0   (0.598) 0.600 0.584 0.690 
   1   (0.402) 0.400 0.416 0.310 

Locus 146 : Mnov_gtseq_332 
2 alleles
11.7% missing data
   0   (0.353) 0.299 0.386 0.270 
   1   (0.647) 0.701 0.614 0.730 

Locus 147 : Mnov_gtseq_333 
2 alleles
3.7% missing data
   1   (0.656) 0.624 0.638 0.801 
   0   (0.344) 0.376 0.362 0.199 

Locus 148 : Mnov_gtseq_334 
2 alleles
0.0% missing data
   0   (0.783) 0.768 0.831 0.681 
   1   (0.217) 0.232 0.169 0.319 

Locus 149 : Mnov_gtseq_335 
2 alleles
0.0% missing data
   1   (0.711) 0.614 0.782 0.611 
   0   (0.289) 0.386 0.218 0.389 

Locus 150 : Mnov_gtseq_337 
3 alleles
14.9% missing data
   1   (0.227) 0.145 0.206 0.425 
   0   (0.276) 0.159 0.334 0.215 
   2   (0.498) 0.697 0.460 0.361 

Locus 151 : Mnov_gtseq_339 
2 alleles
0.3% missing data
   0   (0.559) 0.528 0.599 0.466 
   1   (0.441) 0.472 0.401 0.534 

Locus 152 : Mnov_gtseq_340 
2 alleles
2.0% missing data
   0   (0.530) 0.625 0.495 0.530 
   1   (0.470) 0.375 0.505 0.470 

Locus 153 : Mnov_gtseq_341 
2 alleles
0.0% missing data
   1   (0.769) 0.752 0.743 0.918 
   0   (0.231) 0.248 0.257 0.082 

Locus 154 : Mnov_gtseq_342 
2 alleles
13.1% missing data
   0   (0.531) 0.625 0.539 0.346 
   1   (0.469) 0.375 0.461 0.654 

Locus 155 : Mnov_gtseq_344 
2 alleles
0.0% missing data
   0   (0.571) 0.736 0.517 0.514 
   1   (0.429) 0.264 0.483 0.486 

Locus 156 : Mnov_gtseq_345 
2 alleles
0.0% missing data
   0   (0.774) 0.637 0.792 0.918 
   1   (0.226) 0.363 0.208 0.082 

Locus 157 : Mnov_gtseq_347 
2 alleles
0.0% missing data
   1   (0.691) 0.704 0.671 0.794 
   0   (0.309) 0.296 0.329 0.206 

Locus 158 : Mnov_gtseq_350 
2 alleles
31.7% missing data
   0   (0.296) 0.298 0.243 0.487 
   1   (0.704) 0.702 0.757 0.513 

Locus 159 : Mnov_gtseq_352 
2 alleles
2.9% missing data
   0   (0.488) 0.500 0.486 0.484 
   1   (0.512) 0.500 0.514 0.516 

Locus 160 : Mnov_gtseq_353 
2 alleles
1.1% missing data
   0   (0.487) 0.533 0.488 0.400 
