

----------------------------------------------------
STRUCTURE by Pritchard, Stephens and Donnelly (2000)
     and Falush, Stephens and Pritchard (2003)
       Code by Pritchard, Falush and Hubisz
             Version 2.3.4 (Jul 2012)
----------------------------------------------------



Command line arguments:   structure -m wint.area.structureRun/wint.area.structureRun.k4.r3_mainparams -e wint.area.structureRun/wint.area.structureRun.k4.r3_extraparams -i wint.area.structureRun/wint.area.structureRun.k4.r3_data -o wint.area.structureRun/wint.area.structureRun.k4.r3_out 
Input File:    wint.area.structureRun/wint.area.structureRun.k4.r3_data

Run parameters:
   357 individuals
   328 loci
   4 populations assumed
   1000 Burn-in period
   10000 Reps


--------------------------------------------
Proportion of membership of each pre-defined
 population in each of the 4 clusters

Given    Inferred Clusters              Number of
 Pop       1      2      3      4      Individuals

  1:     0.128  0.279  0.203  0.390       80
  2:     0.452  0.198  0.198  0.152      126
  3:     0.190  0.311  0.216  0.283      115
  4:     0.301  0.283  0.221  0.195       27
  5:     0.070  0.082  0.763  0.085        9
--------------------------------------------

Allele-freq. divergence among pops (Net nucleotide distance),
computed using point estimates of P.

      1       2       3       4      
 1      -    0.0278  0.0314  0.0383  
 2   0.0278     -    0.0170  0.0164  
 3   0.0314  0.0170     -    0.0258  
 4   0.0383  0.0164  0.0258     -    

Average distances (expected heterozygosity) between individuals in same cluster:
cluster  1  : 0.3981 
cluster  2  : 0.4125 
cluster  3  : 0.4020 
cluster  4  : 0.4140 

--------------------------------------------
Estimated Ln Prob of Data   = -134235.2
Mean value of ln likelihood = -133376.8
Variance of ln likelihood   = 1716.8
Mean value of alpha         = 1.0000

Mean value of Fst_1         = 0.1255
Mean value of Fst_2         = 0.0658
Mean value of Fst_3         = 0.0867
Mean value of Fst_4         = 0.0884


Inferred ancestry of individuals:
        Label (%Miss) Pop:  Inferred clusters
  1   207778    (2)    2 :  0.451 0.255 0.135 0.159 
  2 z0005757    (7)    3 :  0.217 0.227 0.323 0.234 
  3 z0005758    (0)    3 :  0.088 0.449 0.155 0.308 
  4 z0011944    (0)    1 :  0.090 0.054 0.802 0.054 
  5 z0012702   (10)    4 :  0.658 0.113 0.166 0.063 
  6 z0016577    (2)    3 :  0.293 0.408 0.141 0.158 
  7 z0016578   (21)    1 :  0.064 0.329 0.245 0.362 
  8 z0016579    (1)    3 :  0.150 0.350 0.320 0.179 
  9 z0018264    (0)    1 :  0.124 0.058 0.752 0.066 
 10 z0029828    (2)    3 :  0.187 0.234 0.069 0.511 
 11 z0029829   (14)    1 :  0.122 0.188 0.080 0.610 
 12 z0029846   (14)    1 :  0.131 0.368 0.314 0.186 
 13 z0029860    (1)    3 :  0.113 0.309 0.088 0.490 
 14 z0029863    (2)    1 :  0.107 0.409 0.377 0.106 
 15 z0029864    (8)    1 :  0.106 0.326 0.297 0.271 
 16 z0029865   (13)    3 :  0.072 0.610 0.122 0.196 
 17 z0037607    (2)    3 :  0.211 0.363 0.281 0.145 
 18 z0037609   (25)    3 :  0.129 0.444 0.273 0.153 
 19 z0037624   (21)    1 :  0.182 0.417 0.135 0.265 
 20 z0038417    (8)    2 :  0.620 0.110 0.195 0.075 
 21 z0040275    (9)    2 :  0.462 0.157 0.304 0.077 
 22 z0040287    (3)    2 :  0.303 0.227 0.317 0.153 
 23 z0040308    (1)    2 :  0.556 0.274 0.070 0.100 
 24 z0040333    (1)    2 :  0.471 0.173 0.166 0.190 
 25 z0040334    (1)    2 :  0.740 0.064 0.134 0.062 
 26 z0040337    (6)    2 :  0.326 0.277 0.200 0.197 
 27 z0040345    (1)    2 :  0.596 0.151 0.202 0.051 
 28 z0040357    (5)    2 :  0.507 0.237 0.168 0.088 
 29 z0040363   (20)    2 :  0.478 0.159 0.117 0.246 
 30 z0040364    (0)    2 :  0.622 0.170 0.094 0.114 
 31 z0040387    (1)    2 :  0.568 0.160 0.130 0.142 
 32 z0040403   (15)    2 :  0.469 0.196 0.172 0.163 
 33 z0040413   (43)    2 :  0.434 0.275 0.185 0.106 
 34 z0040439    (0)    2 :  0.725 0.086 0.134 0.055 
 35 z0040465   (20)    2 :  0.319 0.347 0.153 0.181 
 36 z0040513   (17)    3 :  0.298 0.187 0.151 0.364 
 37 z0040961   (12)    2 :  0.359 0.123 0.388 0.130 
 38 z0040985   (16)    2 :  0.339 0.348 0.233 0.079 
 39 z0041026    (0)    2 :  0.620 0.079 0.112 0.189 
 40 z0041051   (28)    2 :  0.389 0.169 0.359 0.083 
 41 z0041115    (7)    2 :  0.546 0.127 0.131 0.196 
 42 z0041153   (23)    2 :  0.299 0.219 0.345 0.137 
 43 z0041233    (4)    2 :  0.330 0.330 0.153 0.187 
 44 z0041243    (1)    2 :  0.356 0.289 0.251 0.104 
 45 z0041248    (6)    2 :  0.573 0.122 0.154 0.152 
 46 z0041250    (1)    2 :  0.565 0.209 0.152 0.074 
 47 z0041274    (2)    2 :  0.388 0.211 0.267 0.134 
 48 z0041465   (15)    2 :  0.537 0.169 0.070 0.224 
 49 z0041472    (2)    2 :  0.538 0.140 0.090 0.232 
 50 z0041480   (10)    2 :  0.348 0.261 0.140 0.251 
 51 z0041483    (0)    2 :  0.608 0.131 0.167 0.095 
 52 z0041494   (12)    2 :  0.489 0.167 0.231 0.113 
 53 z0041498    (1)    2 :  0.477 0.104 0.204 0.215 
 54 z0041501    (1)    2 :  0.661 0.185 0.095 0.060 
 55 z0041507    (7)    2 :  0.549 0.168 0.154 0.130 
 56 z0041512    (0)    2 :  0.650 0.133 0.095 0.122 
 57 z0041522   (17)    2 :  0.497 0.148 0.157 0.198 
 58 z0041526    (1)    3 :  0.521 0.250 0.099 0.131 
 59 z0041527   (16)    2 :  0.469 0.240 0.127 0.164 
 60 z0043243    (2)    2 :  0.117 0.209 0.392 0.282 
 61 z0043278    (2)    2 :  0.653 0.068 0.189 0.090 
 62 z0043475   (17)    3 :  0.332 0.202 0.202 0.264 
 63 z0043477    (0)    2 :  0.404 0.311 0.184 0.101 
 64 z0043478    (2)    2 :  0.782 0.076 0.061 0.081 
 65 z0043481    (0)    2 :  0.529 0.161 0.187 0.123 
 66 z0043489    (7)    2 :  0.632 0.111 0.197 0.060 
 67 z0043491   (13)    2 :  0.406 0.210 0.267 0.117 
 68 z0043493    (3)    2 :  0.326 0.407 0.207 0.060 
 69 z0043494    (2)    2 :  0.322 0.249 0.300 0.129 
 70 z0043498    (2)    2 :  0.649 0.073 0.102 0.177 
 71 z0043504    (7)    2 :  0.326 0.349 0.234 0.092 
 72 z0043526    (3)    4 :  0.333 0.286 0.233 0.148 
 73 z0043566    (3)    2 :  0.470 0.264 0.156 0.110 
 74 z0043572    (0)    2 :  0.537 0.177 0.108 0.178 
 75 z0043599    (5)    2 :  0.362 0.319 0.163 0.156 
 76 z0043642    (1)    2 :  0.326 0.273 0.161 0.239 
 77 z0043649    (1)    2 :  0.619 0.144 0.153 0.083 
 78 z0043652    (1)    2 :  0.266 0.310 0.283 0.141 
 79 z0043668    (1)    2 :  0.284 0.150 0.262 0.305 
 80 z0043674    (1)    4 :  0.068 0.346 0.237 0.348 
 81 z0043686    (1)    2 :  0.348 0.168 0.297 0.186 
 82 z0043693    (1)    2 :  0.369 0.202 0.181 0.249 
 83 z0043704   (15)    2 :  0.637 0.177 0.109 0.077 
 84 z0043807    (1)    2 :  0.460 0.165 0.146 0.228 
 85 z0043819    (1)    2 :  0.198 0.345 0.274 0.183 
 86 z0043876    (7)    2 :  0.239 0.393 0.104 0.263 
 87 z0043877   (33)    2 :  0.392 0.237 0.146 0.225 
 88 z0043891   (21)    4 :  0.195 0.235 0.315 0.256 
 89 z0043915   (33)    2 :  0.235 0.129 0.448 0.188 
 90 z0043940   (10)    2 :  0.096 0.501 0.283 0.119 
 91 z0043954    (2)    2 :  0.277 0.217 0.353 0.153 
 92 z0043966    (5)    2 :  0.623 0.110 0.116 0.150 
 93 z0043980    (0)    2 :  0.378 0.125 0.190 0.308 
 94 z0043994    (1)    3 :  0.666 0.073 0.168 0.093 
 95 z0044017   (12)    2 :  0.328 0.147 0.415 0.110 
 96 z0044019   (14)    2 :  0.451 0.161 0.166 0.223 
 97 z0044023   (36)    2 :  0.710 0.085 0.063 0.143 
 98 z0044033    (0)    2 :  0.812 0.053 0.059 0.077 
 99 z0044042    (3)    2 :  0.645 0.084 0.118 0.153 
100 z0044047   (25)    2 :  0.494 0.210 0.209 0.087 
101 z0044064   (13)    2 :  0.378 0.206 0.334 0.083 
102 z0044432   (14)    2 :  0.320 0.198 0.189 0.293 
103 z0045326    (0)    3 :  0.157 0.457 0.080 0.306 
104 z0045331    (5)    1 :  0.170 0.232 0.221 0.378 
105 z0045332    (2)    1 :  0.202 0.265 0.304 0.230 
106 z0045333    (6)    1 :  0.116 0.294 0.130 0.460 
107 z0045337    (5)    1 :  0.138 0.130 0.147 0.585 
108 z0045342   (13)    1 :  0.190 0.162 0.137 0.512 
109 z0045347    (1)    3 :  0.144 0.416 0.315 0.124 
110 z0045350    (0)    1 :  0.125 0.276 0.419 0.180 
111 z0045370    (1)    1 :  0.045 0.270 0.093 0.592 
112 z0045371    (1)    3 :  0.192 0.433 0.211 0.163 
113 z0045398    (1)    3 :  0.064 0.571 0.124 0.241 
114 z0045399    (1)    3 :  0.067 0.179 0.469 0.285 
115 z0045401   (26)    1 :  0.157 0.348 0.219 0.276 
116 z0045404    (0)    3 :  0.069 0.406 0.112 0.413 
117 z0045405    (5)    3 :  0.076 0.518 0.248 0.158 
118 z0045407    (2)    3 :  0.103 0.428 0.325 0.144 
119 z0045719    (0)    2 :  0.588 0.168 0.138 0.105 
120 z0045720    (1)    2 :  0.346 0.273 0.239 0.142 
121 z0045728    (1)    2 :  0.586 0.146 0.124 0.145 
122 z0045731    (1)    2 :  0.358 0.370 0.180 0.091 
123 z0045733    (0)    2 :  0.333 0.174 0.250 0.244 
124 z0045736    (1)    2 :  0.239 0.261 0.351 0.150 
125 z0045739    (1)    2 :  0.197 0.410 0.199 0.195 
126 z0045740    (1)    2 :  0.626 0.184 0.114 0.075 
127 z0045741    (0)    2 :  0.556 0.244 0.115 0.086 
128 z0045742    (0)    2 :  0.495 0.195 0.091 0.219 
129 z0045776    (1)    3 :  0.376 0.259 0.229 0.136 
130 z0045779    (0)    2 :  0.692 0.092 0.103 0.114 
131 z0045781    (0)    2 :  0.491 0.289 0.140 0.081 
132 z0045788    (5)    2 :  0.662 0.099 0.165 0.074 
133 z0045789    (2)    2 :  0.627 0.094 0.174 0.106 
134 z0045791    (5)    2 :  0.504 0.099 0.270 0.127 
135 z0045792   (23)    1 :  0.297 0.252 0.148 0.303 
136 z0045793    (0)    3 :  0.241 0.097 0.072 0.590 
137 z0047562   (15)    2 :  0.484 0.138 0.242 0.136 
138 z0047854    (1)    2 :  0.411 0.260 0.225 0.105 
139 z0051185    (1)    1 :  0.070 0.493 0.130 0.307 
140 z0051324    (6)    1 :  0.088 0.172 0.167 0.573 
141 z0051326    (0)    1 :  0.088 0.215 0.166 0.531 
142 z0051327    (4)    3 :  0.333 0.351 0.153 0.162 
143 z0051328    (3)    1 :  0.167 0.236 0.104 0.493 
144 z0051380    (0)    1 :  0.048 0.444 0.145 0.363 
145 z0051400    (0)    3 :  0.211 0.244 0.169 0.376 
146 z0051431   (23)    3 :  0.363 0.368 0.125 0.144 
147 z0051840   (34)    2 :  0.479 0.072 0.256 0.193 
148 z0051844   (27)    2 :  0.407 0.183 0.331 0.078 
149 z0051875   (29)    3 :  0.144 0.303 0.150 0.403 
150 z0051885    (8)    3 :  0.501 0.230 0.132 0.136 
151 z0051888    (1)    2 :  0.438 0.085 0.073 0.404 
152 z0051891    (1)    1 :  0.200 0.386 0.192 0.221 
153 z0051893    (4)    1 :  0.143 0.161 0.142 0.555 
154 z0051895    (0)    3 :  0.137 0.182 0.100 0.581 
155 z0051918    (1)    3 :  0.356 0.139 0.435 0.070 
156 z0051929    (1)    1 :  0.119 0.339 0.089 0.452 
157 z0051939   (12)    3 :  0.341 0.217 0.195 0.247 
158 z0051947    (3)    1 :  0.109 0.102 0.105 0.684 
159 z0051959    (2)    3 :  0.227 0.418 0.222 0.132 
160 z0052846    (0)    4 :  0.321 0.325 0.156 0.197 
161 z0052882    (1)    2 :  0.348 0.151 0.198 0.303 
162 z0053020   (22)    2 :  0.360 0.315 0.256 0.069 
163 z0053024   (13)    2 :  0.273 0.327 0.179 0.221 
164 z0053025    (5)    2 :  0.666 0.205 0.081 0.048 
165 z0053031    (0)    2 :  0.292 0.233 0.296 0.180 
166 z0053032    (1)    2 :  0.379 0.242 0.215 0.164 
167 z0053040    (5)    2 :  0.357 0.233 0.252 0.157 
168 z0053051    (1)    3 :  0.103 0.393 0.258 0.246 
169 z0053054    (6)    3 :  0.107 0.402 0.162 0.329 
170 z0053071    (3)    2 :  0.592 0.126 0.094 0.188 
171 z0053073    (2)    2 :  0.164 0.421 0.241 0.174 
172 z0053078    (1)    3 :  0.310 0.097 0.547 0.046 
173 z0053082    (2)    3 :  0.496 0.166 0.135 0.204 
174 z0053083   (12)    2 :  0.398 0.233 0.211 0.158 
175 z0053090   (11)    3 :  0.457 0.235 0.224 0.084 
176 z0053096    (0)    2 :  0.561 0.076 0.295 0.068 
177 z0053100    (8)    2 :  0.500 0.213 0.171 0.117 
178 z0053101    (0)    2 :  0.385 0.094 0.419 0.102 
179 z0053102    (9)    2 :  0.507 0.153 0.169 0.170 
180 z0053103    (1)    2 :  0.723 0.126 0.067 0.084 
181 z0053111    (2)    3 :  0.154 0.348 0.239 0.259 
182 z0053131    (0)    2 :  0.401 0.177 0.158 0.264 
183 z0053132    (0)    2 :  0.322 0.089 0.525 0.064 
184 z0053133    (1)    2 :  0.164 0.254 0.365 0.217 
185 z0053138    (0)    2 :  0.286 0.369 0.094 0.252 
186 z0053142    (3)    2 :  0.483 0.164 0.157 0.196 
187 z0053149    (1)    2 :  0.498 0.163 0.238 0.101 
188 z0053754    (1)    1 :  0.123 0.361 0.274 0.242 
189 z0053756    (2)    1 :  0.109 0.347 0.335 0.209 
190 z0053758   (17)    1 :  0.062 0.109 0.247 0.582 
191 z0053759    (1)    1 :  0.092 0.268 0.163 0.476 
192 z0053760    (0)    1 :  0.118 0.381 0.286 0.215 
193 z0053842    (2)    1 :  0.125 0.711 0.071 0.092 
194 z0053843    (6)    1 :  0.107 0.100 0.092 0.701 
195 z0053844    (9)    1 :  0.154 0.366 0.120 0.359 
196 z0053846    (3)    1 :  0.059 0.063 0.078 0.800 
197 z0053847    (1)    1 :  0.158 0.064 0.120 0.659 
198 z0053849    (1)    1 :  0.126 0.549 0.198 0.127 
199 z0055903    (1)    4 :  0.197 0.352 0.316 0.135 
200 z0055910   (35)    4 :  0.343 0.239 0.222 0.197 
201 z0055912    (7)    4 :  0.263 0.208 0.433 0.096 
202 z0055916   (17)    4 :  0.158 0.542 0.158 0.142 
203 z0055931    (4)    4 :  0.645 0.117 0.128 0.109 
204 z0055944    (4)    4 :  0.266 0.336 0.211 0.186 
205 z0055947   (10)    4 :  0.219 0.434 0.205 0.143 
206 z0055962    (6)    4 :  0.309 0.425 0.148 0.118 
207 z0055963   (21)    4 :  0.344 0.143 0.226 0.287 
208 z0055965   (26)    4 :  0.086 0.202 0.478 0.234 
209 z0055970   (16)    4 :  0.352 0.294 0.141 0.213 
210 z0055971    (8)    4 :  0.251 0.201 0.219 0.329 
211 z0055977    (6)    4 :  0.463 0.203 0.179 0.155 
212 z0055986   (21)    4 :  0.191 0.332 0.134 0.343 
213 z0055990    (7)    4 :  0.513 0.182 0.184 0.121 
214 z0055996    (3)    4 :  0.319 0.291 0.099 0.291 
215 z0055997    (4)    4 :  0.432 0.177 0.124 0.266 
216 z0055998    (5)    4 :  0.164 0.326 0.380 0.130 
217 z0055999    (3)    4 :  0.140 0.182 0.301 0.376 
218 z0056011    (9)    4 :  0.154 0.518 0.218 0.110 
219 z0056029    (5)    4 :  0.269 0.371 0.176 0.184 
220 z0056034    (2)    4 :  0.476 0.259 0.192 0.074 
221 z0056056   (26)    3 :  0.207 0.325 0.220 0.247 
222 z0056058    (5)    3 :  0.057 0.306 0.151 0.486 
223 z0056059    (8)    3 :  0.128 0.314 0.368 0.190 
224 z0056062    (1)    3 :  0.284 0.228 0.279 0.209 
225 z0056063    (4)    3 :  0.162 0.295 0.236 0.307 
226 z0056064    (0)    3 :  0.127 0.193 0.389 0.290 
227 z0056065    (0)    3 :  0.109 0.234 0.204 0.453 
228 z0056069    (1)    3 :  0.384 0.250 0.217 0.149 
229 z0056073    (0)    3 :  0.086 0.548 0.099 0.267 
230 z0056076    (5)    3 :  0.214 0.053 0.238 0.495 
231 z0056079   (10)    3 :  0.060 0.548 0.172 0.220 
232 z0056085    (1)    3 :  0.112 0.220 0.205 0.463 
233 z0056092    (1)    3 :  0.110 0.268 0.334 0.287 
234 z0056095    (1)    3 :  0.106 0.165 0.377 0.352 
235 z0056103    (8)    3 :  0.073 0.382 0.265 0.280 
236 z0056374    (8)    1 :  0.068 0.450 0.166 0.317 
237 z0056375    (0)    1 :  0.097 0.246 0.156 0.501 
238 z0056377    (0)    1 :  0.101 0.551 0.179 0.169 
239 z0056378    (2)    1 :  0.190 0.130 0.085 0.595 
240 z0056382    (1)    1 :  0.069 0.073 0.107 0.751 
241 z0056384    (3)    1 :  0.140 0.184 0.302 0.374 
242 z0056386    (8)    1 :  0.062 0.123 0.127 0.688 
243 z0056389    (1)    1 :  0.052 0.117 0.139 0.692 
244 z0056391    (2)    1 :  0.024 0.123 0.041 0.812 
245 z0056392   (12)    1 :  0.094 0.386 0.077 0.443 
246 z0056393    (9)    1 :  0.157 0.470 0.198 0.176 
247 z0056394    (1)    1 :  0.088 0.522 0.083 0.307 
248 z0056395    (2)    1 :  0.171 0.443 0.195 0.191 
249 z0056397    (1)    1 :  0.279 0.371 0.217 0.134 
250 z0061527    (3)    3 :  0.460 0.240 0.142 0.157 
251 z0061967    (1)    3 :  0.251 0.343 0.129 0.277 
252 z0061969    (1)    3 :  0.367 0.359 0.069 0.204 
253 z0061980    (1)    1 :  0.249 0.215 0.138 0.398 
254 z0066166    (3)    3 :  0.126 0.356 0.204 0.314 
255 z0066792    (2)    1 :  0.078 0.056 0.725 0.140 
256 z0066805    (2)    1 :  0.089 0.061 0.778 0.072 
257 z0068471    (3)    3 :  0.114 0.281 0.256 0.350 
258 z0075696    (7)    5 :  0.079 0.062 0.794 0.066 
259 z0101084    (8)    1 :  0.117 0.129 0.080 0.674 
260 z0107099    (3)    3 :  0.041 0.288 0.085 0.586 
261 z0107101    (0)    1 :  0.041 0.060 0.055 0.844 
262 z0108489    (1)    1 :  0.259 0.327 0.212 0.202 
263 z0108513    (0)    1 :  0.128 0.125 0.063 0.684 
264 z0108528    (1)    3 :  0.261 0.367 0.158 0.213 
265 z0113628    (2)    3 :  0.171 0.353 0.349 0.127 
266 z0133302   (18)    1 :  0.229 0.124 0.157 0.490 
267 z0173485    (0)    1 :  0.299 0.352 0.164 0.185 
268 z0175371    (1)    3 :  0.236 0.215 0.450 0.099 
269 z0175378    (0)    2 :  0.673 0.101 0.070 0.156 
270 z0175912    (6)    1 :  0.130 0.440 0.178 0.253 
271 z0175916    (3)    1 :  0.341 0.169 0.278 0.212 
272 z0175937    (1)    1 :  0.108 0.300 0.135 0.457 
273 z0178348   (13)    1 :  0.100 0.481 0.120 0.300 
274 z0187857    (3)    1 :  0.141 0.187 0.078 0.595 
275 z0187860    (0)    1 :  0.215 0.337 0.190 0.257 
276 z0187885    (0)    2 :  0.344 0.116 0.394 0.146 
277 z0187906   (10)    1 :  0.151 0.197 0.447 0.204 
278 z0195655    (0)    2 :  0.720 0.099 0.082 0.099 
279 z0195663    (1)    3 :  0.474 0.274 0.173 0.079 
280 z0195683    (1)    3 :  0.116 0.248 0.107 0.528 
281 z0195687   (22)    3 :  0.060 0.367 0.169 0.403 
282 z0195688    (0)    2 :  0.309 0.183 0.366 0.142 
283 z0195691    (1)    3 :  0.095 0.447 0.383 0.075 
284 z0195699    (0)    3 :  0.120 0.563 0.123 0.195 
285 z0195701    (8)    3 :  0.137 0.163 0.161 0.539 
286 z0195702    (0)    3 :  0.195 0.277 0.325 0.204 
287 z0195704    (1)    3 :  0.197 0.248 0.227 0.328 
288 z0195705    (1)    3 :  0.443 0.359 0.138 0.061 
289 z0195711    (0)    3 :  0.070 0.367 0.430 0.132 
290 z0195716    (0)    3 :  0.123 0.224 0.376 0.277 
291 z0195718   (13)    3 :  0.070 0.175 0.295 0.460 
292 z0195725    (5)    3 :  0.285 0.424 0.119 0.172 
293 z0195726   (17)    1 :  0.103 0.647 0.159 0.091 
294 z0195728   (14)    3 :  0.043 0.143 0.087 0.727 
295 z0195732   (16)    3 :  0.065 0.554 0.130 0.251 
296 z0195737    (1)    3 :  0.402 0.140 0.221 0.237 
297 z0195740   (30)    3 :  0.140 0.556 0.140 0.165 
298 z0195751    (1)    3 :  0.095 0.229 0.098 0.578 
299 z0195762    (2)    3 :  0.079 0.261 0.408 0.253 
300 z0195784    (0)    3 :  0.080 0.227 0.223 0.471 
301 z0196686    (0)    5 :  0.032 0.037 0.885 0.045 
302 z0196687    (0)    5 :  0.086 0.083 0.763 0.068 
303 z0196689    (1)    5 :  0.080 0.072 0.796 0.052 
304 z0196690    (3)    5 :  0.050 0.052 0.697 0.202 
305 z0196691    (9)    5 :  0.060 0.096 0.782 0.062 
306 z0196692    (1)    5 :  0.096 0.122 0.675 0.107 
307 z0196693    (2)    5 :  0.057 0.118 0.724 0.100 
308 z0196694    (3)    5 :  0.086 0.095 0.754 0.065 
309 z0196710    (0)    3 :  0.257 0.297 0.256 0.190 
310 z0196715   (23)    3 :  0.071 0.511 0.112 0.305 
311 z0196719    (0)    3 :  0.145 0.509 0.144 0.202 
312 z0196724   (20)    3 :  0.177 0.364 0.105 0.354 
313 z0196725    (1)    3 :  0.105 0.219 0.263 0.413 
314 z0196729    (3)    3 :  0.199 0.341 0.160 0.301 
315 z0196730    (3)    1 :  0.108 0.112 0.315 0.465 
316 z0196731    (1)    3 :  0.058 0.415 0.176 0.351 
317 z0196733   (17)    1 :  0.074 0.536 0.123 0.267 
318 z0196734    (2)    3 :  0.253 0.350 0.144 0.253 
319 z0196739   (18)    3 :  0.275 0.226 0.106 0.394 
320 z0196740   (10)    3 :  0.113 0.343 0.241 0.303 
321 z0196746    (3)    1 :  0.135 0.109 0.168 0.587 
322 z0196751    (0)    3 :  0.195 0.180 0.230 0.394 
323 z0196752    (0)    3 :  0.079 0.118 0.516 0.287 
324 z0196754    (0)    3 :  0.135 0.251 0.134 0.480 
325 z0196758    (2)    1 :  0.111 0.267 0.234 0.388 
326 z0196763    (2)    3 :  0.114 0.509 0.195 0.183 
327 z0196764    (1)    3 :  0.177 0.359 0.214 0.251 
328 z0196766    (0)    3 :  0.150 0.209 0.238 0.403 
329 z0196769    (1)    3 :  0.106 0.204 0.190 0.500 
330 z0196774    (1)    3 :  0.089 0.125 0.328 0.457 
331 z0196783    (0)    1 :  0.035 0.066 0.062 0.838 
332 z0196794    (2)    1 :  0.050 0.070 0.136 0.743 
333 z0196804   (15)    1 :  0.112 0.432 0.139 0.317 
334 z0196809   (15)    3 :  0.066 0.540 0.242 0.152 
335 z0196810    (2)    1 :  0.114 0.425 0.267 0.194 
336 z0196811    (1)    1 :  0.050 0.655 0.110 0.185 
337 z0196824    (0)    3 :  0.268 0.228 0.288 0.215 
338 z0196825    (1)    3 :  0.238 0.396 0.085 0.281 
339 z0196828    (1)    2 :  0.155 0.405 0.142 0.297 
340 z0196829    (0)    3 :  0.125 0.612 0.144 0.118 
341 z0196834   (28)    3 :  0.234 0.229 0.176 0.362 
342 z0196835    (0)    3 :  0.141 0.218 0.049 0.592 
343 z0196838    (2)    1 :  0.060 0.558 0.226 0.157 
344 z0196841   (22)    3 :  0.095 0.146 0.297 0.463 
345 z0196843   (27)    3 :  0.106 0.390 0.149 0.356 
346 z0196849    (1)    3 :  0.128 0.305 0.166 0.401 
347 z0196852    (1)    2 :  0.280 0.217 0.364 0.140 
348 z0196855    (0)    2 :  0.234 0.331 0.260 0.175 
349 z0196856    (1)    3 :  0.181 0.387 0.298 0.134 
350 z0196857    (0)    2 :  0.420 0.092 0.073 0.415 
351 z0196864    (2)    3 :  0.346 0.355 0.196 0.103 
352 z0196894    (0)    3 :  0.071 0.459 0.250 0.220 
353 z0197662    (3)    1 :  0.280 0.380 0.183 0.157 
354 z0197665    (2)    1 :  0.097 0.101 0.217 0.585 
355 z0197668   (20)    3 :  0.133 0.245 0.478 0.144 
356 z0197669    (1)    3 :  0.331 0.239 0.274 0.155 
357 z0197672    (1)    3 :  0.188 0.178 0.204 0.430 


Estimated Allele Frequencies in each cluster
First column gives estimated ancestral frequencies


Locus 1 : HI.v.HI.SEAK 
5 alleles
66.2% missing data
   0   (0.213) 0.210 0.136 0.283 0.123 
   4   (0.401) 0.052 0.598 0.342 0.639 
   1   (0.177) 0.668 0.110 0.150 0.066 
   2   (0.054) 0.039 0.027 0.030 0.017 
   3   (0.155) 0.032 0.130 0.195 0.155 

Locus 2 : Mnov_gtseq_1 
2 alleles
0.0% missing data
   0   (0.415) 0.344 0.449 0.435 0.363 
   1   (0.585) 0.656 0.551 0.565 0.637 

Locus 3 : Mnov_gtseq_10 
2 alleles
0.3% missing data
   0   (0.806) 0.935 0.751 0.905 0.708 
   1   (0.194) 0.065 0.249 0.095 0.292 

Locus 4 : Mnov_gtseq_102 
2 alleles
0.8% missing data
   0   (0.566) 0.712 0.617 0.548 0.429 
   1   (0.434) 0.288 0.383 0.452 0.571 

Locus 5 : Mnov_gtseq_104 
2 alleles
0.3% missing data
   0   (0.856) 0.948 0.865 0.946 0.713 
   1   (0.144) 0.052 0.135 0.054 0.287 

Locus 6 : Mnov_gtseq_106 
2 alleles
15.4% missing data
   1   (0.755) 0.793 0.795 0.713 0.809 
   0   (0.245) 0.207 0.205 0.287 0.191 

Locus 7 : Mnov_gtseq_107 
2 alleles
37.8% missing data
   1   (0.221) 0.467 0.206 0.123 0.167 
   0   (0.779) 0.533 0.794 0.877 0.833 

Locus 8 : Mnov_gtseq_111 
2 alleles
39.2% missing data
   1   (0.705) 0.506 0.803 0.829 0.568 
   0   (0.295) 0.494 0.197 0.171 0.432 

Locus 9 : Mnov_gtseq_112 
2 alleles
1.1% missing data
   0   (0.601) 0.719 0.573 0.411 0.760 
   1   (0.399) 0.281 0.427 0.589 0.240 

Locus 10 : Mnov_gtseq_113 
2 alleles
1.7% missing data
   1   (0.705) 0.675 0.738 0.659 0.796 
   0   (0.295) 0.325 0.262 0.341 0.204 

Locus 11 : Mnov_gtseq_114 
2 alleles
4.5% missing data
   0   (0.542) 0.322 0.653 0.513 0.581 
   1   (0.458) 0.678 0.347 0.487 0.419 

Locus 12 : Mnov_gtseq_117 
2 alleles
27.2% missing data
   0   (0.630) 0.831 0.603 0.637 0.535 
   1   (0.370) 0.169 0.397 0.363 0.465 

Locus 13 : Mnov_gtseq_118 
2 alleles
8.1% missing data
   0   (0.718) 0.859 0.768 0.755 0.530 
   1   (0.282) 0.141 0.232 0.245 0.470 

Locus 14 : Mnov_gtseq_12 
2 alleles
0.3% missing data
   0   (0.464) 0.259 0.419 0.625 0.498 
   1   (0.536) 0.741 0.581 0.375 0.502 

Locus 15 : Mnov_gtseq_124 
2 alleles
4.8% missing data
   1   (0.767) 0.875 0.724 0.875 0.691 
   0   (0.233) 0.125 0.276 0.125 0.309 

Locus 16 : Mnov_gtseq_125 
2 alleles
1.1% missing data
   1   (0.903) 0.669 0.897 0.954 0.984 
   0   (0.097) 0.331 0.103 0.046 0.016 

Locus 17 : Mnov_gtseq_126 
2 alleles
0.0% missing data
   0   (0.343) 0.327 0.409 0.514 0.125 
   1   (0.657) 0.673 0.591 0.486 0.875 

Locus 18 : Mnov_gtseq_127 
2 alleles
7.0% missing data
   0   (0.616) 0.459 0.603 0.655 0.726 
   1   (0.384) 0.541 0.397 0.345 0.274 

Locus 19 : Mnov_gtseq_128 
2 alleles
31.4% missing data
   0   (0.691) 0.679 0.680 0.637 0.821 
   1   (0.309) 0.321 0.320 0.363 0.179 

Locus 20 : Mnov_gtseq_129 
2 alleles
2.0% missing data
   0   (0.499) 0.621 0.581 0.351 0.470 
   1   (0.501) 0.379 0.419 0.649 0.530 

Locus 21 : Mnov_gtseq_13 
2 alleles
0.0% missing data
   0   (0.578) 0.600 0.469 0.792 0.488 
   1   (0.422) 0.400 0.531 0.208 0.512 

Locus 22 : Mnov_gtseq_130 
2 alleles
28.9% missing data
   1   (0.519) 0.439 0.514 0.634 0.453 
   0   (0.481) 0.561 0.486 0.366 0.547 

Locus 23 : Mnov_gtseq_135 
2 alleles
0.6% missing data
   1   (0.453) 0.563 0.446 0.384 0.450 
   0   (0.547) 0.437 0.554 0.616 0.550 

Locus 24 : Mnov_gtseq_138 
2 alleles
0.6% missing data
   0   (0.473) 0.400 0.568 0.440 0.411 
   1   (0.527) 0.600 0.432 0.560 0.589 

Locus 25 : Mnov_gtseq_140 
2 alleles
1.1% missing data
   0   (0.434) 0.631 0.474 0.251 0.426 
   1   (0.566) 0.369 0.526 0.749 0.574 

Locus 26 : Mnov_gtseq_141 
2 alleles
0.3% missing data
   0   (0.554) 0.559 0.539 0.422 0.711 
   1   (0.446) 0.441 0.461 0.578 0.289 

Locus 27 : Mnov_gtseq_143 
2 alleles
2.8% missing data
   1   (0.556) 0.488 0.636 0.414 0.659 
   0   (0.444) 0.512 0.364 0.586 0.341 

Locus 28 : Mnov_gtseq_145 
2 alleles
2.0% missing data
   0   (0.457) 0.473 0.400 0.380 0.590 
   1   (0.543) 0.527 0.600 0.620 0.410 

Locus 29 : Mnov_gtseq_147 
2 alleles
26.3% missing data
   0   (0.790) 0.476 0.912 0.774 0.833 
   1   (0.210) 0.524 0.088 0.226 0.167 

Locus 30 : Mnov_gtseq_148 
2 alleles
9.2% missing data
   0   (0.309) 0.131 0.359 0.430 0.222 
   1   (0.691) 0.869 0.641 0.570 0.778 

Locus 31 : Mnov_gtseq_149 
2 alleles
0.6% missing data
   0   (0.602) 0.555 0.689 0.564 0.580 
   1   (0.398) 0.445 0.311 0.436 0.420 

Locus 32 : Mnov_gtseq_15 
2 alleles
0.0% missing data
   0   (0.475) 0.400 0.408 0.481 0.588 
   1   (0.525) 0.600 0.592 0.519 0.412 

Locus 33 : Mnov_gtseq_152 
2 alleles
0.8% missing data
   0   (0.330) 0.389 0.265 0.292 0.372 
   1   (0.670) 0.611 0.735 0.708 0.628 

Locus 34 : Mnov_gtseq_154 
2 alleles
3.4% missing data
   0   (0.554) 0.411 0.571 0.582 0.621 
   1   (0.446) 0.589 0.429 0.418 0.379 

Locus 35 : Mnov_gtseq_155 
2 alleles
41.7% missing data
   0   (0.655) 0.698 0.675 0.659 0.670 
   1   (0.345) 0.302 0.325 0.341 0.330 

Locus 36 : Mnov_gtseq_157 
2 alleles
0.6% missing data
   1   (0.552) 0.638 0.546 0.522 0.553 
   0   (0.448) 0.362 0.454 0.478 0.447 

Locus 37 : Mnov_gtseq_158 
2 alleles
0.6% missing data
   0   (0.399) 0.074 0.397 0.412 0.701 
   1   (0.601) 0.926 0.603 0.588 0.299 

Locus 38 : Mnov_gtseq_159 
2 alleles
24.6% missing data
   0   (0.604) 0.420 0.717 0.511 0.700 
   1   (0.396) 0.580 0.283 0.489 0.300 

Locus 39 : Mnov_gtseq_16 
2 alleles
0.0% missing data
   0   (0.636) 0.540 0.587 0.762 0.673 
   1   (0.364) 0.460 0.413 0.238 0.327 

Locus 40 : Mnov_gtseq_160 
2 alleles
2.5% missing data
   0   (0.499) 0.394 0.598 0.445 0.479 
   1   (0.501) 0.606 0.402 0.555 0.521 

Locus 41 : Mnov_gtseq_161 
2 alleles
2.0% missing data
   1   (0.752) 0.810 0.789 0.805 0.709 
   0   (0.248) 0.190 0.211 0.195 0.291 

Locus 42 : Mnov_gtseq_162 
2 alleles
2.2% missing data
   1   (0.423) 0.486 0.370 0.267 0.604 
   0   (0.577) 0.514 0.630 0.733 0.396 

Locus 43 : Mnov_gtseq_167 
2 alleles
1.1% missing data
   1   (0.786) 0.882 0.802 0.832 0.731 
   0   (0.214) 0.118 0.198 0.168 0.269 

Locus 44 : Mnov_gtseq_17 
2 alleles
0.0% missing data
   0   (0.513) 0.476 0.401 0.554 0.645 
   1   (0.487) 0.524 0.599 0.446 0.355 

Locus 45 : Mnov_gtseq_170 
2 alleles
0.0% missing data
   0   (0.315) 0.219 0.338 0.340 0.254 
   1   (0.685) 0.781 0.662 0.660 0.746 

Locus 46 : Mnov_gtseq_171 
2 alleles
42.0% missing data
   1   (0.688) 0.728 0.726 0.774 0.566 
   0   (0.312) 0.272 0.274 0.226 0.434 

Locus 47 : Mnov_gtseq_173 
2 alleles
21.8% missing data
   1   (0.480) 0.726 0.400 0.649 0.254 
   0   (0.520) 0.274 0.600 0.351 0.746 

Locus 48 : Mnov_gtseq_174 
2 alleles
2.8% missing data
   0   (0.290) 0.456 0.210 0.267 0.258 
   1   (0.710) 0.544 0.790 0.733 0.742 

Locus 49 : Mnov_gtseq_180 
2 alleles
14.0% missing data
   0   (0.638) 0.907 0.706 0.354 0.598 
   1   (0.362) 0.093 0.294 0.646 0.402 

Locus 50 : Mnov_gtseq_182 
2 alleles
9.0% missing data
   0   (0.824) 0.829 0.871 0.931 0.684 
   1   (0.176) 0.171 0.129 0.069 0.316 

Locus 51 : Mnov_gtseq_186 
2 alleles
27.7% missing data
   0   (0.523) 0.470 0.513 0.567 0.537 
   1   (0.477) 0.530 0.487 0.433 0.463 

Locus 52 : Mnov_gtseq_187 
2 alleles
7.6% missing data
   1   (0.572) 0.722 0.523 0.517 0.614 
   0   (0.428) 0.278 0.477 0.483 0.386 

Locus 53 : Mnov_gtseq_188 
2 alleles
13.4% missing data
   0   (0.570) 0.638 0.384 0.822 0.485 
   1   (0.430) 0.362 0.616 0.178 0.515 

Locus 54 : Mnov_gtseq_189 
2 alleles
3.6% missing data
   0   (0.444) 0.487 0.471 0.248 0.588 
   1   (0.556) 0.513 0.529 0.752 0.412 

Locus 55 : Mnov_gtseq_19 
2 alleles
0.0% missing data
   1   (0.929) 0.805 0.979 0.877 0.991 
   0   (0.071) 0.195 0.021 0.123 0.009 

Locus 56 : Mnov_gtseq_190 
2 alleles
0.0% missing data
   1   (0.416) 0.343 0.457 0.419 0.373 
   0   (0.584) 0.657 0.543 0.581 0.627 

Locus 57 : Mnov_gtseq_191 
2 alleles
26.3% missing data
   0   (0.885) 0.988 0.852 0.849 0.916 
   1   (0.115) 0.012 0.148 0.151 0.084 

Locus 58 : Mnov_gtseq_192 
2 alleles
21.0% missing data
   0   (0.812) 0.811 0.839 0.893 0.792 
   1   (0.188) 0.189 0.161 0.107 0.208 

Locus 59 : Mnov_gtseq_193 
2 alleles
0.0% missing data
   0   (0.706) 0.784 0.755 0.612 0.750 
   1   (0.294) 0.216 0.245 0.388 0.250 

Locus 60 : Mnov_gtseq_195 
2 alleles
0.0% missing data
   0   (0.553) 0.523 0.554 0.718 0.411 
   1   (0.447) 0.477 0.446 0.282 0.589 

Locus 61 : Mnov_gtseq_196 
2 alleles
0.3% missing data
   0   (0.324) 0.133 0.247 0.400 0.468 
   1   (0.676) 0.867 0.753 0.600 0.532 

Locus 62 : Mnov_gtseq_197 
3 alleles
0.3% missing data
   1   (0.390) 0.298 0.334 0.403 0.453 
   0   (0.428) 0.631 0.519 0.219 0.446 
   2   (0.182) 0.070 0.147 0.378 0.101 

Locus 63 : Mnov_gtseq_2 
2 alleles
0.3% missing data
   0   (0.198) 0.230 0.269 0.187 0.061 
   1   (0.802) 0.770 0.731 0.813 0.939 

Locus 64 : Mnov_gtseq_200 
2 alleles
2.8% missing data
   0   (0.409) 0.666 0.410 0.301 0.324 
   1   (0.591) 0.334 0.590 0.699 0.676 

Locus 65 : Mnov_gtseq_201 
2 alleles
0.0% missing data
   0   (0.866) 0.981 0.879 0.886 0.755 
   1   (0.134) 0.019 0.121 0.114 0.245 

Locus 66 : Mnov_gtseq_202 
2 alleles
0.0% missing data
   0   (0.429) 0.570 0.447 0.296 0.424 
   1   (0.571) 0.430 0.553 0.704 0.576 

Locus 67 : Mnov_gtseq_204 
2 alleles
3.9% missing data
   0   (0.447) 0.545 0.359 0.456 0.469 
   1   (0.553) 0.455 0.641 0.544 0.531 

Locus 68 : Mnov_gtseq_205 
3 alleles
0.0% missing data
   0   (0.226) 0.211 0.180 0.191 0.278 
   2   (0.706) 0.733 0.792 0.730 0.702 
   1   (0.068) 0.056 0.028 0.079 0.020 

Locus 69 : Mnov_gtseq_208 
2 alleles
0.0% missing data
   0   (0.636) 0.397 0.747 0.594 0.712 
   1   (0.364) 0.603 0.253 0.406 0.288 

Locus 70 : Mnov_gtseq_209 
2 alleles
0.0% missing data
   0   (0.448) 0.588 0.469 0.345 0.420 
   1   (0.552) 0.412 0.531 0.655 0.580 

Locus 71 : Mnov_gtseq_21 
2 alleles
0.0% missing data
   1   (0.537) 0.319 0.581 0.582 0.593 
   0   (0.463) 0.681 0.419 0.418 0.407 

Locus 72 : Mnov_gtseq_210 
2 alleles
5.0% missing data
   0   (0.396) 0.203 0.357 0.380 0.579 
   1   (0.604) 0.797 0.643 0.620 0.421 

Locus 73 : Mnov_gtseq_213 
2 alleles
5.6% missing data
   0   (0.511) 0.378 0.575 0.471 0.555 
   1   (0.489) 0.622 0.425 0.529 0.445 

Locus 74 : Mnov_gtseq_214 
2 alleles
5.3% missing data
   0   (0.541) 0.744 0.598 0.389 0.488 
   1   (0.459) 0.256 0.402 0.611 0.512 

Locus 75 : Mnov_gtseq_215 
2 alleles
0.0% missing data
   0   (0.448) 0.565 0.422 0.442 0.398 
   1   (0.552) 0.435 0.578 0.558 0.602 

Locus 76 : Mnov_gtseq_216 
2 alleles
0.0% missing data
   1   (0.532) 0.665 0.474 0.625 0.432 
   0   (0.468) 0.335 0.526 0.375 0.568 

Locus 77 : Mnov_gtseq_217 
2 alleles
24.4% missing data
   0   (0.314) 0.170 0.388 0.286 0.300 
   1   (0.686) 0.830 0.612 0.714 0.700 

Locus 78 : Mnov_gtseq_218 
2 alleles
0.3% missing data
   0   (0.610) 0.779 0.595 0.748 0.382 
   1   (0.390) 0.221 0.405 0.252 0.618 

Locus 79 : Mnov_gtseq_22 
2 alleles
3.9% missing data
   1   (0.586) 0.757 0.545 0.567 0.566 
   0   (0.414) 0.243 0.455 0.433 0.434 

Locus 80 : Mnov_gtseq_220 
2 alleles
0.3% missing data
   0   (0.531) 0.668 0.475 0.580 0.473 
   1   (0.469) 0.332 0.525 0.420 0.527 

Locus 81 : Mnov_gtseq_222 
2 alleles
14.3% missing data
   0   (0.522) 0.668 0.524 0.736 0.221 
   1   (0.478) 0.332 0.476 0.264 0.779 

Locus 82 : Mnov_gtseq_223 
2 alleles
2.5% missing data
   0   (0.644) 0.624 0.567 0.676 0.767 
   1   (0.356) 0.376 0.433 0.324 0.233 

Locus 83 : Mnov_gtseq_225 
2 alleles
0.0% missing data
   0   (0.520) 0.496 0.624 0.338 0.587 
   1   (0.480) 0.504 0.376 0.662 0.413 

Locus 84 : Mnov_gtseq_227 
2 alleles
0.3% missing data
   0   (0.519) 0.654 0.431 0.637 0.436 
   1   (0.481) 0.346 0.569 0.363 0.564 

Locus 85 : Mnov_gtseq_229 
2 alleles
0.8% missing data
   1   (0.537) 0.661 0.449 0.580 0.545 
   0   (0.463) 0.339 0.551 0.420 0.455 

Locus 86 : Mnov_gtseq_230 
2 alleles
10.4% missing data
   0   (0.778) 0.895 0.618 0.914 0.729 
   1   (0.222) 0.105 0.382 0.086 0.271 

Locus 87 : Mnov_gtseq_232 
2 alleles
0.0% missing data
   0   (0.480) 0.724 0.448 0.367 0.464 
   1   (0.520) 0.276 0.552 0.633 0.536 

Locus 88 : Mnov_gtseq_234 
2 alleles
9.8% missing data
   0   (0.728) 0.844 0.748 0.736 0.692 
   1   (0.272) 0.156 0.252 0.264 0.308 

Locus 89 : Mnov_gtseq_235 
2 alleles
0.3% missing data
   0   (0.785) 0.898 0.739 0.879 0.725 
   1   (0.215) 0.102 0.261 0.121 0.275 

Locus 90 : Mnov_gtseq_237 
2 alleles
0.3% missing data
   0   (0.552) 0.768 0.588 0.482 0.430 
   1   (0.448) 0.232 0.412 0.518 0.570 

Locus 91 : Mnov_gtseq_238 
2 alleles
0.0% missing data
   0   (0.610) 0.815 0.496 0.548 0.696 
   1   (0.390) 0.185 0.504 0.452 0.304 

Locus 92 : Mnov_gtseq_239 
2 alleles
0.0% missing data
   0   (0.719) 0.744 0.758 0.772 0.677 
   1   (0.281) 0.256 0.242 0.228 0.323 

Locus 93 : Mnov_gtseq_240 
2 alleles
0.0% missing data
   1   (0.409) 0.400 0.514 0.394 0.268 
   0   (0.591) 0.600 0.486 0.606 0.732 

Locus 94 : Mnov_gtseq_241 
2 alleles
0.0% missing data
   0   (0.847) 0.842 0.914 0.907 0.776 
   1   (0.153) 0.158 0.086 0.093 0.224 

Locus 95 : Mnov_gtseq_243 
2 alleles
0.0% missing data
   0   (0.591) 0.581 0.650 0.681 0.449 
   1   (0.409) 0.419 0.350 0.319 0.551 

Locus 96 : Mnov_gtseq_244 
2 alleles
0.0% missing data
   0   (0.337) 0.443 0.309 0.199 0.410 
   1   (0.663) 0.557 0.691 0.801 0.590 

Locus 97 : Mnov_gtseq_245 
2 alleles
20.7% missing data
   1   (0.510) 0.644 0.513 0.403 0.532 
   0   (0.490) 0.356 0.487 0.597 0.468 

Locus 98 : Mnov_gtseq_246 
2 alleles
0.3% missing data
   0   (0.454) 0.514 0.604 0.230 0.445 
   1   (0.546) 0.486 0.396 0.770 0.555 

Locus 99 : Mnov_gtseq_247 
2 alleles
3.4% missing data
   0   (0.302) 0.169 0.343 0.403 0.195 
   1   (0.698) 0.831 0.657 0.597 0.805 

Locus 100 : Mnov_gtseq_248 
2 alleles
0.3% missing data
   0   (0.237) 0.395 0.226 0.281 0.085 
   1   (0.763) 0.605 0.774 0.719 0.915 

Locus 101 : Mnov_gtseq_25 
2 alleles
0.3% missing data
   0   (0.451) 0.650 0.375 0.333 0.527 
   1   (0.549) 0.350 0.625 0.667 0.473 

Locus 102 : Mnov_gtseq_250 
2 alleles
3.9% missing data
   0   (0.793) 0.690 0.892 0.862 0.660 
   1   (0.207) 0.310 0.108 0.138 0.340 

Locus 103 : Mnov_gtseq_251 
2 alleles
2.0% missing data
   1   (0.205) 0.201 0.312 0.135 0.091 
   0   (0.795) 0.799 0.688 0.865 0.909 

Locus 104 : Mnov_gtseq_253 
2 alleles
16.2% missing data
   0   (0.472) 0.508 0.435 0.610 0.359 
   1   (0.528) 0.492 0.565 0.390 0.641 

Locus 105 : Mnov_gtseq_254 
2 alleles
0.0% missing data
   1   (0.907) 0.990 0.870 0.921 0.942 
   0   (0.093) 0.010 0.130 0.079 0.058 

Locus 106 : Mnov_gtseq_255 
2 alleles
0.0% missing data
   0   (0.347) 0.491 0.264 0.261 0.422 
   1   (0.653) 0.509 0.736 0.739 0.578 

Locus 107 : Mnov_gtseq_257 
2 alleles
0.0% missing data
   0   (0.619) 0.467 0.704 0.517 0.735 
   1   (0.381) 0.533 0.296 0.483 0.265 

Locus 108 : Mnov_gtseq_258 
2 alleles
0.0% missing data
   0   (0.523) 0.622 0.483 0.663 0.371 
   1   (0.477) 0.378 0.517 0.337 0.629 

Locus 109 : Mnov_gtseq_26 
2 alleles
0.0% missing data
   1   (0.894) 0.968 0.870 0.915 0.943 
   0   (0.106) 0.032 0.130 0.085 0.057 

Locus 110 : Mnov_gtseq_260 
2 alleles
0.3% missing data
   0   (0.755) 0.767 0.733 0.729 0.875 
   1   (0.245) 0.233 0.267 0.271 0.125 

Locus 111 : Mnov_gtseq_261 
2 alleles
0.6% missing data
   0   (0.500) 0.557 0.618 0.424 0.371 
   1   (0.500) 0.443 0.382 0.576 0.629 

Locus 112 : Mnov_gtseq_262 
2 alleles
3.1% missing data
   0   (0.416) 0.552 0.298 0.504 0.384 
   1   (0.584) 0.448 0.702 0.496 0.616 

Locus 113 : Mnov_gtseq_263 
2 alleles
0.0% missing data
   1   (0.822) 0.911 0.867 0.877 0.726 
   0   (0.178) 0.089 0.133 0.123 0.274 

Locus 114 : Mnov_gtseq_265 
2 alleles
0.0% missing data
   0   (0.452) 0.594 0.454 0.470 0.329 
   1   (0.548) 0.406 0.546 0.530 0.671 

Locus 115 : Mnov_gtseq_268 
2 alleles
0.0% missing data
   0   (0.585) 0.657 0.605 0.736 0.374 
   1   (0.415) 0.343 0.395 0.264 0.626 

Locus 116 : Mnov_gtseq_269 
2 alleles
1.1% missing data
   1   (0.488) 0.433 0.597 0.416 0.442 
   0   (0.512) 0.567 0.403 0.584 0.558 

Locus 117 : Mnov_gtseq_270 
2 alleles
11.8% missing data
   1   (0.774) 0.790 0.726 0.862 0.821 
   0   (0.226) 0.210 0.274 0.138 0.179 

Locus 118 : Mnov_gtseq_271 
2 alleles
10.9% missing data
   0   (0.628) 0.589 0.638 0.685 0.630 
   1   (0.372) 0.411 0.362 0.315 0.370 

Locus 119 : Mnov_gtseq_273 
2 alleles
1.4% missing data
   1   (0.529) 0.608 0.527 0.445 0.577 
   0   (0.471) 0.392 0.473 0.555 0.423 

Locus 120 : Mnov_gtseq_274 
2 alleles
0.0% missing data
   1   (0.503) 0.385 0.557 0.542 0.465 
   0   (0.497) 0.615 0.443 0.458 0.535 

Locus 121 : Mnov_gtseq_275 
2 alleles
13.7% missing data
   1   (0.768) 0.707 0.853 0.809 0.711 
   0   (0.232) 0.293 0.147 0.191 0.289 

Locus 122 : Mnov_gtseq_277 
2 alleles
0.0% missing data
   0   (0.804) 0.876 0.821 0.723 0.894 
   1   (0.196) 0.124 0.179 0.277 0.106 

Locus 123 : Mnov_gtseq_278 
2 alleles
1.1% missing data
   0   (0.885) 0.976 0.901 0.935 0.790 
   1   (0.115) 0.024 0.099 0.065 0.210 

Locus 124 : Mnov_gtseq_28 
2 alleles
0.3% missing data
   0   (0.763) 0.798 0.792 0.764 0.812 
   1   (0.237) 0.202 0.208 0.236 0.188 

Locus 125 : Mnov_gtseq_284 
2 alleles
0.0% missing data
   1   (0.639) 0.621 0.663 0.561 0.738 
   0   (0.361) 0.379 0.337 0.439 0.262 

Locus 126 : Mnov_gtseq_285 
2 alleles
0.0% missing data
   1   (0.758) 0.631 0.761 0.838 0.831 
   0   (0.242) 0.369 0.239 0.162 0.169 

Locus 127 : Mnov_gtseq_287 
2 alleles
0.0% missing data
   0   (0.778) 0.626 0.829 0.861 0.800 
   1   (0.222) 0.374 0.171 0.139 0.200 

Locus 128 : Mnov_gtseq_288 
2 alleles
16.2% missing data
   0   (0.614) 0.679 0.628 0.647 0.571 
   1   (0.386) 0.321 0.372 0.353 0.429 

Locus 129 : Mnov_gtseq_289 
2 alleles
0.0% missing data
   0   (0.457) 0.457 0.512 0.406 0.429 
   1   (0.543) 0.543 0.488 0.594 0.571 

Locus 130 : Mnov_gtseq_291 
2 alleles
0.3% missing data
   1   (0.698) 0.595 0.748 0.753 0.711 
   0   (0.302) 0.405 0.252 0.247 0.289 

Locus 131 : Mnov_gtseq_297 
2 alleles
0.0% missing data
   0   (0.662) 0.783 0.719 0.647 0.561 
   1   (0.338) 0.217 0.281 0.353 0.439 

Locus 132 : Mnov_gtseq_298 
2 alleles
36.4% missing data
   1   (0.613) 0.821 0.627 0.484 0.584 
   0   (0.387) 0.179 0.373 0.516 0.416 

Locus 133 : Mnov_gtseq_299 
2 alleles
1.1% missing data
   1   (0.569) 0.470 0.618 0.600 0.564 
   0   (0.431) 0.530 0.382 0.400 0.436 

Locus 134 : Mnov_gtseq_30 
3 alleles
16.2% missing data
   1   (0.545) 0.373 0.630 0.500 0.645 
   2   (0.430) 0.626 0.359 0.493 0.342 
   0   (0.025) 0.001 0.011 0.006 0.012 

Locus 135 : Mnov_gtseq_300 
2 alleles
5.6% missing data
   0   (0.594) 0.608 0.647 0.601 0.548 
   1   (0.406) 0.392 0.353 0.399 0.452 

Locus 136 : Mnov_gtseq_301 
3 alleles
5.6% missing data
   0   (0.378) 0.308 0.248 0.467 0.555 
   2   (0.407) 0.523 0.462 0.384 0.286 
   1   (0.214) 0.169 0.291 0.149 0.159 

