

----------------------------------------------------
STRUCTURE by Pritchard, Stephens and Donnelly (2000)
     and Falush, Stephens and Pritchard (2003)
       Code by Pritchard, Falush and Hubisz
             Version 2.3.4 (Jul 2012)
----------------------------------------------------



Command line arguments:   structure -m wint.area.structureRun/wint.area.structureRun.k6.r3_mainparams -e wint.area.structureRun/wint.area.structureRun.k6.r3_extraparams -i wint.area.structureRun/wint.area.structureRun.k6.r3_data -o wint.area.structureRun/wint.area.structureRun.k6.r3_out 
Input File:    wint.area.structureRun/wint.area.structureRun.k6.r3_data

Run parameters:
   357 individuals
   328 loci
   6 populations assumed
   1000 Burn-in period
   10000 Reps


--------------------------------------------
Proportion of membership of each pre-defined
 population in each of the 6 clusters

Given    Inferred Clusters                            Number of
 Pop       1      2      3      4      5      6      Individuals

  1:     0.158  0.156  0.156  0.088  0.285  0.156       80
  2:     0.150  0.151  0.152  0.298  0.098  0.150      126
  3:     0.176  0.175  0.175  0.120  0.180  0.174      115
  4:     0.172  0.175  0.177  0.181  0.118  0.178       27
  5:     0.204  0.196  0.206  0.081  0.113  0.200        9
--------------------------------------------

Allele-freq. divergence among pops (Net nucleotide distance),
computed using point estimates of P.

      1       2       3       4       5       6      
 1      -    0.0000  0.0000  0.0406  0.0271  0.0000  
 2   0.0000     -    0.0000  0.0402  0.0269  0.0000  
 3   0.0000  0.0000     -    0.0403  0.0269  0.0000  
 4   0.0406  0.0402  0.0403     -    0.0771  0.0402  
 5   0.0271  0.0269  0.0269  0.0771     -    0.0269  
 6   0.0000  0.0000  0.0000  0.0402  0.0269     -    

Average distances (expected heterozygosity) between individuals in same cluster:
cluster  1  : 0.4194 
cluster  2  : 0.4200 
cluster  3  : 0.4200 
cluster  4  : 0.3673 
cluster  5  : 0.3961 
cluster  6  : 0.4200 

--------------------------------------------
Estimated Ln Prob of Data   = -134984.1
Mean value of ln likelihood = -133817.3
Variance of ln likelihood   = 2333.6
Mean value of alpha         = 1.0000

Mean value of Fst_1         = 0.0085
Mean value of Fst_2         = 0.0039
Mean value of Fst_3         = 0.0039
Mean value of Fst_4         = 0.2328
Mean value of Fst_5         = 0.1743
Mean value of Fst_6         = 0.0031


Inferred ancestry of individuals:
        Label (%Miss) Pop:  Inferred clusters
  1   207778    (2)    2 :  0.157 0.169 0.177 0.249 0.092 0.155 
  2 z0005757    (7)    3 :  0.197 0.209 0.200 0.121 0.113 0.160 
  3 z0005758    (0)    3 :  0.172 0.194 0.175 0.045 0.235 0.180 
  4 z0011944    (0)    1 :  0.188 0.182 0.194 0.123 0.073 0.239 
  5 z0012702   (10)    4 :  0.100 0.104 0.111 0.526 0.055 0.103 
  6 z0016577    (2)    3 :  0.196 0.186 0.186 0.153 0.091 0.188 
  7 z0016578   (21)    1 :  0.184 0.185 0.220 0.040 0.166 0.204 
  8 z0016579    (1)    3 :  0.186 0.237 0.216 0.070 0.073 0.219 
  9 z0018264    (0)    1 :  0.188 0.208 0.195 0.121 0.072 0.216 
 10 z0029828    (2)    3 :  0.138 0.167 0.160 0.119 0.264 0.152 
 11 z0029829   (14)    1 :  0.130 0.143 0.161 0.087 0.327 0.152 
 12 z0029846   (14)    1 :  0.188 0.191 0.214 0.072 0.137 0.197 
 13 z0029860    (1)    3 :  0.151 0.171 0.155 0.071 0.290 0.162 
 14 z0029863    (2)    1 :  0.232 0.225 0.216 0.057 0.063 0.207 
 15 z0029864    (8)    1 :  0.159 0.165 0.156 0.070 0.275 0.175 
 16 z0029865   (13)    3 :  0.221 0.195 0.183 0.051 0.154 0.196 
 17 z0037607    (2)    3 :  0.195 0.232 0.206 0.096 0.075 0.196 
 18 z0037609   (25)    3 :  0.197 0.202 0.191 0.081 0.109 0.220 
 19 z0037624   (21)    1 :  0.192 0.190 0.189 0.098 0.132 0.199 
 20 z0038417    (8)    2 :  0.137 0.106 0.126 0.444 0.050 0.137 
 21 z0040275    (9)    2 :  0.160 0.163 0.147 0.310 0.057 0.164 
 22 z0040287    (3)    2 :  0.182 0.170 0.209 0.167 0.089 0.182 
 23 z0040308    (1)    2 :  0.165 0.170 0.146 0.310 0.061 0.149 
 24 z0040333    (1)    2 :  0.134 0.125 0.142 0.313 0.138 0.148 
 25 z0040334    (1)    2 :  0.080 0.082 0.117 0.572 0.054 0.094 
 26 z0040337    (6)    2 :  0.186 0.183 0.181 0.186 0.094 0.170 
 27 z0040345    (1)    2 :  0.148 0.130 0.157 0.367 0.033 0.165 
 28 z0040357    (5)    2 :  0.161 0.145 0.144 0.359 0.066 0.126 
 29 z0040363   (20)    2 :  0.144 0.146 0.144 0.302 0.152 0.113 
 30 z0040364    (0)    2 :  0.109 0.127 0.134 0.429 0.089 0.113 
 31 z0040387    (1)    2 :  0.119 0.121 0.127 0.415 0.101 0.117 
 32 z0040403   (15)    2 :  0.146 0.142 0.157 0.295 0.103 0.156 
 33 z0040413   (43)    2 :  0.183 0.169 0.178 0.206 0.075 0.189 
 34 z0040439    (0)    2 :  0.119 0.098 0.095 0.533 0.049 0.106 
 35 z0040465   (20)    2 :  0.167 0.188 0.194 0.176 0.094 0.181 
 36 z0040513   (17)    3 :  0.143 0.146 0.152 0.181 0.216 0.163 
 37 z0040961   (12)    2 :  0.149 0.167 0.183 0.256 0.078 0.167 
 38 z0040985   (16)    2 :  0.202 0.195 0.205 0.163 0.045 0.190 
 39 z0041026    (0)    2 :  0.091 0.099 0.113 0.456 0.136 0.105 
 40 z0041051   (28)    2 :  0.178 0.176 0.156 0.240 0.057 0.192 
 41 z0041115    (7)    2 :  0.125 0.120 0.114 0.394 0.127 0.121 
 42 z0041153   (23)    2 :  0.180 0.192 0.167 0.189 0.078 0.193 
 43 z0041233    (4)    2 :  0.187 0.176 0.182 0.171 0.095 0.189 
 44 z0041243    (1)    2 :  0.159 0.187 0.176 0.221 0.081 0.175 
 45 z0041248    (6)    2 :  0.106 0.111 0.112 0.421 0.145 0.105 
 46 z0041250    (1)    2 :  0.163 0.146 0.163 0.335 0.040 0.152 
 47 z0041274    (2)    2 :  0.162 0.206 0.173 0.214 0.064 0.180 
 48 z0041465   (15)    2 :  0.113 0.115 0.106 0.386 0.166 0.114 
 49 z0041472    (2)    2 :  0.117 0.107 0.099 0.396 0.178 0.103 
 50 z0041480   (10)    2 :  0.162 0.170 0.171 0.188 0.145 0.163 
 51 z0041483    (0)    2 :  0.137 0.117 0.124 0.423 0.073 0.125 
 52 z0041494   (12)    2 :  0.149 0.157 0.150 0.320 0.061 0.163 
 53 z0041498    (1)    2 :  0.145 0.140 0.134 0.308 0.128 0.145 
 54 z0041501    (1)    2 :  0.113 0.140 0.144 0.452 0.030 0.120 
 55 z0041507    (7)    2 :  0.145 0.129 0.122 0.375 0.091 0.139 
 56 z0041512    (0)    2 :  0.104 0.109 0.103 0.467 0.112 0.104 
 57 z0041522   (17)    2 :  0.147 0.123 0.128 0.336 0.124 0.142 
 58 z0041526    (1)    3 :  0.128 0.134 0.146 0.366 0.091 0.135 
 59 z0041527   (16)    2 :  0.143 0.145 0.143 0.305 0.114 0.149 
 60 z0043243    (2)    2 :  0.186 0.175 0.189 0.080 0.176 0.194 
 61 z0043278    (2)    2 :  0.119 0.093 0.099 0.519 0.070 0.100 
 62 z0043475   (17)    3 :  0.167 0.151 0.184 0.218 0.130 0.149 
 63 z0043477    (0)    2 :  0.166 0.147 0.196 0.253 0.073 0.165 
 64 z0043478    (2)    2 :  0.093 0.080 0.069 0.584 0.095 0.079 
 65 z0043481    (0)    2 :  0.131 0.155 0.150 0.358 0.074 0.133 
 66 z0043489    (7)    2 :  0.146 0.119 0.128 0.439 0.039 0.130 
 67 z0043491   (13)    2 :  0.160 0.159 0.154 0.286 0.092 0.148 
 68 z0043493    (3)    2 :  0.218 0.213 0.181 0.147 0.039 0.202 
 69 z0043494    (2)    2 :  0.157 0.198 0.167 0.202 0.097 0.178 
 70 z0043498    (2)    2 :  0.093 0.077 0.092 0.508 0.147 0.083 
 71 z0043504    (7)    2 :  0.213 0.191 0.200 0.164 0.054 0.178 
 72 z0043526    (3)    4 :  0.180 0.184 0.183 0.195 0.078 0.181 
 73 z0043566    (3)    2 :  0.169 0.158 0.168 0.277 0.070 0.158 
 74 z0043572    (0)    2 :  0.126 0.113 0.135 0.387 0.103 0.136 
 75 z0043599    (5)    2 :  0.184 0.178 0.203 0.178 0.078 0.179 
 76 z0043642    (1)    2 :  0.171 0.200 0.179 0.156 0.109 0.185 
 77 z0043649    (1)    2 :  0.125 0.139 0.126 0.413 0.061 0.136 
 78 z0043652    (1)    2 :  0.185 0.191 0.204 0.143 0.073 0.204 
 79 z0043668    (1)    2 :  0.162 0.200 0.163 0.166 0.159 0.149 
 80 z0043674    (1)    4 :  0.165 0.182 0.186 0.039 0.244 0.184 
 81 z0043686    (1)    2 :  0.151 0.148 0.148 0.247 0.162 0.144 
 82 z0043693    (1)    2 :  0.162 0.139 0.167 0.230 0.131 0.170 
 83 z0043704   (15)    2 :  0.133 0.117 0.134 0.440 0.056 0.119 
 84 z0043807    (1)    2 :  0.149 0.137 0.133 0.287 0.148 0.146 
 85 z0043819    (1)    2 :  0.215 0.198 0.237 0.076 0.064 0.210 
 86 z0043876    (7)    2 :  0.176 0.159 0.165 0.129 0.195 0.176 
 87 z0043877   (33)    2 :  0.157 0.174 0.164 0.240 0.112 0.153 
 88 z0043891   (21)    4 :  0.165 0.165 0.182 0.134 0.198 0.155 
 89 z0043915   (33)    2 :  0.199 0.177 0.186 0.147 0.122 0.170 
 90 z0043940   (10)    2 :  0.216 0.233 0.230 0.039 0.057 0.225 
 91 z0043954    (2)    2 :  0.196 0.187 0.185 0.172 0.089 0.172 
 92 z0043966    (5)    2 :  0.095 0.111 0.096 0.467 0.114 0.116 
 93 z0043980    (0)    2 :  0.169 0.144 0.163 0.220 0.153 0.151 
 94 z0043994    (1)    3 :  0.104 0.100 0.094 0.540 0.068 0.094 
 95 z0044017   (12)    2 :  0.173 0.168 0.168 0.249 0.086 0.157 
 96 z0044019   (14)    2 :  0.139 0.119 0.136 0.303 0.173 0.130 
 97 z0044023   (36)    2 :  0.081 0.078 0.074 0.546 0.136 0.085 
 98 z0044033    (0)    2 :  0.071 0.064 0.081 0.644 0.068 0.072 
 99 z0044042    (3)    2 :  0.090 0.084 0.110 0.480 0.140 0.096 
100 z0044047   (25)    2 :  0.155 0.162 0.152 0.315 0.062 0.154 
101 z0044064   (13)    2 :  0.179 0.166 0.185 0.226 0.045 0.198 
102 z0044432   (14)    2 :  0.157 0.166 0.147 0.210 0.158 0.162 
103 z0045326    (0)    3 :  0.150 0.170 0.153 0.106 0.245 0.176 
104 z0045331    (5)    1 :  0.147 0.155 0.156 0.117 0.255 0.170 
105 z0045332    (2)    1 :  0.193 0.208 0.217 0.088 0.095 0.199 
106 z0045333    (6)    1 :  0.170 0.158 0.153 0.073 0.292 0.154 
107 z0045337    (5)    1 :  0.092 0.092 0.126 0.114 0.465 0.110 
108 z0045342   (13)    1 :  0.146 0.146 0.149 0.115 0.280 0.163 
109 z0045347    (1)    3 :  0.205 0.220 0.212 0.070 0.079 0.214 
110 z0045350    (0)    1 :  0.201 0.222 0.203 0.082 0.095 0.198 
111 z0045370    (1)    1 :  0.135 0.142 0.148 0.032 0.426 0.116 
112 z0045371    (1)    3 :  0.195 0.188 0.199 0.115 0.121 0.181 
113 z0045398    (1)    3 :  0.210 0.190 0.204 0.040 0.179 0.177 
114 z0045399    (1)    3 :  0.226 0.176 0.158 0.055 0.211 0.173 
115 z0045401   (26)    1 :  0.192 0.219 0.207 0.075 0.097 0.210 
116 z0045404    (0)    3 :  0.152 0.155 0.182 0.050 0.283 0.178 
117 z0045405    (5)    3 :  0.205 0.219 0.236 0.039 0.074 0.226 
118 z0045407    (2)    3 :  0.236 0.197 0.222 0.057 0.085 0.202 
119 z0045719    (0)    2 :  0.135 0.146 0.148 0.384 0.062 0.125 
120 z0045720    (1)    2 :  0.172 0.221 0.179 0.176 0.057 0.193 
121 z0045728    (1)    2 :  0.104 0.122 0.114 0.430 0.112 0.118 
122 z0045731    (1)    2 :  0.183 0.177 0.199 0.203 0.052 0.187 
123 z0045733    (0)    2 :  0.164 0.165 0.171 0.184 0.142 0.174 
124 z0045736    (1)    2 :  0.210 0.218 0.183 0.111 0.078 0.200 
125 z0045739    (1)    2 :  0.202 0.201 0.185 0.102 0.102 0.209 
126 z0045740    (1)    2 :  0.125 0.137 0.133 0.420 0.050 0.136 
127 z0045741    (0)    2 :  0.155 0.145 0.146 0.321 0.040 0.193 
128 z0045742    (0)    2 :  0.144 0.151 0.136 0.306 0.117 0.146 
129 z0045776    (1)    3 :  0.162 0.177 0.188 0.227 0.065 0.180 
130 z0045779    (0)    2 :  0.079 0.098 0.087 0.537 0.120 0.079 
131 z0045781    (0)    2 :  0.137 0.150 0.165 0.357 0.054 0.137 
132 z0045788    (5)    2 :  0.100 0.093 0.117 0.524 0.060 0.105 
133 z0045789    (2)    2 :  0.105 0.115 0.119 0.449 0.086 0.127 
134 z0045791    (5)    2 :  0.142 0.133 0.126 0.369 0.093 0.137 
135 z0045792   (23)    1 :  0.144 0.156 0.161 0.190 0.189 0.161 
136 z0045793    (0)    3 :  0.088 0.091 0.080 0.237 0.438 0.066 
137 z0047562   (15)    2 :  0.157 0.145 0.141 0.324 0.092 0.142 
138 z0047854    (1)    2 :  0.171 0.180 0.176 0.231 0.067 0.175 
139 z0051185    (1)    1 :  0.217 0.212 0.188 0.040 0.162 0.180 
140 z0051324    (6)    1 :  0.132 0.115 0.119 0.074 0.443 0.118 
141 z0051326    (0)    1 :  0.139 0.119 0.124 0.071 0.441 0.106 
142 z0051327    (4)    3 :  0.171 0.168 0.180 0.200 0.096 0.185 
143 z0051328    (3)    1 :  0.139 0.130 0.136 0.126 0.354 0.115 
144 z0051380    (0)    1 :  0.201 0.156 0.161 0.035 0.291 0.155 
145 z0051400    (0)    3 :  0.147 0.169 0.156 0.130 0.233 0.165 
146 z0051431   (23)    3 :  0.187 0.175 0.183 0.202 0.081 0.173 
147 z0051840   (34)    2 :  0.109 0.116 0.111 0.376 0.169 0.119 
148 z0051844   (27)    2 :  0.175 0.179 0.157 0.264 0.059 0.166 
149 z0051875   (29)    3 :  0.175 0.164 0.168 0.089 0.231 0.172 
150 z0051885    (8)    3 :  0.147 0.140 0.142 0.339 0.097 0.135 
151 z0051888    (1)    2 :  0.100 0.096 0.089 0.324 0.295 0.095 
152 z0051891    (1)    1 :  0.196 0.203 0.211 0.092 0.095 0.203 
153 z0051893    (4)    1 :  0.126 0.132 0.125 0.092 0.390 0.135 
154 z0051895    (0)    3 :  0.108 0.139 0.107 0.093 0.414 0.139 
155 z0051918    (1)    3 :  0.169 0.154 0.176 0.282 0.056 0.163 
156 z0051929    (1)    1 :  0.141 0.151 0.144 0.080 0.333 0.151 
157 z0051939   (12)    3 :  0.149 0.175 0.168 0.209 0.128 0.171 
158 z0051947    (3)    1 :  0.099 0.117 0.111 0.091 0.479 0.102 
159 z0051959    (2)    3 :  0.203 0.177 0.184 0.146 0.092 0.198 
160 z0052846    (0)    4 :  0.186 0.167 0.181 0.163 0.090 0.212 
161 z0052882    (1)    2 :  0.140 0.145 0.152 0.223 0.193 0.148 
162 z0053020   (22)    2 :  0.187 0.207 0.188 0.176 0.044 0.199 
163 z0053024   (13)    2 :  0.195 0.204 0.172 0.137 0.122 0.170 
164 z0053025    (5)    2 :  0.101 0.127 0.115 0.483 0.050 0.125 
165 z0053031    (0)    2 :  0.181 0.175 0.181 0.170 0.103 0.190 
166 z0053032    (1)    2 :  0.170 0.193 0.183 0.213 0.079 0.163 
167 z0053040    (5)    2 :  0.155 0.204 0.185 0.190 0.074 0.192 
168 z0053051    (1)    3 :  0.180 0.264 0.202 0.050 0.100 0.204 
169 z0053054    (6)    3 :  0.200 0.190 0.201 0.054 0.157 0.199 
170 z0053071    (3)    2 :  0.134 0.121 0.121 0.393 0.112 0.120 
171 z0053073    (2)    2 :  0.221 0.200 0.209 0.072 0.092 0.206 
172 z0053078    (1)    3 :  0.171 0.162 0.172 0.274 0.044 0.177 
173 z0053082    (2)    3 :  0.136 0.128 0.140 0.340 0.115 0.141 
174 z0053083   (12)    2 :  0.169 0.167 0.147 0.236 0.104 0.178 
175 z0053090   (11)    3 :  0.168 0.163 0.158 0.309 0.056 0.146 
176 z0053096    (0)    2 :  0.117 0.133 0.124 0.435 0.055 0.135 
177 z0053100    (8)    2 :  0.181 0.173 0.174 0.245 0.057 0.171 
178 z0053101    (0)    2 :  0.148 0.160 0.162 0.300 0.073 0.158 
179 z0053102    (9)    2 :  0.140 0.152 0.171 0.317 0.073 0.147 
180 z0053103    (1)    2 :  0.091 0.088 0.112 0.530 0.067 0.112 
181 z0053111    (2)    3 :  0.187 0.184 0.220 0.079 0.115 0.215 
182 z0053131    (0)    2 :  0.145 0.145 0.135 0.267 0.163 0.145 
183 z0053132    (0)    2 :  0.187 0.188 0.188 0.231 0.040 0.166 
184 z0053133    (1)    2 :  0.178 0.180 0.221 0.091 0.133 0.198 
185 z0053138    (0)    2 :  0.160 0.169 0.168 0.166 0.167 0.171 
186 z0053142    (3)    2 :  0.126 0.126 0.129 0.365 0.138 0.116 
187 z0053149    (1)    2 :  0.154 0.150 0.158 0.324 0.067 0.146 
188 z0053754    (1)    1 :  0.205 0.169 0.179 0.078 0.192 0.177 
189 z0053756    (2)    1 :  0.228 0.179 0.206 0.063 0.132 0.193 
190 z0053758   (17)    1 :  0.110 0.126 0.109 0.058 0.467 0.131 
191 z0053759    (1)    1 :  0.149 0.162 0.159 0.054 0.338 0.138 
192 z0053760    (0)    1 :  0.193 0.175 0.199 0.072 0.151 0.210 
193 z0053842    (2)    1 :  0.204 0.217 0.206 0.077 0.072 0.224 
194 z0053843    (6)    1 :  0.089 0.091 0.087 0.102 0.546 0.085 
195 z0053844    (9)    1 :  0.175 0.185 0.154 0.084 0.213 0.189 
196 z0053846    (3)    1 :  0.068 0.074 0.064 0.059 0.661 0.074 
197 z0053847    (1)    1 :  0.088 0.082 0.086 0.162 0.494 0.088 
198 z0053849    (1)    1 :  0.204 0.212 0.187 0.086 0.125 0.187 
199 z0055903    (1)    4 :  0.210 0.201 0.212 0.103 0.077 0.197 
200 z0055910   (35)    4 :  0.167 0.181 0.180 0.186 0.110 0.177 
201 z0055912    (7)    4 :  0.184 0.194 0.222 0.160 0.061 0.179 
202 z0055916   (17)    4 :  0.200 0.214 0.208 0.082 0.090 0.206 
203 z0055931    (4)    4 :  0.120 0.120 0.125 0.445 0.077 0.113 
204 z0055944    (4)    4 :  0.164 0.179 0.175 0.146 0.137 0.199 
205 z0055947   (10)    4 :  0.198 0.221 0.177 0.109 0.077 0.217 
206 z0055962    (6)    4 :  0.188 0.179 0.185 0.184 0.079 0.185 
207 z0055963   (21)    4 :  0.153 0.167 0.165 0.209 0.156 0.150 
208 z0055965   (26)    4 :  0.197 0.197 0.202 0.057 0.142 0.205 
209 z0055970   (16)    4 :  0.180 0.169 0.171 0.201 0.112 0.167 
210 z0055971    (8)    4 :  0.150 0.142 0.145 0.168 0.259 0.137 
211 z0055977    (6)    4 :  0.150 0.162 0.155 0.286 0.092 0.154 
212 z0055986   (21)    4 :  0.175 0.183 0.186 0.098 0.174 0.184 
213 z0055990    (7)    4 :  0.137 0.150 0.144 0.331 0.086 0.152 
214 z0055996    (3)    4 :  0.164 0.170 0.189 0.168 0.130 0.180 
215 z0055997    (4)    4 :  0.143 0.150 0.156 0.266 0.137 0.147 
216 z0055998    (5)    4 :  0.218 0.200 0.190 0.079 0.063 0.250 
217 z0055999    (3)    4 :  0.156 0.159 0.159 0.097 0.263 0.166 
218 z0056011    (9)    4 :  0.204 0.209 0.234 0.063 0.061 0.228 
219 z0056029    (5)    4 :  0.219 0.177 0.195 0.124 0.082 0.203 
220 z0056034    (2)    4 :  0.167 0.191 0.154 0.279 0.044 0.165 
221 z0056056   (26)    3 :  0.203 0.178 0.212 0.099 0.115 0.193 
222 z0056058    (5)    3 :  0.183 0.130 0.177 0.038 0.320 0.151 
223 z0056059    (8)    3 :  0.218 0.211 0.229 0.062 0.079 0.201 
224 z0056062    (1)    3 :  0.167 0.176 0.176 0.164 0.110 0.207 
225 z0056063    (4)    3 :  0.196 0.202 0.194 0.083 0.130 0.195 
226 z0056064    (0)    3 :  0.184 0.192 0.160 0.090 0.190 0.183 
227 z0056065    (0)    3 :  0.164 0.178 0.172 0.065 0.262 0.159 
228 z0056069    (1)    3 :  0.152 0.181 0.178 0.229 0.067 0.193 
229 z0056073    (0)    3 :  0.226 0.191 0.198 0.041 0.167 0.178 
230 z0056076    (5)    3 :  0.111 0.102 0.110 0.217 0.368 0.091 
231 z0056079   (10)    3 :  0.187 0.222 0.215 0.035 0.132 0.209 
232 z0056085    (1)    3 :  0.174 0.174 0.152 0.076 0.281 0.142 
233 z0056092    (1)    3 :  0.190 0.195 0.192 0.067 0.179 0.177 
234 z0056095    (1)    3 :  0.188 0.192 0.209 0.058 0.176 0.177 
235 z0056103    (8)    3 :  0.189 0.191 0.198 0.041 0.177 0.205 
236 z0056374    (8)    1 :  0.190 0.163 0.204 0.041 0.198 0.204 
237 z0056375    (0)    1 :  0.154 0.166 0.146 0.070 0.317 0.147 
238 z0056377    (0)    1 :  0.244 0.183 0.197 0.055 0.137 0.184 
239 z0056378    (2)    1 :  0.114 0.105 0.101 0.156 0.413 0.111 
240 z0056382    (1)    1 :  0.081 0.085 0.092 0.065 0.575 0.101 
241 z0056384    (3)    1 :  0.167 0.152 0.161 0.112 0.237 0.171 
242 z0056386    (8)    1 :  0.107 0.104 0.109 0.055 0.522 0.103 
243 z0056389    (1)    1 :  0.123 0.117 0.104 0.052 0.492 0.112 
244 z0056391    (2)    1 :  0.070 0.067 0.061 0.023 0.719 0.061 
245 z0056392   (12)    1 :  0.144 0.141 0.143 0.079 0.346 0.147 
246 z0056393    (9)    1 :  0.186 0.195 0.214 0.088 0.117 0.199 
247 z0056394    (1)    1 :  0.191 0.174 0.188 0.057 0.224 0.167 
248 z0056395    (2)    1 :  0.206 0.205 0.176 0.093 0.120 0.200 
249 z0056397    (1)    1 :  0.203 0.181 0.190 0.173 0.085 0.168 
250 z0061527    (3)    3 :  0.173 0.138 0.156 0.288 0.089 0.156 
251 z0061967    (1)    3 :  0.186 0.175 0.169 0.134 0.161 0.176 
252 z0061969    (1)    3 :  0.173 0.160 0.154 0.210 0.124 0.179 
253 z0061980    (1)    1 :  0.122 0.128 0.129 0.192 0.317 0.112 
254 z0066166    (3)    3 :  0.171 0.156 0.147 0.098 0.271 0.156 
255 z0066792    (2)    1 :  0.162 0.174 0.177 0.103 0.216 0.168 
256 z0066805    (2)    1 :  0.192 0.196 0.235 0.068 0.078 0.231 
257 z0068471    (3)    3 :  0.162 0.161 0.161 0.089 0.260 0.167 
258 z0075696    (7)    5 :  0.238 0.203 0.206 0.092 0.066 0.196 
259 z0101084    (8)    1 :  0.102 0.124 0.096 0.088 0.481 0.110 
260 z0107099    (3)    3 :  0.140 0.125 0.116 0.026 0.481 0.112 
261 z0107101    (0)    1 :  0.045 0.047 0.043 0.053 0.766 0.046 
262 z0108489    (1)    1 :  0.193 0.193 0.165 0.145 0.119 0.184 
263 z0108513    (0)    1 :  0.074 0.079 0.080 0.123 0.564 0.081 
264 z0108528    (1)    3 :  0.178 0.169 0.183 0.150 0.130 0.189 
265 z0113628    (2)    3 :  0.212 0.226 0.196 0.083 0.060 0.222 
266 z0133302   (18)    1 :  0.136 0.138 0.134 0.161 0.294 0.137 
267 z0173485    (0)    1 :  0.182 0.207 0.185 0.147 0.079 0.200 
268 z0175371    (1)    3 :  0.205 0.178 0.192 0.181 0.069 0.175 
269 z0175378    (0)    2 :  0.115 0.108 0.114 0.454 0.094 0.114 
270 z0175912    (6)    1 :  0.218 0.188 0.176 0.078 0.145 0.194 
271 z0175916    (3)    1 :  0.171 0.149 0.152 0.240 0.140 0.149 
272 z0175937    (1)    1 :  0.147 0.169 0.143 0.064 0.315 0.161 
273 z0178348   (13)    1 :  0.199 0.167 0.164 0.063 0.249 0.157 
274 z0187857    (3)    1 :  0.099 0.105 0.101 0.113 0.485 0.097 
275 z0187860    (0)    1 :  0.188 0.207 0.196 0.103 0.105 0.200 
276 z0187885    (0)    2 :  0.159 0.169 0.172 0.243 0.101 0.155 
277 z0187906   (10)    1 :  0.209 0.207 0.208 0.090 0.100 0.187 
278 z0195655    (0)    2 :  0.103 0.093 0.114 0.524 0.078 0.088 
279 z0195663    (1)    3 :  0.173 0.144 0.161 0.304 0.047 0.171 
280 z0195683    (1)    3 :  0.155 0.145 0.152 0.076 0.337 0.136 
281 z0195687   (22)    3 :  0.189 0.170 0.179 0.041 0.271 0.150 
282 z0195688    (0)    2 :  0.198 0.171 0.196 0.167 0.081 0.187 
283 z0195691    (1)    3 :  0.255 0.252 0.191 0.045 0.044 0.212 
284 z0195699    (0)    3 :  0.209 0.218 0.180 0.064 0.114 0.214 
285 z0195701    (8)    3 :  0.128 0.112 0.117 0.122 0.409 0.112 
286 z0195702    (0)    3 :  0.196 0.181 0.190 0.138 0.136 0.159 
287 z0195704    (1)    3 :  0.162 0.155 0.167 0.119 0.225 0.172 
288 z0195705    (1)    3 :  0.184 0.167 0.152 0.262 0.039 0.196 
289 z0195711    (0)    3 :  0.222 0.211 0.213 0.051 0.090 0.214 
290 z0195716    (0)    3 :  0.175 0.159 0.191 0.088 0.217 0.170 
291 z0195718   (13)    3 :  0.157 0.171 0.184 0.043 0.257 0.189 
292 z0195725    (5)    3 :  0.172 0.176 0.173 0.182 0.132 0.165 
293 z0195726   (17)    1 :  0.197 0.209 0.217 0.059 0.073 0.243 
294 z0195728   (14)    3 :  0.117 0.111 0.127 0.035 0.496 0.114 
295 z0195732   (16)    3 :  0.161 0.174 0.200 0.047 0.200 0.218 
296 z0195737    (1)    3 :  0.156 0.144 0.149 0.273 0.127 0.152 
297 z0195740   (30)    3 :  0.218 0.221 0.186 0.079 0.090 0.206 
298 z0195751    (1)    3 :  0.144 0.133 0.145 0.063 0.400 0.115 
299 z0195762    (2)    3 :  0.178 0.175 0.178 0.065 0.233 0.170 
300 z0195784    (0)    3 :  0.162 0.176 0.186 0.051 0.270 0.155 
301 z0196686    (0)    5 :  0.200 0.205 0.220 0.056 0.101 0.217 
302 z0196687    (0)    5 :  0.178 0.183 0.174 0.134 0.145 0.186 
303 z0196689    (1)    5 :  0.214 0.205 0.246 0.084 0.061 0.190 
304 z0196690    (3)    5 :  0.166 0.163 0.152 0.072 0.286 0.161 
305 z0196691    (9)    5 :  0.222 0.211 0.227 0.059 0.057 0.223 
306 z0196692    (1)    5 :  0.210 0.177 0.213 0.093 0.106 0.202 
307 z0196693    (2)    5 :  0.210 0.193 0.211 0.067 0.133 0.185 
308 z0196694    (3)    5 :  0.197 0.225 0.209 0.068 0.064 0.237 
309 z0196710    (0)    3 :  0.183 0.193 0.211 0.124 0.097 0.191 
310 z0196715   (23)    3 :  0.181 0.184 0.197 0.041 0.209 0.186 
311 z0196719    (0)    3 :  0.166 0.187 0.197 0.096 0.171 0.184 
312 z0196724   (20)    3 :  0.178 0.176 0.162 0.095 0.221 0.168 
313 z0196725    (1)    3 :  0.179 0.173 0.166 0.079 0.233 0.170 
314 z0196729    (3)    3 :  0.187 0.185 0.179 0.107 0.163 0.179 
315 z0196730    (3)    1 :  0.129 0.139 0.128 0.102 0.390 0.112 
316 z0196731    (1)    3 :  0.182 0.195 0.173 0.038 0.221 0.192 
317 z0196733   (17)    1 :  0.211 0.196 0.182 0.047 0.194 0.170 
318 z0196734    (2)    3 :  0.187 0.200 0.198 0.111 0.108 0.195 
319 z0196739   (18)    3 :  0.141 0.109 0.128 0.204 0.287 0.130 
320 z0196740   (10)    3 :  0.162 0.169 0.158 0.080 0.280 0.150 
321 z0196746    (3)    1 :  0.094 0.105 0.090 0.130 0.476 0.106 
322 z0196751    (0)    3 :  0.152 0.150 0.148 0.144 0.263 0.144 
323 z0196752    (0)    3 :  0.180 0.184 0.196 0.058 0.196 0.185 
324 z0196754    (0)    3 :  0.147 0.177 0.156 0.079 0.276 0.166 
325 z0196758    (2)    1 :  0.179 0.162 0.163 0.070 0.255 0.171 
326 z0196763    (2)    3 :  0.212 0.191 0.234 0.056 0.083 0.225 
327 z0196764    (1)    3 :  0.201 0.182 0.184 0.086 0.133 0.214 
328 z0196766    (0)    3 :  0.169 0.170 0.165 0.080 0.218 0.198 
329 z0196769    (1)    3 :  0.146 0.155 0.178 0.065 0.282 0.173 
330 z0196774    (1)    3 :  0.172 0.148 0.146 0.068 0.322 0.144 
331 z0196783    (0)    1 :  0.065 0.071 0.061 0.044 0.700 0.059 
332 z0196794    (2)    1 :  0.075 0.080 0.081 0.050 0.621 0.093 
333 z0196804   (15)    1 :  0.182 0.175 0.209 0.061 0.197 0.177 
334 z0196809   (15)    3 :  0.198 0.185 0.190 0.058 0.185 0.184 
335 z0196810    (2)    1 :  0.217 0.211 0.189 0.055 0.115 0.214 
336 z0196811    (1)    1 :  0.201 0.196 0.190 0.032 0.206 0.175 
337 z0196824    (0)    3 :  0.197 0.199 0.174 0.146 0.103 0.181 
338 z0196825    (1)    3 :  0.197 0.176 0.173 0.116 0.150 0.187 
339 z0196828    (1)    2 :  0.192 0.181 0.182 0.088 0.179 0.177 
340 z0196829    (0)    3 :  0.207 0.230 0.220 0.061 0.075 0.206 
341 z0196834   (28)    3 :  0.142 0.139 0.162 0.163 0.260 0.134 
342 z0196835    (0)    3 :  0.134 0.145 0.136 0.092 0.372 0.121 
343 z0196838    (2)    1 :  0.207 0.170 0.201 0.041 0.195 0.186 
344 z0196841   (22)    3 :  0.151 0.159 0.156 0.072 0.305 0.157 
345 z0196843   (27)    3 :  0.156 0.163 0.182 0.066 0.269 0.164 
346 z0196849    (1)    3 :  0.171 0.150 0.157 0.074 0.277 0.171 
347 z0196852    (1)    2 :  0.205 0.228 0.180 0.126 0.074 0.187 
348 z0196855    (0)    2 :  0.181 0.217 0.192 0.120 0.101 0.188 
349 z0196856    (1)    3 :  0.212 0.200 0.198 0.101 0.075 0.213 
350 z0196857    (0)    2 :  0.095 0.092 0.082 0.327 0.304 0.100 
351 z0196864    (2)    3 :  0.194 0.200 0.183 0.175 0.052 0.195 
352 z0196894    (0)    3 :  0.191 0.223 0.194 0.048 0.141 0.203 
353 z0197662    (3)    1 :  0.210 0.193 0.197 0.125 0.088 0.188 
354 z0197665    (2)    1 :  0.092 0.085 0.080 0.103 0.554 0.085 
355 z0197668   (20)    3 :  0.196 0.196 0.201 0.094 0.110 0.202 
356 z0197669    (1)    3 :  0.191 0.187 0.175 0.188 0.085 0.175 
357 z0197672    (1)    3 :  0.162 0.141 0.159 0.104 0.276 0.159 


Estimated Allele Frequencies in each cluster
First column gives estimated ancestral frequencies


Locus 1 : HI.v.HI.SEAK 
5 alleles
66.2% missing data
   0   (0.220) 0.220 0.221 0.220 0.154 0.092 0.220 
   4   (0.409) 0.413 0.410 0.410 0.035 0.745 0.410 
   1   (0.185) 0.182 0.185 0.183 0.776 0.051 0.184 
   2   (0.040) 0.039 0.039 0.040 0.014 0.009 0.040 
   3   (0.146) 0.145 0.145 0.147 0.021 0.103 0.146 

Locus 2 : Mnov_gtseq_1 
2 alleles
0.0% missing data
   0   (0.438) 0.436 0.440 0.439 0.291 0.338 0.439 
   1   (0.562) 0.564 0.560 0.561 0.709 0.662 0.561 

Locus 3 : Mnov_gtseq_10 
2 alleles
0.3% missing data
   0   (0.823) 0.821 0.825 0.824 0.968 0.668 0.823 
   1   (0.177) 0.179 0.175 0.176 0.032 0.332 0.177 

Locus 4 : Mnov_gtseq_102 
2 alleles
0.8% missing data
   0   (0.567) 0.565 0.566 0.568 0.795 0.417 0.567 
   1   (0.433) 0.435 0.434 0.432 0.205 0.583 0.433 

Locus 5 : Mnov_gtseq_104 
2 alleles
0.3% missing data
   0   (0.893) 0.895 0.894 0.894 0.978 0.641 0.894 
   1   (0.107) 0.105 0.106 0.106 0.022 0.359 0.106 

Locus 6 : Mnov_gtseq_106 
2 alleles
15.4% missing data
   1   (0.756) 0.753 0.755 0.756 0.806 0.845 0.756 
   0   (0.244) 0.247 0.245 0.244 0.194 0.155 0.244 

Locus 7 : Mnov_gtseq_107 
2 alleles
37.8% missing data
   1   (0.194) 0.190 0.194 0.193 0.584 0.115 0.192 
   0   (0.806) 0.810 0.806 0.807 0.416 0.885 0.808 

Locus 8 : Mnov_gtseq_111 
2 alleles
39.2% missing data
   1   (0.748) 0.751 0.750 0.750 0.430 0.590 0.750 
   0   (0.252) 0.249 0.250 0.250 0.570 0.410 0.250 

Locus 9 : Mnov_gtseq_112 
2 alleles
1.1% missing data
   0   (0.530) 0.517 0.529 0.527 0.797 0.821 0.528 
   1   (0.470) 0.483 0.471 0.473 0.203 0.179 0.472 

Locus 10 : Mnov_gtseq_113 
2 alleles
1.7% missing data
   1   (0.717) 0.715 0.717 0.717 0.612 0.832 0.718 
   0   (0.283) 0.285 0.283 0.283 0.388 0.168 0.282 

Locus 11 : Mnov_gtseq_114 
2 alleles
4.5% missing data
   0   (0.595) 0.597 0.595 0.596 0.188 0.550 0.596 
   1   (0.405) 0.403 0.405 0.404 0.812 0.450 0.404 

Locus 12 : Mnov_gtseq_117 
2 alleles
27.2% missing data
   0   (0.627) 0.630 0.627 0.626 0.911 0.494 0.626 
   1   (0.373) 0.370 0.373 0.374 0.089 0.506 0.374 

Locus 13 : Mnov_gtseq_118 
2 alleles
8.1% missing data
   0   (0.773) 0.773 0.774 0.776 0.912 0.369 0.775 
   1   (0.227) 0.227 0.226 0.224 0.088 0.631 0.225 

Locus 14 : Mnov_gtseq_12 
2 alleles
0.3% missing data
   0   (0.450) 0.445 0.450 0.450 0.254 0.603 0.451 
   1   (0.550) 0.555 0.550 0.550 0.746 0.397 0.549 

Locus 15 : Mnov_gtseq_124 
2 alleles
4.8% missing data
   1   (0.775) 0.772 0.776 0.775 0.930 0.702 0.775 
   0   (0.225) 0.228 0.224 0.225 0.070 0.298 0.225 

Locus 16 : Mnov_gtseq_125 
2 alleles
1.1% missing data
   1   (0.910) 0.909 0.911 0.910 0.598 0.991 0.911 
   0   (0.090) 0.091 0.089 0.090 0.402 0.009 0.089 

Locus 17 : Mnov_gtseq_126 
2 alleles
0.0% missing data
   0   (0.408) 0.419 0.409 0.409 0.298 0.097 0.410 
   1   (0.592) 0.581 0.591 0.591 0.702 0.903 0.590 

Locus 18 : Mnov_gtseq_127 
2 alleles
7.0% missing data
   0   (0.619) 0.619 0.619 0.619 0.407 0.755 0.620 
   1   (0.381) 0.381 0.381 0.381 0.593 0.245 0.380 

Locus 19 : Mnov_gtseq_128 
2 alleles
31.4% missing data
   0   (0.659) 0.659 0.659 0.657 0.708 0.890 0.658 
   1   (0.341) 0.341 0.341 0.343 0.292 0.110 0.342 

Locus 20 : Mnov_gtseq_129 
2 alleles
2.0% missing data
   0   (0.513) 0.509 0.515 0.513 0.634 0.394 0.514 
   1   (0.487) 0.491 0.485 0.487 0.366 0.606 0.486 

Locus 21 : Mnov_gtseq_13 
2 alleles
0.0% missing data
   0   (0.573) 0.570 0.574 0.574 0.675 0.506 0.574 
   1   (0.427) 0.430 0.426 0.426 0.325 0.494 0.426 

Locus 22 : Mnov_gtseq_130 
2 alleles
28.9% missing data
   1   (0.529) 0.534 0.531 0.529 0.431 0.480 0.529 
   0   (0.471) 0.466 0.469 0.471 0.569 0.520 0.471 

Locus 23 : Mnov_gtseq_135 
2 alleles
0.6% missing data
   1   (0.450) 0.444 0.448 0.450 0.588 0.405 0.449 
   0   (0.550) 0.556 0.552 0.550 0.412 0.595 0.551 

Locus 24 : Mnov_gtseq_138 
2 alleles
0.6% missing data
   0   (0.506) 0.509 0.506 0.507 0.349 0.365 0.507 
   1   (0.494) 0.491 0.494 0.493 0.651 0.635 0.493 

Locus 25 : Mnov_gtseq_140 
2 alleles
1.1% missing data
   0   (0.437) 0.433 0.438 0.436 0.655 0.324 0.437 
   1   (0.563) 0.567 0.562 0.564 0.345 0.676 0.563 

Locus 26 : Mnov_gtseq_141 
2 alleles
0.3% missing data
   0   (0.508) 0.505 0.507 0.508 0.569 0.769 0.506 
   1   (0.492) 0.495 0.493 0.492 0.431 0.231 0.494 

Locus 27 : Mnov_gtseq_143 
2 alleles
2.8% missing data
   1   (0.537) 0.537 0.535 0.536 0.471 0.701 0.536 
   0   (0.463) 0.463 0.465 0.464 0.529 0.299 0.464 

Locus 28 : Mnov_gtseq_145 
2 alleles
2.0% missing data
   0   (0.435) 0.431 0.432 0.435 0.474 0.569 0.434 
   1   (0.565) 0.569 0.568 0.565 0.526 0.431 0.566 

Locus 29 : Mnov_gtseq_147 
2 alleles
26.3% missing data
   0   (0.835) 0.840 0.837 0.836 0.302 0.847 0.837 
   1   (0.165) 0.160 0.163 0.164 0.698 0.153 0.163 

Locus 30 : Mnov_gtseq_148 
2 alleles
9.2% missing data
   0   (0.351) 0.355 0.350 0.352 0.075 0.212 0.352 
   1   (0.649) 0.645 0.650 0.648 0.925 0.788 0.648 

Locus 31 : Mnov_gtseq_149 
2 alleles
0.6% missing data
   0   (0.630) 0.629 0.631 0.631 0.532 0.540 0.631 
   1   (0.370) 0.371 0.369 0.369 0.468 0.460 0.369 

Locus 32 : Mnov_gtseq_15 
2 alleles
0.0% missing data
   0   (0.452) 0.446 0.452 0.451 0.402 0.603 0.451 
   1   (0.548) 0.554 0.548 0.549 0.598 0.397 0.549 

Locus 33 : Mnov_gtseq_152 
2 alleles
0.8% missing data
   0   (0.317) 0.311 0.316 0.317 0.400 0.318 0.318 
   1   (0.683) 0.689 0.684 0.683 0.600 0.682 0.682 

Locus 34 : Mnov_gtseq_154 
2 alleles
3.4% missing data
   0   (0.572) 0.575 0.573 0.572 0.330 0.647 0.572 
   1   (0.428) 0.425 0.427 0.428 0.670 0.353 0.428 

Locus 35 : Mnov_gtseq_155 
2 alleles
41.7% missing data
   0   (0.673) 0.675 0.673 0.673 0.708 0.657 0.674 
   1   (0.327) 0.325 0.327 0.327 0.292 0.343 0.326 

Locus 36 : Mnov_gtseq_157 
2 alleles
0.6% missing data
   1   (0.541) 0.540 0.541 0.539 0.663 0.574 0.540 
   0   (0.459) 0.460 0.459 0.461 0.337 0.426 0.460 

Locus 37 : Mnov_gtseq_158 
2 alleles
0.6% missing data
   0   (0.374) 0.375 0.373 0.374 0.041 0.805 0.372 
   1   (0.626) 0.625 0.627 0.626 0.959 0.195 0.628 

Locus 38 : Mnov_gtseq_159 
2 alleles
24.6% missing data
   0   (0.608) 0.612 0.608 0.608 0.338 0.754 0.608 
   1   (0.392) 0.388 0.392 0.392 0.662 0.246 0.392 

Locus 39 : Mnov_gtseq_16 
2 alleles
0.0% missing data
   0   (0.660) 0.651 0.661 0.661 0.506 0.674 0.661 
   1   (0.340) 0.349 0.339 0.339 0.494 0.326 0.339 

Locus 40 : Mnov_gtseq_160 
2 alleles
2.5% missing data
   0   (0.512) 0.512 0.512 0.513 0.336 0.499 0.513 
   1   (0.488) 0.488 0.488 0.487 0.664 0.501 0.487 

Locus 41 : Mnov_gtseq_161 
2 alleles
2.0% missing data
   1   (0.781) 0.778 0.783 0.783 0.852 0.689 0.782 
   0   (0.219) 0.222 0.217 0.217 0.148 0.311 0.218 

Locus 42 : Mnov_gtseq_162 
2 alleles
2.2% missing data
   1   (0.355) 0.345 0.353 0.353 0.523 0.681 0.354 
   0   (0.645) 0.655 0.647 0.647 0.477 0.319 0.646 

Locus 43 : Mnov_gtseq_167 
2 alleles
1.1% missing data
   1   (0.809) 0.810 0.811 0.811 0.914 0.712 0.810 
   0   (0.191) 0.190 0.189 0.189 0.086 0.288 0.190 

Locus 44 : Mnov_gtseq_17 
2 alleles
0.0% missing data
   0   (0.469) 0.471 0.467 0.468 0.497 0.718 0.468 
   1   (0.531) 0.529 0.533 0.532 0.503 0.282 0.532 

Locus 45 : Mnov_gtseq_170 
2 alleles
0.0% missing data
   0   (0.354) 0.356 0.356 0.356 0.126 0.176 0.354 
   1   (0.646) 0.644 0.644 0.644 0.874 0.824 0.646 

Locus 46 : Mnov_gtseq_171 
2 alleles
42.0% missing data
   1   (0.726) 0.730 0.728 0.728 0.759 0.520 0.727 
   0   (0.274) 0.270 0.272 0.272 0.241 0.480 0.273 

Locus 47 : Mnov_gtseq_173 
2 alleles
21.8% missing data
   1   (0.500) 0.503 0.502 0.500 0.837 0.183 0.500 
   0   (0.500) 0.497 0.498 0.500 0.163 0.817 0.500 

Locus 48 : Mnov_gtseq_174 
2 alleles
2.8% missing data
   0   (0.252) 0.250 0.250 0.251 0.552 0.239 0.251 
   1   (0.748) 0.750 0.750 0.749 0.448 0.761 0.749 

Locus 49 : Mnov_gtseq_180 
2 alleles
14.0% missing data
   0   (0.616) 0.612 0.616 0.615 0.930 0.532 0.616 
   1   (0.384) 0.388 0.384 0.385 0.070 0.468 0.384 

Locus 50 : Mnov_gtseq_182 
2 alleles
9.0% missing data
   0   (0.879) 0.883 0.882 0.882 0.815 0.622 0.881 
   1   (0.121) 0.117 0.118 0.118 0.185 0.378 0.119 

Locus 51 : Mnov_gtseq_186 
2 alleles
27.7% missing data
   0   (0.507) 0.511 0.506 0.506 0.478 0.599 0.507 
   1   (0.493) 0.489 0.494 0.494 0.522 0.401 0.493 

Locus 52 : Mnov_gtseq_187 
2 alleles
7.6% missing data
   1   (0.535) 0.533 0.532 0.534 0.812 0.626 0.533 
   0   (0.465) 0.467 0.468 0.466 0.188 0.374 0.467 

Locus 53 : Mnov_gtseq_188 
2 alleles
13.4% missing data
   0   (0.567) 0.560 0.565 0.568 0.739 0.442 0.567 
   1   (0.433) 0.440 0.435 0.432 0.261 0.558 0.433 

Locus 54 : Mnov_gtseq_189 
2 alleles
3.6% missing data
   0   (0.401) 0.400 0.400 0.398 0.504 0.622 0.398 
   1   (0.599) 0.600 0.600 0.602 0.496 0.378 0.602 

Locus 55 : Mnov_gtseq_19 
2 alleles
0.0% missing data
   1   (0.950) 0.950 0.951 0.951 0.691 0.995 0.951 
   0   (0.050) 0.050 0.049 0.049 0.309 0.005 0.049 

Locus 56 : Mnov_gtseq_190 
2 alleles
0.0% missing data
   1   (0.459) 0.460 0.461 0.461 0.254 0.295 0.461 
   0   (0.541) 0.540 0.539 0.539 0.746 0.705 0.539 

Locus 57 : Mnov_gtseq_191 
2 alleles
26.3% missing data
   0   (0.894) 0.896 0.895 0.894 0.991 0.846 0.895 
   1   (0.106) 0.104 0.105 0.106 0.009 0.154 0.105 

Locus 58 : Mnov_gtseq_192 
2 alleles
21.0% missing data
   0   (0.864) 0.867 0.865 0.866 0.799 0.734 0.865 
   1   (0.136) 0.133 0.135 0.134 0.201 0.266 0.135 

Locus 59 : Mnov_gtseq_193 
2 alleles
0.0% missing data
   0   (0.710) 0.707 0.711 0.709 0.804 0.734 0.710 
   1   (0.290) 0.293 0.289 0.291 0.196 0.266 0.290 

Locus 60 : Mnov_gtseq_195 
2 alleles
0.0% missing data
   0   (0.599) 0.605 0.600 0.600 0.508 0.367 0.600 
   1   (0.401) 0.395 0.400 0.400 0.492 0.633 0.400 

Locus 61 : Mnov_gtseq_196 
2 alleles
0.3% missing data
   0   (0.289) 0.282 0.287 0.288 0.103 0.582 0.289 
   1   (0.711) 0.718 0.713 0.712 0.897 0.418 0.711 

Locus 62 : Mnov_gtseq_197 
3 alleles
0.3% missing data
   1   (0.353) 0.354 0.352 0.354 0.267 0.539 0.353 
   0   (0.435) 0.435 0.436 0.434 0.676 0.370 0.434 
   2   (0.212) 0.212 0.212 0.213 0.057 0.092 0.213 

Locus 63 : Mnov_gtseq_2 
2 alleles
0.3% missing data
   0   (0.221) 0.224 0.221 0.222 0.203 0.045 0.222 
   1   (0.779) 0.776 0.779 0.778 0.797 0.955 0.778 

Locus 64 : Mnov_gtseq_200 
2 alleles
2.8% missing data
   0   (0.405) 0.404 0.404 0.405 0.747 0.221 0.405 
   1   (0.595) 0.596 0.596 0.595 0.253 0.779 0.595 

Locus 65 : Mnov_gtseq_201 
2 alleles
0.0% missing data
   0   (0.902) 0.899 0.903 0.903 0.990 0.661 0.903 
   1   (0.098) 0.101 0.097 0.097 0.010 0.339 0.097 

Locus 66 : Mnov_gtseq_202 
2 alleles
0.0% missing data
   0   (0.411) 0.407 0.410 0.410 0.620 0.375 0.411 
   1   (0.589) 0.593 0.590 0.590 0.380 0.625 0.589 

Locus 67 : Mnov_gtseq_204 
2 alleles
3.9% missing data
   0   (0.391) 0.391 0.388 0.389 0.635 0.538 0.390 
   1   (0.609) 0.609 0.612 0.611 0.365 0.462 0.610 

Locus 68 : Mnov_gtseq_205 
3 alleles
0.0% missing data
   0   (0.192) 0.192 0.191 0.191 0.208 0.318 0.191 
   2   (0.755) 0.757 0.757 0.757 0.738 0.672 0.757 
   1   (0.053) 0.051 0.051 0.052 0.054 0.011 0.052 

Locus 69 : Mnov_gtseq_208 
2 alleles
0.0% missing data
   0   (0.676) 0.676 0.677 0.677 0.265 0.708 0.678 
   1   (0.324) 0.324 0.323 0.323 0.735 0.292 0.322 

Locus 70 : Mnov_gtseq_209 
2 alleles
0.0% missing data
   0   (0.454) 0.445 0.454 0.454 0.620 0.338 0.454 
   1   (0.546) 0.555 0.546 0.546 0.380 0.662 0.546 

Locus 71 : Mnov_gtseq_21 
2 alleles
0.0% missing data
   1   (0.542) 0.542 0.542 0.543 0.219 0.710 0.543 
   0   (0.458) 0.458 0.458 0.457 0.781 0.290 0.457 

Locus 72 : Mnov_gtseq_210 
2 alleles
5.0% missing data
   0   (0.357) 0.352 0.356 0.357 0.148 0.692 0.357 
   1   (0.643) 0.648 0.644 0.643 0.852 0.308 0.643 

Locus 73 : Mnov_gtseq_213 
2 alleles
5.6% missing data
   0   (0.527) 0.532 0.528 0.529 0.300 0.558 0.528 
   1   (0.473) 0.468 0.472 0.471 0.700 0.442 0.472 

Locus 74 : Mnov_gtseq_214 
2 alleles
5.3% missing data
   0   (0.519) 0.519 0.518 0.519 0.812 0.481 0.517 
   1   (0.481) 0.481 0.482 0.481 0.188 0.519 0.483 

Locus 75 : Mnov_gtseq_215 
2 alleles
0.0% missing data
   0   (0.458) 0.453 0.459 0.458 0.583 0.337 0.458 
   1   (0.542) 0.547 0.541 0.542 0.417 0.663 0.542 

Locus 76 : Mnov_gtseq_216 
2 alleles
0.0% missing data
   1   (0.539) 0.541 0.540 0.538 0.712 0.412 0.539 
   0   (0.461) 0.459 0.460 0.462 0.288 0.588 0.461 

Locus 77 : Mnov_gtseq_217 
2 alleles
24.4% missing data
   0   (0.346) 0.342 0.348 0.347 0.092 0.250 0.347 
   1   (0.654) 0.658 0.652 0.653 0.908 0.750 0.653 

Locus 78 : Mnov_gtseq_218 
2 alleles
0.3% missing data
   0   (0.644) 0.650 0.645 0.645 0.856 0.305 0.646 
   1   (0.356) 0.350 0.355 0.355 0.144 0.695 0.354 

Locus 79 : Mnov_gtseq_22 
2 alleles
3.9% missing data
   1   (0.573) 0.575 0.572 0.573 0.825 0.544 0.572 
   0   (0.427) 0.425 0.428 0.427 0.175 0.456 0.428 

Locus 80 : Mnov_gtseq_220 
2 alleles
0.3% missing data
   0   (0.501) 0.503 0.500 0.499 0.767 0.519 0.501 
   1   (0.499) 0.497 0.500 0.501 0.233 0.481 0.499 

Locus 81 : Mnov_gtseq_222 
2 alleles
14.3% missing data
   0   (0.563) 0.566 0.564 0.565 0.778 0.161 0.564 
   1   (0.437) 0.434 0.436 0.435 0.222 0.839 0.436 

Locus 82 : Mnov_gtseq_223 
2 alleles
2.5% missing data
   0   (0.622) 0.615 0.621 0.621 0.626 0.825 0.622 
   1   (0.378) 0.385 0.379 0.379 0.374 0.175 0.378 

Locus 83 : Mnov_gtseq_225 
2 alleles
0.0% missing data
   0   (0.514) 0.521 0.514 0.514 0.436 0.608 0.514 
   1   (0.486) 0.479 0.486 0.486 0.564 0.392 0.486 

Locus 84 : Mnov_gtseq_227 
2 alleles
0.3% missing data
   0   (0.513) 0.515 0.515 0.513 0.741 0.416 0.513 
   1   (0.487) 0.485 0.485 0.487 0.259 0.584 0.487 

Locus 85 : Mnov_gtseq_229 
2 alleles
0.8% missing data
   1   (0.501) 0.496 0.500 0.499 0.746 0.596 0.499 
   0   (0.499) 0.504 0.500 0.501 0.254 0.404 0.501 

Locus 86 : Mnov_gtseq_230 
2 alleles
10.4% missing data
   0   (0.786) 0.784 0.788 0.788 0.932 0.622 0.786 
   1   (0.214) 0.216 0.212 0.212 0.068 0.378 0.214 

Locus 87 : Mnov_gtseq_232 
2 alleles
0.0% missing data
   0   (0.435) 0.433 0.432 0.433 0.838 0.461 0.434 
