

----------------------------------------------------
STRUCTURE by Pritchard, Stephens and Donnelly (2000)
     and Falush, Stephens and Pritchard (2003)
       Code by Pritchard, Falush and Hubisz
             Version 2.3.4 (Jul 2012)
----------------------------------------------------



Command line arguments:   structure -m wint.area.structureRun/wint.area.structureRun.k7.r3_mainparams -e wint.area.structureRun/wint.area.structureRun.k7.r3_extraparams -i wint.area.structureRun/wint.area.structureRun.k7.r3_data -o wint.area.structureRun/wint.area.structureRun.k7.r3_out 
Input File:    wint.area.structureRun/wint.area.structureRun.k7.r3_data

Run parameters:
   357 individuals
   328 loci
   7 populations assumed
   1000 Burn-in period
   10000 Reps


--------------------------------------------
Proportion of membership of each pre-defined
 population in each of the 7 clusters

Given    Inferred Clusters                                   Number of
 Pop       1      2      3      4      5      6      7      Individuals

  1:     0.101  0.162  0.076  0.220  0.119  0.172  0.150       80
  2:     0.179  0.111  0.256  0.093  0.126  0.118  0.117      126
  3:     0.140  0.169  0.107  0.147  0.120  0.158  0.158      115
  4:     0.184  0.143  0.156  0.113  0.126  0.138  0.140       27
  5:     0.067  0.072  0.055  0.084  0.559  0.077  0.086        9
--------------------------------------------

Allele-freq. divergence among pops (Net nucleotide distance),
computed using point estimates of P.

      1       2       3       4       5       6       7      
 1      -    0.0306  0.0465  0.0493  0.0372  0.0325  0.0316  
 2   0.0306     -    0.0612  0.0328  0.0411  0.0249  0.0233  
 3   0.0465  0.0612     -    0.0763  0.0696  0.0600  0.0620  
 4   0.0493  0.0328  0.0763     -    0.0554  0.0378  0.0417  
 5   0.0372  0.0411  0.0696  0.0554     -    0.0404  0.0401  
 6   0.0325  0.0249  0.0600  0.0378  0.0404     -    0.0228  
 7   0.0316  0.0233  0.0620  0.0417  0.0401  0.0228     -    

Average distances (expected heterozygosity) between individuals in same cluster:
cluster  1  : 0.3935 
cluster  2  : 0.4076 
cluster  3  : 0.3619 
cluster  4  : 0.3910 
cluster  5  : 0.3736 
cluster  6  : 0.3982 
cluster  7  : 0.3960 

--------------------------------------------
Estimated Ln Prob of Data   = -219455.2
Mean value of ln likelihood = -132524.2
Variance of ln likelihood   = 173862.1
Mean value of alpha         = 1.0000

Mean value of Fst_1         = 0.1649
Mean value of Fst_2         = 0.1454
Mean value of Fst_3         = 0.2530
Mean value of Fst_4         = 0.1950
Mean value of Fst_5         = 0.1986
Mean value of Fst_6         = 0.1385
Mean value of Fst_7         = 0.1436


Inferred ancestry of individuals:
        Label (%Miss) Pop:  Inferred clusters
  1   207778    (2)    2 :  0.255 0.090 0.198 0.101 0.082 0.101 0.172 
  2 z0005757    (7)    3 :  0.192 0.131 0.098 0.169 0.197 0.077 0.136 
  3 z0005758    (0)    3 :  0.066 0.106 0.060 0.178 0.099 0.326 0.165 
  4 z0011944    (0)    1 :  0.077 0.056 0.073 0.051 0.622 0.071 0.049 
  5 z0012702   (10)    4 :  0.432 0.043 0.259 0.041 0.110 0.065 0.049 
  6 z0016577    (2)    3 :  0.163 0.158 0.144 0.080 0.091 0.181 0.184 
  7 z0016578   (21)    1 :  0.131 0.427 0.039 0.091 0.127 0.077 0.109 
  8 z0016579    (1)    3 :  0.182 0.133 0.081 0.090 0.167 0.247 0.100 
  9 z0018264    (0)    1 :  0.121 0.056 0.065 0.074 0.546 0.073 0.064 
 10 z0029828    (2)    3 :  0.131 0.419 0.081 0.116 0.061 0.101 0.091 
 11 z0029829   (14)    1 :  0.108 0.456 0.070 0.163 0.055 0.078 0.071 
 12 z0029846   (14)    1 :  0.094 0.210 0.073 0.111 0.150 0.164 0.199 
 13 z0029860    (1)    3 :  0.088 0.359 0.062 0.131 0.057 0.194 0.109 
 14 z0029863    (2)    1 :  0.101 0.124 0.076 0.052 0.228 0.188 0.231 
 15 z0029864    (8)    1 :  0.077 0.093 0.059 0.151 0.178 0.180 0.262 
 16 z0029865   (13)    3 :  0.065 0.103 0.060 0.159 0.074 0.241 0.297 
 17 z0037607    (2)    3 :  0.100 0.133 0.118 0.049 0.158 0.227 0.216 
 18 z0037609   (25)    3 :  0.109 0.138 0.087 0.095 0.122 0.189 0.261 
 19 z0037624   (21)    1 :  0.141 0.076 0.086 0.197 0.058 0.345 0.097 
 20 z0038417    (8)    2 :  0.166 0.061 0.390 0.063 0.165 0.078 0.077 
 21 z0040275    (9)    2 :  0.168 0.074 0.245 0.057 0.213 0.107 0.135 
 22 z0040287    (3)    2 :  0.161 0.144 0.156 0.081 0.196 0.097 0.165 
 23 z0040308    (1)    2 :  0.291 0.067 0.235 0.074 0.050 0.112 0.171 
 24 z0040333    (1)    2 :  0.280 0.077 0.180 0.093 0.096 0.199 0.077 
 25 z0040334    (1)    2 :  0.260 0.041 0.431 0.060 0.088 0.054 0.065 
 26 z0040337    (6)    2 :  0.222 0.121 0.147 0.078 0.104 0.226 0.102 
 27 z0040345    (1)    2 :  0.289 0.049 0.276 0.046 0.137 0.104 0.099 
 28 z0040357    (5)    2 :  0.146 0.067 0.339 0.071 0.101 0.195 0.082 
 29 z0040363   (20)    2 :  0.183 0.086 0.264 0.162 0.074 0.135 0.096 
 30 z0040364    (0)    2 :  0.139 0.107 0.404 0.090 0.075 0.063 0.122 
 31 z0040387    (1)    2 :  0.214 0.089 0.324 0.083 0.070 0.145 0.075 
 32 z0040403   (15)    2 :  0.234 0.086 0.210 0.112 0.096 0.084 0.178 
 33 z0040413   (43)    2 :  0.277 0.109 0.141 0.082 0.123 0.077 0.192 
 34 z0040439    (0)    2 :  0.094 0.063 0.504 0.035 0.112 0.063 0.130 
 35 z0040465   (20)    2 :  0.168 0.192 0.174 0.076 0.084 0.145 0.161 
 36 z0040513   (17)    3 :  0.207 0.171 0.130 0.227 0.094 0.072 0.100 
 37 z0040961   (12)    2 :  0.209 0.094 0.195 0.107 0.254 0.064 0.077 
 38 z0040985   (16)    2 :  0.241 0.110 0.159 0.053 0.122 0.139 0.174 
 39 z0041026    (0)    2 :  0.149 0.113 0.408 0.103 0.098 0.068 0.060 
 40 z0041051   (28)    2 :  0.151 0.094 0.229 0.068 0.259 0.068 0.130 
 41 z0041115    (7)    2 :  0.129 0.085 0.358 0.131 0.109 0.105 0.083 
 42 z0041153   (23)    2 :  0.160 0.099 0.180 0.089 0.201 0.150 0.121 
 43 z0041233    (4)    2 :  0.196 0.132 0.169 0.151 0.089 0.129 0.134 
 44 z0041243    (1)    2 :  0.123 0.086 0.212 0.073 0.156 0.170 0.180 
 45 z0041248    (6)    2 :  0.121 0.062 0.350 0.133 0.091 0.160 0.083 
 46 z0041250    (1)    2 :  0.230 0.120 0.297 0.042 0.109 0.091 0.111 
 47 z0041274    (2)    2 :  0.212 0.200 0.178 0.053 0.189 0.054 0.113 
 48 z0041465   (15)    2 :  0.079 0.129 0.392 0.148 0.041 0.058 0.153 
 49 z0041472    (2)    2 :  0.159 0.071 0.327 0.163 0.073 0.089 0.118 
 50 z0041480   (10)    2 :  0.186 0.095 0.159 0.138 0.076 0.203 0.143 
 51 z0041483    (0)    2 :  0.110 0.097 0.440 0.076 0.120 0.092 0.066 
 52 z0041494   (12)    2 :  0.353 0.106 0.179 0.048 0.127 0.105 0.081 
 53 z0041498    (1)    2 :  0.103 0.118 0.317 0.126 0.127 0.125 0.084 
 54 z0041501    (1)    2 :  0.346 0.094 0.296 0.033 0.065 0.071 0.095 
 55 z0041507    (7)    2 :  0.199 0.080 0.305 0.095 0.112 0.096 0.113 
 56 z0041512    (0)    2 :  0.148 0.094 0.409 0.077 0.063 0.088 0.121 
 57 z0041522   (17)    2 :  0.072 0.133 0.364 0.095 0.099 0.158 0.078 
 58 z0041526    (1)    3 :  0.065 0.102 0.404 0.086 0.063 0.115 0.165 
 59 z0041527   (16)    2 :  0.231 0.132 0.246 0.093 0.079 0.064 0.156 
 60 z0043243    (2)    2 :  0.147 0.082 0.064 0.188 0.205 0.212 0.102 
 61 z0043278    (2)    2 :  0.127 0.061 0.424 0.063 0.180 0.090 0.055 
 62 z0043475   (17)    3 :  0.175 0.158 0.190 0.141 0.097 0.142 0.097 
 63 z0043477    (0)    2 :  0.151 0.068 0.193 0.046 0.118 0.328 0.097 
 64 z0043478    (2)    2 :  0.087 0.060 0.548 0.082 0.063 0.103 0.059 
 65 z0043481    (0)    2 :  0.204 0.084 0.272 0.062 0.090 0.225 0.062 
 66 z0043489    (7)    2 :  0.241 0.065 0.356 0.047 0.134 0.081 0.077 
 67 z0043491   (13)    2 :  0.110 0.086 0.258 0.077 0.173 0.110 0.186 
 68 z0043493    (3)    2 :  0.263 0.069 0.111 0.040 0.137 0.115 0.266 
 69 z0043494    (2)    2 :  0.161 0.143 0.159 0.092 0.187 0.069 0.189 
 70 z0043498    (2)    2 :  0.156 0.087 0.425 0.130 0.069 0.076 0.057 
 71 z0043504    (7)    2 :  0.119 0.075 0.173 0.061 0.160 0.193 0.220 
 72 z0043526    (3)    4 :  0.356 0.107 0.103 0.093 0.101 0.126 0.114 
 73 z0043566    (3)    2 :  0.200 0.065 0.248 0.141 0.081 0.110 0.155 
 74 z0043572    (0)    2 :  0.113 0.134 0.353 0.068 0.064 0.193 0.075 
 75 z0043599    (5)    2 :  0.167 0.197 0.181 0.065 0.094 0.141 0.157 
 76 z0043642    (1)    2 :  0.142 0.242 0.143 0.062 0.100 0.236 0.074 
 77 z0043649    (1)    2 :  0.259 0.087 0.316 0.066 0.117 0.076 0.080 
 78 z0043652    (1)    2 :  0.246 0.165 0.105 0.079 0.145 0.088 0.173 
 79 z0043668    (1)    2 :  0.277 0.078 0.095 0.219 0.157 0.124 0.050 
 80 z0043674    (1)    4 :  0.105 0.331 0.042 0.122 0.116 0.113 0.170 
 81 z0043686    (1)    2 :  0.124 0.085 0.192 0.155 0.187 0.156 0.101 
 82 z0043693    (1)    2 :  0.273 0.179 0.139 0.153 0.098 0.058 0.100 
 83 z0043704   (15)    2 :  0.074 0.097 0.463 0.043 0.071 0.055 0.196 
 84 z0043807    (1)    2 :  0.145 0.171 0.241 0.085 0.097 0.139 0.121 
 85 z0043819    (1)    2 :  0.309 0.167 0.045 0.064 0.109 0.218 0.088 
 86 z0043876    (7)    2 :  0.129 0.100 0.125 0.164 0.052 0.228 0.202 
 87 z0043877   (33)    2 :  0.175 0.128 0.217 0.206 0.072 0.089 0.114 
 88 z0043891   (21)    4 :  0.105 0.124 0.136 0.135 0.157 0.216 0.126 
 89 z0043915   (33)    2 :  0.151 0.125 0.108 0.117 0.263 0.148 0.088 
 90 z0043940   (10)    2 :  0.219 0.169 0.045 0.062 0.130 0.128 0.246 
 91 z0043954    (2)    2 :  0.185 0.114 0.133 0.133 0.181 0.097 0.157 
 92 z0043966    (5)    2 :  0.101 0.100 0.436 0.061 0.096 0.131 0.075 
 93 z0043980    (0)    2 :  0.242 0.138 0.157 0.168 0.128 0.111 0.056 
 94 z0043994    (1)    3 :  0.144 0.055 0.422 0.055 0.154 0.121 0.048 
 95 z0044017   (12)    2 :  0.222 0.098 0.143 0.095 0.260 0.062 0.120 
 96 z0044019   (14)    2 :  0.172 0.082 0.238 0.210 0.107 0.092 0.098 
 97 z0044023   (36)    2 :  0.063 0.049 0.534 0.168 0.044 0.073 0.070 
 98 z0044033    (0)    2 :  0.091 0.081 0.622 0.058 0.045 0.059 0.044 
 99 z0044042    (3)    2 :  0.090 0.059 0.426 0.153 0.131 0.062 0.078 
100 z0044047   (25)    2 :  0.376 0.064 0.160 0.085 0.129 0.070 0.116 
101 z0044064   (13)    2 :  0.221 0.128 0.193 0.042 0.192 0.125 0.099 
102 z0044432   (14)    2 :  0.285 0.142 0.115 0.163 0.106 0.079 0.110 
103 z0045326    (0)    3 :  0.076 0.206 0.117 0.090 0.042 0.189 0.279 
104 z0045331    (5)    1 :  0.071 0.241 0.109 0.123 0.134 0.196 0.127 
105 z0045332    (2)    1 :  0.189 0.260 0.076 0.085 0.177 0.077 0.136 
106 z0045333    (6)    1 :  0.098 0.155 0.073 0.290 0.069 0.129 0.186 
107 z0045337    (5)    1 :  0.071 0.078 0.095 0.446 0.092 0.138 0.081 
108 z0045342   (13)    1 :  0.164 0.320 0.079 0.196 0.088 0.071 0.083 
109 z0045347    (1)    3 :  0.168 0.127 0.088 0.079 0.188 0.164 0.188 
110 z0045350    (0)    1 :  0.150 0.225 0.077 0.104 0.196 0.133 0.113 
111 z0045370    (1)    1 :  0.070 0.356 0.031 0.186 0.057 0.094 0.206 
112 z0045371    (1)    3 :  0.134 0.119 0.126 0.103 0.102 0.109 0.308 
113 z0045398    (1)    3 :  0.093 0.161 0.033 0.087 0.064 0.413 0.150 
114 z0045399    (1)    3 :  0.090 0.124 0.047 0.214 0.247 0.091 0.187 
115 z0045401   (26)    1 :  0.256 0.276 0.065 0.094 0.106 0.080 0.124 
116 z0045404    (0)    3 :  0.103 0.314 0.044 0.109 0.059 0.231 0.139 
117 z0045405    (5)    3 :  0.091 0.292 0.049 0.050 0.109 0.142 0.266 
118 z0045407    (2)    3 :  0.101 0.115 0.064 0.059 0.163 0.350 0.148 
119 z0045719    (0)    2 :  0.172 0.134 0.351 0.042 0.098 0.105 0.097 
120 z0045720    (1)    2 :  0.219 0.169 0.159 0.052 0.150 0.140 0.111 
121 z0045728    (1)    2 :  0.091 0.053 0.386 0.106 0.068 0.221 0.074 
122 z0045731    (1)    2 :  0.229 0.130 0.154 0.051 0.104 0.106 0.225 
123 z0045733    (0)    2 :  0.232 0.179 0.127 0.115 0.170 0.088 0.088 
124 z0045736    (1)    2 :  0.196 0.159 0.103 0.077 0.183 0.078 0.203 
125 z0045739    (1)    2 :  0.122 0.136 0.107 0.066 0.087 0.350 0.131 
126 z0045740    (1)    2 :  0.240 0.079 0.327 0.065 0.095 0.065 0.128 
127 z0045741    (0)    2 :  0.360 0.138 0.187 0.030 0.070 0.081 0.133 
128 z0045742    (0)    2 :  0.211 0.188 0.253 0.094 0.065 0.067 0.121 
129 z0045776    (1)    3 :  0.572 0.064 0.068 0.103 0.102 0.042 0.050 
130 z0045779    (0)    2 :  0.059 0.055 0.540 0.118 0.083 0.080 0.064 
131 z0045781    (0)    2 :  0.101 0.059 0.311 0.038 0.090 0.233 0.169 
132 z0045788    (5)    2 :  0.117 0.066 0.464 0.067 0.133 0.072 0.081 
133 z0045789    (2)    2 :  0.081 0.134 0.458 0.065 0.112 0.068 0.082 
134 z0045791    (5)    2 :  0.119 0.164 0.342 0.069 0.167 0.072 0.067 
135 z0045792   (23)    1 :  0.104 0.086 0.174 0.186 0.080 0.178 0.191 
136 z0045793    (0)    3 :  0.052 0.237 0.215 0.267 0.049 0.109 0.071 
137 z0047562   (15)    2 :  0.244 0.106 0.220 0.085 0.162 0.087 0.095 
138 z0047854    (1)    2 :  0.121 0.115 0.249 0.078 0.137 0.141 0.159 
139 z0051185    (1)    1 :  0.067 0.271 0.052 0.079 0.065 0.305 0.161 
140 z0051324    (6)    1 :  0.056 0.121 0.070 0.260 0.101 0.302 0.092 
141 z0051326    (0)    1 :  0.062 0.128 0.060 0.250 0.102 0.308 0.091 
142 z0051327    (4)    3 :  0.112 0.128 0.208 0.080 0.090 0.189 0.193 
143 z0051328    (3)    1 :  0.096 0.130 0.091 0.236 0.069 0.318 0.060 
144 z0051380    (0)    1 :  0.075 0.063 0.030 0.266 0.048 0.421 0.095 
145 z0051400    (0)    3 :  0.179 0.196 0.114 0.196 0.089 0.094 0.131 
146 z0051431   (23)    3 :  0.151 0.147 0.210 0.065 0.068 0.156 0.202 
147 z0051840   (34)    2 :  0.085 0.132 0.338 0.122 0.203 0.053 0.067 
148 z0051844   (27)    2 :  0.262 0.078 0.165 0.068 0.189 0.115 0.123 
149 z0051875   (29)    3 :  0.111 0.234 0.084 0.185 0.077 0.172 0.138 
150 z0051885    (8)    3 :  0.069 0.104 0.371 0.076 0.075 0.096 0.209 
151 z0051888    (1)    2 :  0.068 0.278 0.298 0.151 0.061 0.060 0.084 
152 z0051891    (1)    1 :  0.206 0.187 0.081 0.100 0.092 0.135 0.199 
153 z0051893    (4)    1 :  0.125 0.175 0.073 0.249 0.092 0.199 0.087 
154 z0051895    (0)    3 :  0.090 0.237 0.079 0.217 0.077 0.207 0.092 
155 z0051918    (1)    3 :  0.138 0.075 0.215 0.047 0.273 0.174 0.079 
156 z0051929    (1)    1 :  0.068 0.134 0.073 0.230 0.054 0.293 0.148 
157 z0051939   (12)    3 :  0.132 0.238 0.224 0.085 0.099 0.104 0.118 
158 z0051947    (3)    1 :  0.091 0.057 0.069 0.613 0.049 0.071 0.049 
159 z0051959    (2)    3 :  0.109 0.070 0.135 0.072 0.140 0.346 0.128 
160 z0052846    (0)    4 :  0.195 0.244 0.159 0.076 0.091 0.091 0.145 
161 z0052882    (1)    2 :  0.219 0.123 0.190 0.178 0.103 0.088 0.099 
162 z0053020   (22)    2 :  0.434 0.082 0.092 0.043 0.170 0.097 0.082 
163 z0053024   (13)    2 :  0.131 0.122 0.149 0.109 0.114 0.143 0.232 
164 z0053025    (5)    2 :  0.058 0.067 0.491 0.029 0.053 0.064 0.238 
165 z0053031    (0)    2 :  0.177 0.092 0.153 0.111 0.175 0.102 0.190 
166 z0053032    (1)    2 :  0.324 0.091 0.147 0.125 0.144 0.082 0.088 
167 z0053040    (5)    2 :  0.254 0.126 0.153 0.084 0.154 0.166 0.063 
168 z0053051    (1)    3 :  0.155 0.296 0.041 0.070 0.087 0.083 0.268 
169 z0053054    (6)    3 :  0.163 0.250 0.051 0.111 0.083 0.243 0.098 
170 z0053071    (3)    2 :  0.216 0.113 0.332 0.122 0.066 0.061 0.092 
171 z0053073    (2)    2 :  0.232 0.130 0.061 0.135 0.109 0.162 0.172 
172 z0053078    (1)    3 :  0.148 0.066 0.190 0.035 0.420 0.072 0.070 
173 z0053082    (2)    3 :  0.289 0.129 0.237 0.086 0.076 0.110 0.074 
174 z0053083   (12)    2 :  0.208 0.085 0.193 0.104 0.124 0.183 0.103 
175 z0053090   (11)    3 :  0.199 0.075 0.235 0.076 0.138 0.116 0.162 
176 z0053096    (0)    2 :  0.097 0.112 0.379 0.045 0.266 0.055 0.045 
177 z0053100    (8)    2 :  0.272 0.102 0.203 0.092 0.107 0.121 0.102 
178 z0053101    (0)    2 :  0.092 0.073 0.278 0.074 0.293 0.101 0.090 
179 z0053102    (9)    2 :  0.311 0.120 0.208 0.055 0.088 0.162 0.056 
180 z0053103    (1)    2 :  0.139 0.081 0.488 0.073 0.049 0.049 0.120 
181 z0053111    (2)    3 :  0.125 0.173 0.100 0.125 0.127 0.205 0.144 
182 z0053131    (0)    2 :  0.082 0.135 0.296 0.146 0.127 0.117 0.097 
183 z0053132    (0)    2 :  0.174 0.113 0.161 0.036 0.390 0.066 0.059 
184 z0053133    (1)    2 :  0.156 0.171 0.075 0.120 0.180 0.111 0.187 
185 z0053138    (0)    2 :  0.082 0.128 0.190 0.134 0.072 0.206 0.189 
186 z0053142    (3)    2 :  0.094 0.096 0.353 0.136 0.104 0.134 0.084 
187 z0053149    (1)    2 :  0.156 0.063 0.281 0.097 0.133 0.190 0.080 
188 z0053754    (1)    1 :  0.064 0.063 0.068 0.085 0.119 0.533 0.069 
189 z0053756    (2)    1 :  0.068 0.054 0.057 0.055 0.115 0.573 0.078 
190 z0053758   (17)    1 :  0.056 0.401 0.048 0.220 0.128 0.052 0.095 
191 z0053759    (1)    1 :  0.078 0.115 0.062 0.350 0.098 0.117 0.181 
192 z0053760    (0)    1 :  0.084 0.237 0.075 0.113 0.127 0.167 0.198 
193 z0053842    (2)    1 :  0.110 0.090 0.060 0.054 0.038 0.126 0.522 
194 z0053843    (6)    1 :  0.061 0.313 0.082 0.274 0.078 0.104 0.088 
195 z0053844    (9)    1 :  0.097 0.263 0.088 0.130 0.077 0.212 0.133 
196 z0053846    (3)    1 :  0.055 0.294 0.046 0.404 0.069 0.085 0.048 
197 z0053847    (1)    1 :  0.049 0.048 0.113 0.632 0.065 0.052 0.042 
198 z0053849    (1)    1 :  0.093 0.063 0.057 0.061 0.090 0.075 0.561 
199 z0055903    (1)    4 :  0.319 0.127 0.066 0.103 0.128 0.084 0.173 
200 z0055910   (35)    4 :  0.126 0.186 0.211 0.101 0.151 0.131 0.093 
201 z0055912    (7)    4 :  0.129 0.104 0.149 0.061 0.265 0.150 0.143 
202 z0055916   (17)    4 :  0.111 0.168 0.088 0.098 0.083 0.091 0.360 
203 z0055931    (4)    4 :  0.198 0.070 0.355 0.071 0.108 0.139 0.059 
204 z0055944    (4)    4 :  0.208 0.086 0.109 0.144 0.118 0.089 0.246 
205 z0055947   (10)    4 :  0.149 0.206 0.114 0.055 0.119 0.141 0.216 
206 z0055962    (6)    4 :  0.101 0.119 0.207 0.075 0.074 0.239 0.185 
207 z0055963   (21)    4 :  0.130 0.206 0.202 0.141 0.153 0.078 0.090 
208 z0055965   (26)    4 :  0.144 0.126 0.045 0.215 0.223 0.116 0.131 
209 z0055970   (16)    4 :  0.273 0.079 0.129 0.178 0.073 0.119 0.149 
210 z0055971    (8)    4 :  0.159 0.092 0.116 0.228 0.148 0.103 0.156 
211 z0055977    (6)    4 :  0.102 0.133 0.271 0.069 0.130 0.123 0.171 
212 z0055986   (21)    4 :  0.173 0.235 0.096 0.174 0.076 0.110 0.136 
213 z0055990    (7)    4 :  0.111 0.122 0.342 0.078 0.163 0.087 0.097 
214 z0055996    (3)    4 :  0.122 0.205 0.193 0.104 0.064 0.205 0.107 
215 z0055997    (4)    4 :  0.171 0.122 0.239 0.161 0.067 0.177 0.063 
216 z0055998    (5)    4 :  0.123 0.130 0.103 0.077 0.216 0.227 0.124 
217 z0055999    (3)    4 :  0.136 0.159 0.081 0.225 0.176 0.135 0.087 
218 z0056011    (9)    4 :  0.291 0.147 0.052 0.064 0.105 0.161 0.180 
219 z0056029    (5)    4 :  0.308 0.106 0.077 0.097 0.080 0.219 0.113 
220 z0056034    (2)    4 :  0.184 0.078 0.283 0.053 0.114 0.181 0.108 
221 z0056056   (26)    3 :  0.152 0.168 0.120 0.161 0.100 0.146 0.152 
222 z0056058    (5)    3 :  0.094 0.117 0.036 0.457 0.062 0.106 0.128 
223 z0056059    (8)    3 :  0.298 0.096 0.046 0.144 0.199 0.113 0.105 
224 z0056062    (1)    3 :  0.374 0.071 0.084 0.191 0.134 0.080 0.065 
225 z0056063    (4)    3 :  0.151 0.228 0.089 0.112 0.113 0.166 0.142 
226 z0056064    (0)    3 :  0.117 0.152 0.081 0.211 0.224 0.107 0.109 
227 z0056065    (0)    3 :  0.109 0.267 0.064 0.224 0.113 0.124 0.098 
228 z0056069    (1)    3 :  0.572 0.058 0.074 0.100 0.098 0.046 0.052 
229 z0056073    (0)    3 :  0.130 0.183 0.033 0.102 0.052 0.278 0.221 
230 z0056076    (5)    3 :  0.070 0.087 0.165 0.411 0.145 0.082 0.040 
231 z0056079   (10)    3 :  0.095 0.248 0.039 0.133 0.115 0.127 0.243 
232 z0056085    (1)    3 :  0.088 0.203 0.070 0.198 0.106 0.251 0.085 
233 z0056092    (1)    3 :  0.105 0.168 0.069 0.125 0.173 0.194 0.166 
234 z0056095    (1)    3 :  0.144 0.206 0.048 0.194 0.210 0.119 0.079 
235 z0056103    (8)    3 :  0.114 0.091 0.043 0.245 0.120 0.146 0.241 
236 z0056374    (8)    1 :  0.109 0.124 0.051 0.247 0.072 0.182 0.215 
237 z0056375    (0)    1 :  0.106 0.207 0.067 0.284 0.076 0.099 0.162 
238 z0056377    (0)    1 :  0.092 0.053 0.052 0.139 0.082 0.212 0.369 
239 z0056378    (2)    1 :  0.181 0.102 0.091 0.451 0.048 0.062 0.065 
240 z0056382    (1)    1 :  0.072 0.347 0.042 0.297 0.106 0.076 0.060 
241 z0056384    (3)    1 :  0.103 0.126 0.096 0.278 0.187 0.084 0.127 
242 z0056386    (8)    1 :  0.052 0.300 0.052 0.305 0.083 0.100 0.108 
243 z0056389    (1)    1 :  0.056 0.532 0.037 0.180 0.074 0.051 0.070 
244 z0056391    (2)    1 :  0.034 0.244 0.021 0.501 0.030 0.063 0.107 
245 z0056392   (12)    1 :  0.072 0.106 0.062 0.168 0.040 0.453 0.098 
246 z0056393    (9)    1 :  0.127 0.160 0.091 0.061 0.113 0.236 0.212 
247 z0056394    (1)    1 :  0.100 0.173 0.056 0.100 0.066 0.286 0.218 
248 z0056395    (2)    1 :  0.119 0.062 0.086 0.181 0.088 0.282 0.183 
249 z0056397    (1)    1 :  0.088 0.088 0.197 0.058 0.131 0.346 0.093 
250 z0061527    (3)    3 :  0.144 0.120 0.263 0.118 0.089 0.144 0.122 
251 z0061967    (1)    3 :  0.103 0.139 0.136 0.131 0.067 0.218 0.207 
252 z0061969    (1)    3 :  0.165 0.122 0.201 0.102 0.045 0.239 0.126 
253 z0061980    (1)    1 :  0.074 0.130 0.181 0.141 0.083 0.302 0.089 
254 z0066166    (3)    3 :  0.072 0.186 0.112 0.207 0.089 0.073 0.260 
255 z0066792    (2)    1 :  0.044 0.097 0.080 0.143 0.523 0.050 0.063 
256 z0066805    (2)    1 :  0.107 0.098 0.052 0.070 0.540 0.069 0.063 
257 z0068471    (3)    3 :  0.108 0.061 0.085 0.390 0.112 0.109 0.134 
258 z0075696    (7)    5 :  0.090 0.084 0.055 0.044 0.622 0.036 0.070 
259 z0101084    (8)    1 :  0.121 0.185 0.082 0.413 0.058 0.083 0.058 
260 z0107099    (3)    3 :  0.080 0.190 0.025 0.342 0.057 0.116 0.189 
261 z0107101    (0)    1 :  0.035 0.112 0.035 0.677 0.043 0.038 0.061 
262 z0108489    (1)    1 :  0.215 0.071 0.108 0.185 0.135 0.081 0.205 
263 z0108513    (0)    1 :  0.039 0.208 0.149 0.366 0.047 0.101 0.090 
264 z0108528    (1)    3 :  0.142 0.144 0.152 0.145 0.076 0.158 0.182 
265 z0113628    (2)    3 :  0.232 0.188 0.070 0.066 0.191 0.120 0.132 
266 z0133302   (18)    1 :  0.094 0.088 0.147 0.410 0.104 0.094 0.063 
267 z0173485    (0)    1 :  0.229 0.186 0.119 0.072 0.084 0.136 0.174 
268 z0175371    (1)    3 :  0.097 0.089 0.167 0.056 0.272 0.205 0.113 
269 z0175378    (0)    2 :  0.166 0.148 0.424 0.065 0.047 0.079 0.071 
270 z0175912    (6)    1 :  0.120 0.074 0.088 0.260 0.093 0.180 0.185 
271 z0175916    (3)    1 :  0.084 0.139 0.247 0.121 0.177 0.145 0.087 
272 z0175937    (1)    1 :  0.109 0.238 0.063 0.179 0.086 0.191 0.134 
273 z0178348   (13)    1 :  0.093 0.065 0.056 0.247 0.066 0.324 0.149 
274 z0187857    (3)    1 :  0.088 0.099 0.090 0.446 0.056 0.055 0.165 
275 z0187860    (0)    1 :  0.195 0.209 0.104 0.149 0.099 0.087 0.157 
276 z0187885    (0)    2 :  0.148 0.110 0.196 0.096 0.286 0.067 0.097 
277 z0187906   (10)    1 :  0.211 0.149 0.052 0.087 0.249 0.164 0.088 
278 z0195655    (0)    2 :  0.067 0.070 0.514 0.074 0.068 0.085 0.122 
279 z0195663    (1)    3 :  0.228 0.127 0.238 0.040 0.093 0.157 0.118 
280 z0195683    (1)    3 :  0.119 0.275 0.052 0.246 0.051 0.112 0.145 
281 z0195687   (22)    3 :  0.084 0.280 0.034 0.131 0.078 0.272 0.122 
282 z0195688    (0)    2 :  0.152 0.126 0.155 0.072 0.226 0.170 0.099 
283 z0195691    (1)    3 :  0.259 0.160 0.036 0.051 0.187 0.098 0.208 
284 z0195699    (0)    3 :  0.089 0.311 0.063 0.045 0.067 0.146 0.280 
285 z0195701    (8)    3 :  0.073 0.168 0.105 0.313 0.097 0.086 0.159 
286 z0195702    (0)    3 :  0.114 0.119 0.118 0.174 0.188 0.105 0.181 
287 z0195704    (1)    3 :  0.134 0.069 0.112 0.318 0.109 0.157 0.102 
288 z0195705    (1)    3 :  0.334 0.109 0.181 0.047 0.080 0.078 0.170 
289 z0195711    (0)    3 :  0.124 0.177 0.050 0.065 0.248 0.084 0.251 
290 z0195716    (0)    3 :  0.080 0.113 0.075 0.181 0.216 0.127 0.208 
291 z0195718   (13)    3 :  0.088 0.227 0.045 0.219 0.136 0.157 0.126 
292 z0195725    (5)    3 :  0.098 0.091 0.202 0.134 0.070 0.244 0.160 
293 z0195726   (17)    1 :  0.130 0.138 0.045 0.055 0.090 0.096 0.446 
294 z0195728   (14)    3 :  0.076 0.412 0.030 0.268 0.050 0.103 0.060 
295 z0195732   (16)    3 :  0.113 0.185 0.035 0.112 0.082 0.176 0.295 
296 z0195737    (1)    3 :  0.245 0.170 0.185 0.098 0.167 0.074 0.062 
297 z0195740   (30)    3 :  0.184 0.173 0.075 0.072 0.093 0.193 0.210 
298 z0195751    (1)    3 :  0.072 0.354 0.056 0.189 0.066 0.082 0.180 
299 z0195762    (2)    3 :  0.073 0.090 0.050 0.122 0.262 0.164 0.239 
300 z0195784    (0)    3 :  0.158 0.297 0.044 0.174 0.107 0.149 0.071 
301 z0196686    (0)    5 :  0.047 0.046 0.030 0.079 0.712 0.043 0.044 
302 z0196687    (0)    5 :  0.052 0.060 0.085 0.084 0.558 0.098 0.064 
303 z0196689    (1)    5 :  0.059 0.060 0.065 0.040 0.579 0.128 0.069 
304 z0196690    (3)    5 :  0.055 0.070 0.035 0.185 0.526 0.072 0.057 
305 z0196691    (9)    5 :  0.080 0.104 0.039 0.063 0.539 0.098 0.078 
306 z0196692    (1)    5 :  0.078 0.078 0.072 0.088 0.458 0.080 0.146 
307 z0196693    (2)    5 :  0.050 0.064 0.052 0.105 0.512 0.063 0.153 
308 z0196694    (3)    5 :  0.091 0.085 0.060 0.069 0.527 0.072 0.097 
309 z0196710    (0)    3 :  0.133 0.150 0.155 0.117 0.145 0.187 0.113 
310 z0196715   (23)    3 :  0.090 0.249 0.052 0.127 0.062 0.173 0.246 
311 z0196719    (0)    3 :  0.095 0.184 0.098 0.080 0.077 0.138 0.328 
312 z0196724   (20)    3 :  0.126 0.181 0.088 0.143 0.054 0.205 0.204 
313 z0196725    (1)    3 :  0.176 0.120 0.061 0.346 0.106 0.105 0.086 
314 z0196729    (3)    3 :  0.103 0.187 0.125 0.125 0.080 0.248 0.132 
315 z0196730    (3)    1 :  0.088 0.054 0.076 0.505 0.141 0.071 0.066 
316 z0196731    (1)    3 :  0.096 0.147 0.041 0.164 0.097 0.265 0.189 
317 z0196733   (17)    1 :  0.078 0.122 0.046 0.096 0.074 0.347 0.237 
318 z0196734    (2)    3 :  0.200 0.220 0.093 0.090 0.078 0.163 0.155 
319 z0196739   (18)    3 :  0.133 0.107 0.155 0.298 0.064 0.121 0.123 
320 z0196740   (10)    3 :  0.058 0.102 0.072 0.133 0.146 0.307 0.182 
321 z0196746    (3)    1 :  0.164 0.108 0.066 0.414 0.103 0.074 0.071 
322 z0196751    (0)    3 :  0.084 0.192 0.154 0.234 0.105 0.104 0.127 
323 z0196752    (0)    3 :  0.089 0.113 0.052 0.109 0.304 0.277 0.056 
324 z0196754    (0)    3 :  0.155 0.285 0.070 0.173 0.075 0.139 0.103 
325 z0196758    (2)    1 :  0.094 0.120 0.062 0.177 0.126 0.338 0.083 
326 z0196763    (2)    3 :  0.181 0.181 0.047 0.066 0.089 0.265 0.171 
327 z0196764    (1)    3 :  0.106 0.232 0.131 0.081 0.107 0.159 0.184 
328 z0196766    (0)    3 :  0.127 0.197 0.099 0.204 0.118 0.160 0.094 
329 z0196769    (1)    3 :  0.090 0.274 0.073 0.179 0.130 0.140 0.113 
330 z0196774    (1)    3 :  0.078 0.143 0.059 0.190 0.210 0.243 0.077 
331 z0196783    (0)    1 :  0.046 0.189 0.035 0.535 0.054 0.097 0.043 
332 z0196794    (2)    1 :  0.056 0.230 0.037 0.380 0.105 0.131 0.061 
333 z0196804   (15)    1 :  0.086 0.177 0.063 0.108 0.060 0.366 0.140 
334 z0196809   (15)    3 :  0.054 0.084 0.036 0.057 0.089 0.082 0.598 
335 z0196810    (2)    1 :  0.105 0.075 0.051 0.103 0.103 0.424 0.138 
336 z0196811    (1)    1 :  0.071 0.063 0.028 0.109 0.045 0.108 0.576 
337 z0196824    (0)    3 :  0.195 0.118 0.144 0.137 0.160 0.127 0.119 
338 z0196825    (1)    3 :  0.139 0.211 0.146 0.127 0.054 0.189 0.134 
339 z0196828    (1)    2 :  0.112 0.171 0.094 0.118 0.069 0.162 0.273 
340 z0196829    (0)    3 :  0.141 0.133 0.069 0.096 0.073 0.264 0.223 
341 z0196834   (28)    3 :  0.110 0.096 0.146 0.237 0.118 0.130 0.163 
342 z0196835    (0)    3 :  0.123 0.202 0.090 0.305 0.032 0.149 0.100 
343 z0196838    (2)    1 :  0.050 0.065 0.032 0.064 0.085 0.105 0.599 
344 z0196841   (22)    3 :  0.085 0.146 0.064 0.251 0.157 0.207 0.090 
345 z0196843   (27)    3 :  0.147 0.100 0.052 0.319 0.091 0.086 0.206 
346 z0196849    (1)    3 :  0.075 0.302 0.078 0.157 0.100 0.103 0.185 
347 z0196852    (1)    2 :  0.195 0.160 0.106 0.065 0.209 0.137 0.129 
348 z0196855    (0)    2 :  0.137 0.122 0.117 0.088 0.153 0.253 0.129 
349 z0196856    (1)    3 :  0.157 0.160 0.109 0.074 0.137 0.160 0.203 
350 z0196857    (0)    2 :  0.069 0.286 0.293 0.148 0.058 0.058 0.088 
351 z0196864    (2)    3 :  0.227 0.134 0.140 0.050 0.119 0.130 0.200 
352 z0196894    (0)    3 :  0.169 0.131 0.043 0.140 0.118 0.084 0.315 
353 z0197662    (3)    1 :  0.200 0.098 0.119 0.150 0.108 0.130 0.195 
354 z0197665    (2)    1 :  0.054 0.081 0.086 0.462 0.116 0.116 0.084 
355 z0197668   (20)    3 :  0.116 0.130 0.074 0.062 0.320 0.141 0.156 
356 z0197669    (1)    3 :  0.337 0.154 0.108 0.082 0.131 0.110 0.076 
357 z0197672    (1)    3 :  0.103 0.292 0.097 0.142 0.114 0.136 0.117 


Estimated Allele Frequencies in each cluster
First column gives estimated ancestral frequencies


Locus 1 : HI.v.HI.SEAK 
5 alleles
66.2% missing data
   0   (0.217) 0.228 0.162 0.138 0.132 0.377 0.154 0.152 
   4   (0.376) 0.167 0.634 0.035 0.501 0.241 0.591 0.609 
   1   (0.205) 0.398 0.089 0.792 0.073 0.200 0.126 0.131 
   2   (0.056) 0.070 0.018 0.017 0.016 0.025 0.027 0.026 
   3   (0.146) 0.137 0.097 0.018 0.278 0.156 0.102 0.082 

Locus 2 : Mnov_gtseq_1 
2 alleles
0.0% missing data
   0   (0.414) 0.457 0.378 0.269 0.380 0.512 0.307 0.488 
   1   (0.586) 0.543 0.622 0.731 0.620 0.488 0.693 0.512 

Locus 3 : Mnov_gtseq_10 
2 alleles
0.3% missing data
   0   (0.806) 0.917 0.697 0.958 0.807 0.941 0.629 0.818 
   1   (0.194) 0.083 0.303 0.042 0.193 0.059 0.371 0.182 

Locus 4 : Mnov_gtseq_102 
2 alleles
0.8% missing data
   0   (0.572) 0.603 0.562 0.792 0.311 0.525 0.528 0.736 
   1   (0.428) 0.397 0.438 0.208 0.689 0.475 0.472 0.264 

Locus 5 : Mnov_gtseq_104 
2 alleles
0.3% missing data
   0   (0.853) 0.946 0.790 0.964 0.631 0.966 0.859 0.902 
   1   (0.147) 0.054 0.210 0.036 0.369 0.034 0.141 0.098 

Locus 6 : Mnov_gtseq_106 
2 alleles
15.4% missing data
   1   (0.748) 0.875 0.832 0.758 0.754 0.693 0.728 0.808 
   0   (0.252) 0.125 0.168 0.242 0.246 0.307 0.272 0.192 

Locus 7 : Mnov_gtseq_107 
2 alleles
37.8% missing data
   1   (0.216) 0.541 0.114 0.479 0.221 0.090 0.116 0.149 
   0   (0.784) 0.459 0.886 0.521 0.779 0.910 0.884 0.851 

Locus 8 : Mnov_gtseq_111 
2 alleles
39.2% missing data
   1   (0.700) 0.807 0.541 0.328 0.686 0.871 0.674 0.838 
   0   (0.300) 0.193 0.459 0.672 0.314 0.129 0.326 0.162 

Locus 9 : Mnov_gtseq_112 
2 alleles
1.1% missing data
   0   (0.596) 0.628 0.722 0.803 0.768 0.351 0.428 0.625 
   1   (0.404) 0.372 0.278 0.197 0.232 0.649 0.572 0.375 

Locus 10 : Mnov_gtseq_113 
2 alleles
1.7% missing data
   1   (0.698) 0.750 0.806 0.598 0.766 0.656 0.678 0.770 
   0   (0.302) 0.250 0.194 0.402 0.234 0.344 0.322 0.230 

Locus 11 : Mnov_gtseq_114 
2 alleles
4.5% missing data
   0   (0.545) 0.613 0.680 0.171 0.513 0.395 0.623 0.624 
   1   (0.455) 0.387 0.320 0.829 0.487 0.605 0.377 0.376 

Locus 12 : Mnov_gtseq_117 
2 alleles
27.2% missing data
   0   (0.636) 0.577 0.595 0.925 0.540 0.680 0.619 0.625 
   1   (0.364) 0.423 0.405 0.075 0.460 0.320 0.381 0.375 

Locus 13 : Mnov_gtseq_118 
2 alleles
8.1% missing data
   0   (0.733) 0.751 0.833 0.929 0.273 0.785 0.768 0.763 
   1   (0.267) 0.249 0.167 0.071 0.727 0.215 0.232 0.237 

Locus 14 : Mnov_gtseq_12 
2 alleles
0.3% missing data
   0   (0.449) 0.252 0.698 0.243 0.363 0.768 0.220 0.582 
   1   (0.551) 0.748 0.302 0.757 0.637 0.232 0.780 0.418 

Locus 15 : Mnov_gtseq_124 
2 alleles
4.8% missing data
   1   (0.774) 0.865 0.773 0.907 0.767 0.937 0.430 0.863 
   0   (0.226) 0.135 0.227 0.093 0.233 0.063 0.570 0.137 

Locus 16 : Mnov_gtseq_125 
2 alleles
1.1% missing data
   1   (0.892) 0.803 0.969 0.546 0.984 0.967 0.935 0.911 
   0   (0.108) 0.197 0.031 0.454 0.016 0.033 0.065 0.089 

Locus 17 : Mnov_gtseq_126 
2 alleles
0.0% missing data
   0   (0.342) 0.457 0.152 0.229 0.098 0.613 0.520 0.328 
   1   (0.658) 0.543 0.848 0.771 0.902 0.387 0.480 0.672 

Locus 18 : Mnov_gtseq_127 
2 alleles
7.0% missing data
   0   (0.614) 0.577 0.748 0.391 0.667 0.637 0.757 0.479 
   1   (0.386) 0.423 0.252 0.609 0.333 0.363 0.243 0.521 

Locus 19 : Mnov_gtseq_128 
2 alleles
31.4% missing data
   0   (0.680) 0.586 0.731 0.702 0.863 0.660 0.684 0.708 
   1   (0.320) 0.414 0.269 0.298 0.137 0.340 0.316 0.292 

Locus 20 : Mnov_gtseq_129 
2 alleles
2.0% missing data
   0   (0.514) 0.795 0.426 0.558 0.546 0.215 0.388 0.636 
   1   (0.486) 0.205 0.574 0.442 0.454 0.785 0.612 0.364 

Locus 21 : Mnov_gtseq_13 
2 alleles
0.0% missing data
   0   (0.565) 0.709 0.425 0.585 0.606 0.869 0.403 0.480 
   1   (0.435) 0.291 0.575 0.415 0.394 0.131 0.597 0.520 

Locus 22 : Mnov_gtseq_130 
2 alleles
28.9% missing data
   1   (0.512) 0.308 0.417 0.513 0.503 0.728 0.497 0.590 
   0   (0.488) 0.692 0.583 0.487 0.497 0.272 0.503 0.410 

Locus 23 : Mnov_gtseq_135 
2 alleles
0.6% missing data
   1   (0.467) 0.532 0.578 0.636 0.349 0.339 0.390 0.402 
   0   (0.533) 0.468 0.422 0.364 0.651 0.661 0.610 0.598 

Locus 24 : Mnov_gtseq_138 
2 alleles
0.6% missing data
   0   (0.475) 0.621 0.454 0.285 0.434 0.376 0.497 0.524 
   1   (0.525) 0.379 0.546 0.715 0.566 0.624 0.503 0.476 

Locus 25 : Mnov_gtseq_140 
2 alleles
1.1% missing data
   0   (0.445) 0.582 0.635 0.650 0.200 0.157 0.458 0.464 
   1   (0.555) 0.418 0.365 0.350 0.800 0.843 0.542 0.536 

Locus 26 : Mnov_gtseq_141 
2 alleles
0.3% missing data
   0   (0.559) 0.564 0.470 0.544 0.860 0.335 0.593 0.556 
   1   (0.441) 0.436 0.530 0.456 0.140 0.665 0.407 0.444 

Locus 27 : Mnov_gtseq_143 
2 alleles
2.8% missing data
   1   (0.552) 0.474 0.608 0.524 0.774 0.274 0.536 0.670 
   0   (0.448) 0.526 0.392 0.476 0.226 0.726 0.464 0.330 

Locus 28 : Mnov_gtseq_145 
2 alleles
2.0% missing data
   0   (0.456) 0.294 0.575 0.602 0.684 0.333 0.435 0.298 
   1   (0.544) 0.706 0.425 0.398 0.316 0.667 0.565 0.702 

Locus 29 : Mnov_gtseq_147 
2 alleles
26.3% missing data
   0   (0.791) 0.712 0.878 0.309 0.844 0.692 0.888 0.928 
   1   (0.209) 0.288 0.122 0.691 0.156 0.308 0.112 0.072 

Locus 30 : Mnov_gtseq_148 
2 alleles
9.2% missing data
   0   (0.304) 0.194 0.256 0.079 0.160 0.482 0.306 0.514 
   1   (0.696) 0.806 0.744 0.921 0.840 0.518 0.694 0.486 

Locus 31 : Mnov_gtseq_149 
2 alleles
0.6% missing data
   0   (0.599) 0.597 0.616 0.538 0.603 0.519 0.562 0.753 
   1   (0.401) 0.403 0.384 0.462 0.397 0.481 0.438 0.247 

Locus 32 : Mnov_gtseq_15 
2 alleles
0.0% missing data
   0   (0.475) 0.368 0.712 0.451 0.480 0.490 0.374 0.382 
   1   (0.525) 0.632 0.288 0.549 0.520 0.510 0.626 0.618 

Locus 33 : Mnov_gtseq_152 
2 alleles
0.8% missing data
   0   (0.333) 0.515 0.410 0.343 0.389 0.232 0.216 0.198 
   1   (0.667) 0.485 0.590 0.657 0.611 0.768 0.784 0.802 

Locus 34 : Mnov_gtseq_154 
2 alleles
3.4% missing data
   0   (0.552) 0.424 0.629 0.393 0.693 0.568 0.541 0.569 
   1   (0.448) 0.576 0.371 0.607 0.307 0.432 0.459 0.431 

Locus 35 : Mnov_gtseq_155 
2 alleles
41.7% missing data
   0   (0.653) 0.774 0.695 0.655 0.667 0.634 0.706 0.595 
   1   (0.347) 0.226 0.305 0.345 0.333 0.366 0.294 0.405 

Locus 36 : Mnov_gtseq_157 
2 alleles
0.6% missing data
   1   (0.552) 0.607 0.527 0.665 0.606 0.460 0.358 0.738 
   0   (0.448) 0.393 0.473 0.335 0.394 0.540 0.642 0.262 

Locus 37 : Mnov_gtseq_158 
2 alleles
0.6% missing data
   0   (0.388) 0.178 0.519 0.045 0.790 0.323 0.594 0.295 
   1   (0.612) 0.822 0.481 0.955 0.210 0.677 0.406 0.705 

Locus 38 : Mnov_gtseq_159 
2 alleles
24.6% missing data
   0   (0.612) 0.581 0.620 0.296 0.657 0.432 0.787 0.745 
   1   (0.388) 0.419 0.380 0.704 0.343 0.568 0.213 0.255 

Locus 39 : Mnov_gtseq_16 
2 alleles
0.0% missing data
   0   (0.632) 0.693 0.816 0.455 0.607 0.841 0.489 0.552 
   1   (0.368) 0.307 0.184 0.545 0.393 0.159 0.511 0.448 

Locus 40 : Mnov_gtseq_160 
2 alleles
2.5% missing data
   0   (0.502) 0.453 0.493 0.328 0.462 0.409 0.529 0.688 
   1   (0.498) 0.547 0.507 0.672 0.538 0.591 0.471 0.312 

Locus 41 : Mnov_gtseq_161 
2 alleles
2.0% missing data
   1   (0.748) 0.864 0.727 0.805 0.775 0.862 0.603 0.821 
   0   (0.252) 0.136 0.273 0.195 0.225 0.138 0.397 0.179 

Locus 42 : Mnov_gtseq_162 
2 alleles
2.2% missing data
   1   (0.415) 0.489 0.515 0.500 0.744 0.211 0.196 0.382 
   0   (0.585) 0.511 0.485 0.500 0.256 0.789 0.804 0.618 

Locus 43 : Mnov_gtseq_167 
2 alleles
1.1% missing data
   1   (0.793) 0.899 0.869 0.845 0.543 0.884 0.835 0.812 
   0   (0.207) 0.101 0.131 0.155 0.457 0.116 0.165 0.188 

Locus 44 : Mnov_gtseq_17 
2 alleles
0.0% missing data
   0   (0.506) 0.469 0.498 0.454 0.695 0.571 0.647 0.281 
   1   (0.494) 0.531 0.502 0.546 0.305 0.429 0.353 0.719 

Locus 45 : Mnov_gtseq_170 
2 alleles
0.0% missing data
   0   (0.323) 0.307 0.365 0.146 0.185 0.339 0.266 0.402 
   1   (0.677) 0.693 0.635 0.854 0.815 0.661 0.734 0.598 

Locus 46 : Mnov_gtseq_171 
2 alleles
42.0% missing data
   1   (0.679) 0.761 0.535 0.742 0.584 0.767 0.738 0.755 
   0   (0.321) 0.239 0.465 0.258 0.416 0.233 0.262 0.245 

Locus 47 : Mnov_gtseq_173 
2 alleles
21.8% missing data
   1   (0.482) 0.575 0.370 0.827 0.150 0.768 0.495 0.345 
   0   (0.518) 0.425 0.630 0.173 0.850 0.232 0.505 0.655 

Locus 48 : Mnov_gtseq_174 
2 alleles
2.8% missing data
   0   (0.291) 0.277 0.179 0.582 0.341 0.252 0.282 0.177 
   1   (0.709) 0.723 0.821 0.418 0.659 0.748 0.718 0.823 

Locus 49 : Mnov_gtseq_180 
2 alleles
14.0% missing data
   0   (0.655) 0.784 0.661 0.947 0.456 0.234 0.746 0.707 
   1   (0.345) 0.216 0.339 0.053 0.544 0.766 0.254 0.293 

Locus 50 : Mnov_gtseq_182 
2 alleles
9.0% missing data
   0   (0.817) 0.903 0.752 0.790 0.637 0.954 0.870 0.883 
   1   (0.183) 0.097 0.248 0.210 0.363 0.046 0.130 0.117 

Locus 51 : Mnov_gtseq_186 
2 alleles
27.7% missing data
   0   (0.521) 0.398 0.466 0.498 0.579 0.591 0.568 0.552 
   1   (0.479) 0.602 0.534 0.502 0.421 0.409 0.432 0.448 

Locus 52 : Mnov_gtseq_187 
2 alleles
7.6% missing data
   1   (0.584) 0.384 0.703 0.866 0.490 0.506 0.619 0.586 
   0   (0.416) 0.616 0.297 0.134 0.510 0.494 0.381 0.414 

Locus 53 : Mnov_gtseq_188 
2 alleles
13.4% missing data
   0   (0.554) 0.656 0.620 0.733 0.468 0.902 0.309 0.334 
   1   (0.446) 0.344 0.380 0.267 0.532 0.098 0.691 0.666 

Locus 54 : Mnov_gtseq_189 
2 alleles
3.6% missing data
   0   (0.440) 0.584 0.377 0.477 0.723 0.160 0.436 0.405 
   1   (0.560) 0.416 0.623 0.523 0.277 0.840 0.564 0.595 

Locus 55 : Mnov_gtseq_19 
2 alleles
0.0% missing data
   1   (0.933) 0.974 0.989 0.681 0.993 0.800 0.980 0.976 
   0   (0.067) 0.026 0.011 0.319 0.007 0.200 0.020 0.024 

Locus 56 : Mnov_gtseq_190 
2 alleles
0.0% missing data
   1   (0.432) 0.424 0.486 0.266 0.305 0.390 0.442 0.470 
   0   (0.568) 0.576 0.514 0.734 0.695 0.610 0.558 0.530 

Locus 57 : Mnov_gtseq_191 
2 alleles
26.3% missing data
   0   (0.887) 0.966 0.962 0.990 0.866 0.833 0.908 0.781 
   1   (0.113) 0.034 0.038 0.010 0.134 0.167 0.092 0.219 

Locus 58 : Mnov_gtseq_192 
2 alleles
21.0% missing data
   0   (0.807) 0.885 0.872 0.793 0.811 0.912 0.878 0.662 
   1   (0.193) 0.115 0.128 0.207 0.189 0.088 0.122 0.338 

Locus 59 : Mnov_gtseq_193 
2 alleles
0.0% missing data
   0   (0.705) 0.865 0.810 0.745 0.744 0.559 0.647 0.716 
   1   (0.295) 0.135 0.190 0.255 0.256 0.441 0.353 0.284 

Locus 60 : Mnov_gtseq_195 
2 alleles
0.0% missing data
   0   (0.553) 0.668 0.468 0.439 0.351 0.783 0.593 0.537 
   1   (0.447) 0.332 0.532 0.561 0.649 0.217 0.407 0.463 

Locus 61 : Mnov_gtseq_196 
2 alleles
0.3% missing data
   0   (0.310) 0.174 0.329 0.105 0.604 0.505 0.195 0.261 
   1   (0.690) 0.826 0.671 0.895 0.396 0.495 0.805 0.739 

Locus 62 : Mnov_gtseq_197 
3 alleles
0.3% missing data
   1   (0.387) 0.365 0.376 0.240 0.601 0.357 0.292 0.371 
   0   (0.432) 0.527 0.507 0.714 0.263 0.155 0.554 0.485 
   2   (0.181) 0.108 0.117 0.045 0.136 0.488 0.153 0.144 

Locus 63 : Mnov_gtseq_2 
2 alleles
0.3% missing data
   0   (0.200) 0.279 0.130 0.179 0.045 0.147 0.100 0.448 
   1   (0.800) 0.721 0.870 0.821 0.955 0.853 0.900 0.552 

Locus 64 : Mnov_gtseq_200 
2 alleles
2.8% missing data
   0   (0.415) 0.576 0.384 0.758 0.287 0.216 0.444 0.319 
   1   (0.585) 0.424 0.616 0.242 0.713 0.784 0.556 0.681 

Locus 65 : Mnov_gtseq_201 
2 alleles
0.0% missing data
   0   (0.876) 0.965 0.920 0.986 0.604 0.938 0.784 0.934 
   1   (0.124) 0.035 0.080 0.014 0.396 0.062 0.216 0.066 

Locus 66 : Mnov_gtseq_202 
2 alleles
0.0% missing data
   0   (0.439) 0.311 0.502 0.730 0.353 0.263 0.378 0.515 
   1   (0.561) 0.689 0.498 0.270 0.647 0.737 0.622 0.485 

Locus 67 : Mnov_gtseq_204 
2 alleles
3.9% missing data
   0   (0.435) 0.322 0.376 0.712 0.546 0.475 0.480 0.281 
   1   (0.565) 0.678 0.624 0.288 0.454 0.525 0.520 0.719 

