

----------------------------------------------------
STRUCTURE by Pritchard, Stephens and Donnelly (2000)
     and Falush, Stephens and Pritchard (2003)
       Code by Pritchard, Falush and Hubisz
             Version 2.3.4 (Jul 2012)
----------------------------------------------------



Command line arguments:   structure -m wint.area.structureRun/wint.area.structureRun.k5.r4_mainparams -e wint.area.structureRun/wint.area.structureRun.k5.r4_extraparams -i wint.area.structureRun/wint.area.structureRun.k5.r4_data -o wint.area.structureRun/wint.area.structureRun.k5.r4_out 
Input File:    wint.area.structureRun/wint.area.structureRun.k5.r4_data

Run parameters:
   350 individuals
   298 loci
   5 populations assumed
   1000 Burn-in period
   10000 Reps


--------------------------------------------
Proportion of membership of each pre-defined
 population in each of the 5 clusters

Given    Inferred Clusters                     Number of
 Pop       1      2      3      4      5      Individuals

  1:     0.183  0.233  0.300  0.100  0.185       77
  2:     0.198  0.153  0.124  0.376  0.148      124
  3:     0.234  0.235  0.195  0.148  0.188      113
  4:     0.239  0.192  0.152  0.239  0.177       27
  5:     0.107  0.078  0.085  0.068  0.663        9
--------------------------------------------

Allele-freq. divergence among pops (Net nucleotide distance),
computed using point estimates of P.

      1       2       3       4       5      
 1      -    0.0087  0.0196  0.0317  0.0174  
 2   0.0087     -    0.0228  0.0404  0.0236  
 3   0.0196  0.0228     -    0.0511  0.0333  
 4   0.0317  0.0404  0.0511     -    0.0454  
 5   0.0174  0.0236  0.0333  0.0454     -    

Average distances (expected heterozygosity) between individuals in same cluster:
cluster  1  : 0.4473 
cluster  2  : 0.4455 
cluster  3  : 0.4306 
cluster  4  : 0.4104 
cluster  5  : 0.4263 

--------------------------------------------
Estimated Ln Prob of Data   = -143586.0
Mean value of ln likelihood = -134433.1
Variance of ln likelihood   = 18305.9
Mean value of alpha         = 1.0000

Mean value of Fst_1         = 0.0573
Mean value of Fst_2         = 0.0840
Mean value of Fst_3         = 0.1174
Mean value of Fst_4         = 0.1684
Mean value of Fst_5         = 0.1000


Inferred ancestry of individuals:
        Label (%Miss) Pop:  Inferred clusters
  1   207778    (1)    2 :  0.208 0.145 0.129 0.427 0.092 
  2 z0005757    (7)    3 :  0.224 0.201 0.283 0.121 0.171 
  3 z0005758    (0)    3 :  0.295 0.131 0.291 0.115 0.169 
  4 z0011944    (0)    1 :  0.084 0.043 0.040 0.104 0.729 
  5 z0012702    (8)    4 :  0.097 0.099 0.048 0.590 0.166 
  6 z0016577    (1)    3 :  0.264 0.217 0.217 0.186 0.115 
  7 z0016578   (20)    1 :  0.164 0.581 0.099 0.048 0.108 
  8 z0016579    (1)    3 :  0.383 0.146 0.155 0.113 0.203 
  9 z0018264    (0)    1 :  0.120 0.058 0.094 0.085 0.644 
 10 z0029828    (2)    3 :  0.180 0.488 0.139 0.098 0.095 
 11 z0029829   (13)    1 :  0.136 0.556 0.180 0.055 0.072 
 12 z0029846    (0)    1 :  0.169 0.306 0.225 0.176 0.124 
 13 z0029860    (0)    3 :  0.178 0.438 0.163 0.136 0.086 
 14 z0029863    (1)    1 :  0.198 0.212 0.073 0.100 0.418 
 15 z0029864    (8)    1 :  0.146 0.266 0.089 0.102 0.398 
 16 z0029865   (12)    3 :  0.394 0.123 0.345 0.042 0.096 
 17 z0037607    (1)    3 :  0.230 0.221 0.059 0.158 0.331 
 18 z0037609   (23)    3 :  0.304 0.264 0.131 0.101 0.199 
 19 z0037624   (20)    1 :  0.296 0.120 0.357 0.127 0.100 
 20 z0038417    (7)    2 :  0.110 0.079 0.102 0.562 0.146 
 21 z0040275    (8)    2 :  0.121 0.144 0.072 0.468 0.195 
 22 z0040287    (3)    2 :  0.209 0.242 0.113 0.171 0.265 
 23 z0040308    (0)    2 :  0.349 0.112 0.103 0.381 0.055 
 24 z0040333    (1)    2 :  0.272 0.216 0.086 0.336 0.090 
 25 z0040334    (1)    2 :  0.143 0.067 0.066 0.643 0.082 
 26 z0040337    (4)    2 :  0.302 0.172 0.097 0.238 0.192 
 27 z0040345    (1)    2 :  0.195 0.086 0.088 0.490 0.140 
 28 z0040357    (5)    2 :  0.168 0.135 0.159 0.404 0.134 
 29 z0040363   (19)    2 :  0.226 0.096 0.154 0.402 0.121 
 30 z0040364    (0)    2 :  0.126 0.103 0.093 0.603 0.076 
 31 z0040387    (0)    2 :  0.125 0.148 0.126 0.419 0.183 
 32 z0040403   (15)    2 :  0.170 0.188 0.171 0.327 0.144 
 33 z0040439    (0)    2 :  0.082 0.094 0.051 0.606 0.167 
 34 z0040465   (20)    2 :  0.192 0.295 0.112 0.324 0.076 
 35 z0040513   (24)    3 :  0.212 0.313 0.166 0.172 0.137 
 36 z0040961   (11)    2 :  0.190 0.143 0.121 0.276 0.270 
 37 z0040985   (14)    2 :  0.421 0.162 0.111 0.190 0.116 
 38 z0041026    (0)    2 :  0.191 0.170 0.129 0.394 0.116 
 39 z0041051   (30)    2 :  0.166 0.083 0.100 0.413 0.239 
 40 z0041115    (7)    2 :  0.103 0.089 0.289 0.443 0.076 
 41 z0041153   (23)    2 :  0.244 0.157 0.143 0.276 0.180 
 42 z0041233    (3)    2 :  0.260 0.198 0.171 0.294 0.077 
 43 z0041243    (0)    2 :  0.255 0.114 0.117 0.366 0.148 
 44 z0041248    (5)    2 :  0.142 0.084 0.136 0.463 0.175 
 45 z0041250    (1)    2 :  0.159 0.126 0.071 0.522 0.122 
 46 z0041274    (1)    2 :  0.192 0.250 0.099 0.229 0.229 
 47 z0041465   (16)    2 :  0.102 0.142 0.268 0.449 0.039 
 48 z0041472    (2)    2 :  0.230 0.119 0.210 0.353 0.088 
 49 z0041480    (9)    2 :  0.242 0.179 0.176 0.321 0.082 
 50 z0041483    (0)    2 :  0.089 0.105 0.160 0.564 0.081 
 51 z0041494   (12)    2 :  0.281 0.190 0.056 0.361 0.111 
 52 z0041498    (1)    2 :  0.132 0.151 0.146 0.447 0.124 
 53 z0041501    (1)    2 :  0.176 0.131 0.043 0.495 0.155 
 54 z0041507    (6)    2 :  0.243 0.115 0.079 0.412 0.151 
 55 z0041512    (0)    2 :  0.113 0.155 0.068 0.513 0.151 
 56 z0041522   (15)    2 :  0.114 0.126 0.155 0.423 0.181 
 57 z0041526    (0)    3 :  0.110 0.130 0.150 0.558 0.053 
 58 z0041527   (14)    2 :  0.242 0.189 0.157 0.329 0.083 
 59 z0043243    (1)    2 :  0.176 0.134 0.277 0.120 0.292 
 60 z0043278    (0)    2 :  0.149 0.127 0.069 0.492 0.163 
 61 z0043475   (16)    3 :  0.324 0.135 0.144 0.273 0.124 
 62 z0043477    (0)    2 :  0.178 0.120 0.124 0.313 0.264 
 63 z0043478    (2)    2 :  0.107 0.058 0.142 0.574 0.118 
 64 z0043481    (0)    2 :  0.176 0.102 0.119 0.481 0.123 
 65 z0043489    (5)    2 :  0.147 0.107 0.064 0.494 0.188 
 66 z0043491   (12)    2 :  0.242 0.161 0.108 0.288 0.201 
 67 z0043493    (2)    2 :  0.415 0.168 0.103 0.155 0.160 
 68 z0043494    (1)    2 :  0.201 0.267 0.079 0.355 0.098 
 69 z0043498    (1)    2 :  0.156 0.145 0.082 0.525 0.091 
 70 z0043504    (7)    2 :  0.230 0.106 0.194 0.258 0.213 
 71 z0043526    (3)    4 :  0.222 0.147 0.101 0.231 0.300 
 72 z0043566    (2)    2 :  0.216 0.096 0.170 0.417 0.101 
 73 z0043572    (0)    2 :  0.170 0.122 0.105 0.484 0.119 
 74 z0043599    (2)    2 :  0.217 0.234 0.147 0.310 0.092 
 75 z0043642    (0)    2 :  0.136 0.276 0.070 0.398 0.121 
 76 z0043649    (1)    2 :  0.091 0.153 0.105 0.555 0.096 
 77 z0043652    (1)    2 :  0.247 0.247 0.132 0.159 0.215 
 78 z0043668    (0)    2 :  0.276 0.093 0.226 0.296 0.109 
 79 z0043674    (0)    4 :  0.122 0.437 0.236 0.063 0.141 
 80 z0043686    (1)    2 :  0.111 0.115 0.127 0.420 0.227 
 81 z0043693    (1)    2 :  0.192 0.268 0.116 0.320 0.104 
 82 z0043704   (14)    2 :  0.071 0.090 0.080 0.649 0.109 
 83 z0043807    (1)    2 :  0.237 0.218 0.073 0.337 0.135 
 84 z0043819    (0)    2 :  0.319 0.164 0.148 0.129 0.240 
 85 z0043876    (7)    2 :  0.380 0.112 0.268 0.178 0.061 
 86 z0043877   (32)    2 :  0.261 0.131 0.228 0.291 0.089 
 87 z0043891   (21)    4 :  0.186 0.147 0.172 0.250 0.244 
 88 z0043915   (31)    2 :  0.184 0.146 0.134 0.213 0.324 
 89 z0043940   (10)    2 :  0.308 0.289 0.116 0.060 0.227 
 90 z0043954    (1)    2 :  0.223 0.211 0.151 0.219 0.195 
 91 z0043966    (5)    2 :  0.157 0.179 0.077 0.478 0.107 
 92 z0043980    (1)    2 :  0.279 0.167 0.153 0.274 0.127 
 93 z0044017   (11)    2 :  0.132 0.186 0.086 0.432 0.164 
 94 z0044019   (14)    2 :  0.310 0.110 0.205 0.296 0.080 
 95 z0044023   (35)    2 :  0.080 0.076 0.151 0.619 0.073 
 96 z0044033    (0)    2 :  0.082 0.064 0.062 0.742 0.049 
 97 z0044042    (3)    2 :  0.094 0.065 0.140 0.583 0.117 
 98 z0044047   (24)    2 :  0.195 0.155 0.077 0.452 0.121 
 99 z0044064   (13)    2 :  0.274 0.166 0.061 0.367 0.132 
100 z0044432   (14)    2 :  0.245 0.149 0.152 0.190 0.264 
101 z0045326    (0)    3 :  0.130 0.473 0.183 0.140 0.073 
102 z0045331    (5)    1 :  0.184 0.426 0.111 0.153 0.126 
103 z0045332    (1)    1 :  0.183 0.422 0.087 0.105 0.204 
104 z0045333    (6)    1 :  0.177 0.123 0.505 0.072 0.122 
105 z0045337    (4)    1 :  0.062 0.089 0.655 0.073 0.121 
106 z0045342   (12)    1 :  0.357 0.321 0.147 0.104 0.070 
107 z0045347    (1)    3 :  0.282 0.115 0.216 0.101 0.287 
108 z0045350    (0)    1 :  0.305 0.220 0.177 0.090 0.208 
109 z0045370    (0)    1 :  0.097 0.573 0.205 0.036 0.089 
110 z0045371    (1)    3 :  0.202 0.299 0.169 0.153 0.177 
111 z0045398    (1)    3 :  0.362 0.157 0.202 0.029 0.250 
112 z0045399    (1)    3 :  0.243 0.199 0.171 0.065 0.322 
113 z0045401   (23)    1 :  0.226 0.401 0.154 0.104 0.116 
114 z0045404    (0)    3 :  0.123 0.626 0.113 0.061 0.077 
115 z0045405    (4)    3 :  0.333 0.299 0.092 0.090 0.185 
116 z0045407    (1)    3 :  0.186 0.219 0.116 0.130 0.349 
117 z0045719    (0)    2 :  0.248 0.188 0.057 0.359 0.148 
118 z0045720    (1)    2 :  0.307 0.214 0.128 0.135 0.215 
119 z0045728    (0)    2 :  0.187 0.080 0.205 0.432 0.096 
120 z0045731    (0)    2 :  0.268 0.268 0.069 0.233 0.162 
121 z0045733    (0)    2 :  0.341 0.214 0.142 0.177 0.126 
122 z0045736    (1)    2 :  0.319 0.210 0.116 0.235 0.120 
123 z0045739    (1)    2 :  0.312 0.251 0.114 0.153 0.170 
124 z0045740    (1)    2 :  0.143 0.102 0.118 0.524 0.113 
125 z0045741    (0)    2 :  0.189 0.216 0.056 0.341 0.198 
126 z0045742    (0)    2 :  0.082 0.253 0.141 0.453 0.071 
127 z0045776    (0)    3 :  0.242 0.156 0.176 0.242 0.184 
128 z0045779    (0)    2 :  0.045 0.054 0.197 0.653 0.050 
129 z0045781    (0)    2 :  0.171 0.150 0.075 0.451 0.154 
130 z0045788    (5)    2 :  0.072 0.054 0.077 0.680 0.116 
131 z0045789    (2)    2 :  0.077 0.135 0.080 0.527 0.181 
132 z0045791    (4)    2 :  0.129 0.150 0.086 0.460 0.175 
133 z0045792   (22)    1 :  0.244 0.120 0.297 0.176 0.163 
134 z0045793    (0)    3 :  0.170 0.397 0.193 0.179 0.061 
135 z0047562   (14)    2 :  0.250 0.173 0.096 0.372 0.109 
136 z0047854    (1)    2 :  0.231 0.171 0.108 0.387 0.103 
137 z0051185    (0)    1 :  0.298 0.365 0.147 0.056 0.134 
138 z0051324    (0)    1 :  0.234 0.194 0.336 0.085 0.152 
139 z0051327    (3)    3 :  0.352 0.255 0.106 0.204 0.082 
140 z0051328    (1)    1 :  0.190 0.090 0.424 0.137 0.159 
141 z0051380    (0)    1 :  0.076 0.059 0.747 0.028 0.090 
142 z0051400    (0)    3 :  0.136 0.219 0.317 0.198 0.130 
143 z0051431   (21)    3 :  0.231 0.331 0.082 0.257 0.100 
144 z0051840   (33)    2 :  0.155 0.222 0.085 0.374 0.165 
145 z0051844   (27)    2 :  0.189 0.182 0.085 0.345 0.199 
146 z0051875   (28)    3 :  0.326 0.330 0.152 0.091 0.101 
147 z0051885    (7)    3 :  0.114 0.227 0.089 0.422 0.149 
148 z0051888    (0)    2 :  0.142 0.178 0.140 0.438 0.101 
149 z0051891    (0)    1 :  0.246 0.257 0.154 0.137 0.206 
150 z0051893    (2)    1 :  0.193 0.162 0.352 0.107 0.186 
151 z0051895    (0)    3 :  0.208 0.298 0.236 0.091 0.168 
152 z0051918    (0)    3 :  0.163 0.089 0.079 0.291 0.378 
153 z0051929    (1)    1 :  0.235 0.190 0.398 0.082 0.095 
154 z0051939   (11)    3 :  0.170 0.335 0.097 0.249 0.149 
155 z0051947    (3)    1 :  0.168 0.074 0.569 0.086 0.102 
156 z0051959    (1)    3 :  0.167 0.106 0.165 0.187 0.375 
157 z0052846    (0)    4 :  0.188 0.312 0.133 0.180 0.187 
158 z0052882    (1)    2 :  0.257 0.201 0.138 0.269 0.135 
159 z0053020   (20)    2 :  0.246 0.176 0.088 0.284 0.206 
160 z0053024   (12)    2 :  0.346 0.150 0.143 0.203 0.159 
161 z0053025    (3)    2 :  0.101 0.133 0.052 0.627 0.086 
162 z0053031    (0)    2 :  0.187 0.215 0.178 0.179 0.241 
163 z0053032    (0)    2 :  0.274 0.083 0.186 0.304 0.153 
164 z0053040    (5)    2 :  0.283 0.196 0.133 0.262 0.126 
165 z0053051    (0)    3 :  0.246 0.372 0.077 0.062 0.243 
166 z0053054    (5)    3 :  0.325 0.329 0.145 0.067 0.134 
167 z0053071    (2)    2 :  0.124 0.138 0.080 0.575 0.083 
168 z0053073    (1)    2 :  0.348 0.141 0.180 0.126 0.205 
169 z0053078    (0)    3 :  0.102 0.100 0.049 0.361 0.388 
170 z0053082    (1)    3 :  0.202 0.254 0.094 0.359 0.090 
171 z0053083   (12)    2 :  0.214 0.146 0.159 0.318 0.163 
172 z0053090   (10)    3 :  0.253 0.112 0.082 0.402 0.151 
173 z0053096    (0)    2 :  0.075 0.072 0.041 0.591 0.221 
174 z0053100    (6)    2 :  0.386 0.101 0.067 0.357 0.089 
175 z0053101    (0)    2 :  0.127 0.086 0.129 0.400 0.258 
176 z0053102    (8)    2 :  0.275 0.148 0.060 0.426 0.091 
177 z0053103    (0)    2 :  0.115 0.102 0.093 0.620 0.070 
178 z0053111    (2)    3 :  0.325 0.201 0.141 0.133 0.200 
179 z0053131    (0)    2 :  0.169 0.158 0.197 0.366 0.110 
180 z0053132    (0)    2 :  0.148 0.143 0.050 0.295 0.364 
181 z0053133    (0)    2 :  0.243 0.329 0.079 0.133 0.215 
182 z0053138    (0)    2 :  0.203 0.189 0.213 0.285 0.110 
183 z0053142    (2)    2 :  0.110 0.142 0.272 0.294 0.182 
184 z0053149    (0)    2 :  0.101 0.085 0.182 0.437 0.194 
185 z0053754    (1)    1 :  0.089 0.097 0.273 0.159 0.383 
186 z0053756    (1)    1 :  0.122 0.095 0.210 0.087 0.486 
187 z0053758   (17)    1 :  0.092 0.544 0.192 0.097 0.075 
188 z0053759    (0)    1 :  0.207 0.164 0.393 0.069 0.168 
189 z0053842    (1)    1 :  0.497 0.209 0.126 0.084 0.083 
190 z0053843    (6)    1 :  0.129 0.494 0.179 0.060 0.138 
191 z0053844    (7)    1 :  0.195 0.299 0.227 0.118 0.160 
192 z0053846    (2)    1 :  0.106 0.554 0.201 0.056 0.084 
193 z0053847    (0)    1 :  0.226 0.045 0.496 0.125 0.109 
194 z0053849    (1)    1 :  0.204 0.252 0.142 0.093 0.308 
195 z0055903    (1)    4 :  0.383 0.160 0.192 0.093 0.172 
196 z0055910   (34)    4 :  0.251 0.134 0.184 0.205 0.225 
197 z0055912    (7)    4 :  0.295 0.151 0.088 0.191 0.275 
198 z0055916   (15)    4 :  0.238 0.202 0.159 0.188 0.213 
199 z0055931    (2)    4 :  0.164 0.122 0.119 0.479 0.116 
200 z0055944    (3)    4 :  0.239 0.217 0.242 0.158 0.143 
201 z0055947    (9)    4 :  0.210 0.396 0.085 0.165 0.144 
202 z0055962    (6)    4 :  0.259 0.170 0.097 0.371 0.104 
203 z0055963   (21)    4 :  0.258 0.151 0.090 0.341 0.160 
204 z0055965   (25)    4 :  0.268 0.121 0.146 0.068 0.397 
205 z0055970   (15)    4 :  0.279 0.118 0.229 0.253 0.121 
206 z0055971    (7)    4 :  0.242 0.133 0.186 0.240 0.198 
207 z0055977    (6)    4 :  0.194 0.212 0.085 0.336 0.173 
208 z0055986   (19)    4 :  0.254 0.259 0.259 0.106 0.122 
209 z0055990    (6)    4 :  0.150 0.173 0.096 0.455 0.127 
210 z0055996    (2)    4 :  0.322 0.231 0.118 0.251 0.078 
211 z0055997    (3)    4 :  0.226 0.142 0.250 0.265 0.118 
212 z0055998    (4)    4 :  0.201 0.160 0.164 0.146 0.329 
213 z0055999    (2)    4 :  0.174 0.293 0.243 0.133 0.157 
214 z0056011    (7)    4 :  0.396 0.214 0.101 0.143 0.144 
215 z0056029    (4)    4 :  0.369 0.130 0.174 0.230 0.097 
216 z0056034    (0)    4 :  0.278 0.153 0.117 0.333 0.119 
217 z0056056   (25)    3 :  0.239 0.204 0.288 0.142 0.127 
218 z0056058    (5)    3 :  0.051 0.074 0.801 0.038 0.035 
219 z0056059    (8)    3 :  0.482 0.161 0.126 0.109 0.122 
220 z0056062    (1)    3 :  0.175 0.123 0.280 0.141 0.281 
221 z0056063    (4)    3 :  0.428 0.210 0.142 0.068 0.153 
222 z0056064    (0)    3 :  0.253 0.166 0.137 0.093 0.351 
223 z0056065    (0)    3 :  0.150 0.222 0.309 0.071 0.249 
224 z0056073    (0)    3 :  0.391 0.256 0.174 0.071 0.108 
225 z0056076    (4)    3 :  0.266 0.071 0.249 0.148 0.265 
226 z0056079    (9)    3 :  0.325 0.184 0.225 0.057 0.210 
227 z0056085    (0)    3 :  0.193 0.358 0.108 0.109 0.232 
228 z0056092    (1)    3 :  0.166 0.288 0.147 0.073 0.325 
229 z0056095    (1)    3 :  0.211 0.241 0.195 0.064 0.290 
230 z0056103    (7)    3 :  0.213 0.101 0.454 0.053 0.180 
231 z0056374    (7)    1 :  0.117 0.117 0.657 0.048 0.061 
232 z0056375    (0)    1 :  0.108 0.411 0.282 0.073 0.127 
233 z0056377    (0)    1 :  0.280 0.166 0.256 0.125 0.174 
234 z0056378    (0)    1 :  0.137 0.100 0.562 0.112 0.089 
235 z0056382    (0)    1 :  0.155 0.546 0.101 0.055 0.144 
236 z0056384    (3)    1 :  0.157 0.091 0.317 0.113 0.322 
237 z0056386    (7)    1 :  0.130 0.422 0.229 0.060 0.159 
238 z0056389    (0)    1 :  0.081 0.721 0.104 0.044 0.050 
239 z0056391    (1)    1 :  0.076 0.399 0.451 0.033 0.041 
240 z0056392   (11)    1 :  0.078 0.193 0.544 0.072 0.113 
241 z0056393    (8)    1 :  0.251 0.352 0.239 0.095 0.063 
242 z0056394    (0)    1 :  0.263 0.325 0.256 0.079 0.076 
243 z0056395    (1)    1 :  0.143 0.077 0.408 0.143 0.228 
244 z0056397    (0)    1 :  0.156 0.100 0.210 0.227 0.306 
245 z0061527    (2)    3 :  0.180 0.125 0.108 0.488 0.100 
246 z0061967    (1)    3 :  0.321 0.212 0.171 0.133 0.163 
247 z0061969    (0)    3 :  0.183 0.286 0.134 0.332 0.064 
248 z0061980    (1)    1 :  0.111 0.211 0.294 0.140 0.244 
249 z0066166    (3)    3 :  0.136 0.281 0.261 0.233 0.088 
250 z0066792    (2)    1 :  0.089 0.094 0.066 0.121 0.630 
251 z0066805    (1)    1 :  0.098 0.093 0.074 0.083 0.652 
252 z0068471    (2)    3 :  0.146 0.080 0.451 0.116 0.207 
253 z0075696    (6)    5 :  0.123 0.093 0.038 0.053 0.693 
254 z0101084    (7)    1 :  0.139 0.125 0.569 0.083 0.083 
255 z0107099    (2)    3 :  0.159 0.291 0.410 0.037 0.103 
256 z0107101    (0)    1 :  0.040 0.157 0.699 0.059 0.045 
257 z0108489    (0)    1 :  0.200 0.117 0.268 0.146 0.269 
258 z0108513    (0)    1 :  0.096 0.303 0.385 0.123 0.093 
259 z0108528    (0)    3 :  0.245 0.241 0.218 0.208 0.088 
260 z0113628    (1)    3 :  0.319 0.193 0.077 0.156 0.255 
261 z0133302   (16)    1 :  0.336 0.150 0.262 0.101 0.151 
262 z0173485    (1)    1 :  0.431 0.134 0.088 0.243 0.105 
263 z0175371    (1)    3 :  0.181 0.135 0.115 0.225 0.343 
264 z0175378    (0)    2 :  0.225 0.176 0.066 0.484 0.049 
265 z0175912    (0)    1 :  0.146 0.079 0.562 0.113 0.100 
266 z0175916    (1)    1 :  0.209 0.120 0.210 0.268 0.193 
267 z0175937    (1)    1 :  0.096 0.400 0.238 0.075 0.191 
268 z0178348   (12)    1 :  0.157 0.105 0.518 0.108 0.112 
269 z0187819    (7)    3 :  0.176 0.206 0.380 0.113 0.125 
270 z0187857    (1)    1 :  0.113 0.181 0.527 0.128 0.051 
271 z0187860    (0)    1 :  0.330 0.197 0.240 0.131 0.102 
272 z0187885    (0)    2 :  0.149 0.127 0.060 0.332 0.332 
273 z0187906    (9)    1 :  0.313 0.157 0.104 0.127 0.299 
274 z0195655    (0)    2 :  0.099 0.088 0.090 0.636 0.087 
275 z0195663    (0)    3 :  0.155 0.164 0.074 0.376 0.231 
276 z0195683    (1)    3 :  0.278 0.353 0.205 0.072 0.091 
277 z0195688    (0)    2 :  0.189 0.211 0.127 0.251 0.223 
278 z0195691    (0)    3 :  0.339 0.263 0.080 0.124 0.195 
279 z0195699    (0)    3 :  0.245 0.412 0.112 0.125 0.106 
280 z0195701    (7)    3 :  0.184 0.274 0.269 0.084 0.190 
281 z0195702    (0)    3 :  0.357 0.112 0.142 0.187 0.202 
282 z0195704    (0)    3 :  0.111 0.077 0.468 0.217 0.128 
283 z0195705    (0)    3 :  0.225 0.132 0.084 0.466 0.093 
284 z0195711    (0)    3 :  0.289 0.161 0.140 0.102 0.308 
285 z0195716    (0)    3 :  0.228 0.157 0.192 0.111 0.312 
286 z0195718   (12)    3 :  0.234 0.240 0.284 0.051 0.192 
287 z0195725    (5)    3 :  0.165 0.092 0.369 0.286 0.089 
288 z0195726   (16)    1 :  0.521 0.192 0.105 0.050 0.131 
289 z0195728   (14)    3 :  0.139 0.597 0.151 0.034 0.079 
290 z0195732   (16)    3 :  0.290 0.312 0.200 0.045 0.154 
291 z0195737    (0)    3 :  0.188 0.195 0.137 0.324 0.156 
292 z0195740   (26)    3 :  0.303 0.199 0.118 0.131 0.250 
293 z0195751    (1)    3 :  0.169 0.528 0.142 0.050 0.111 
294 z0195762    (1)    3 :  0.138 0.160 0.135 0.064 0.503 
295 z0195784    (0)    3 :  0.297 0.203 0.241 0.056 0.203 
296 z0196686    (0)    5 :  0.064 0.035 0.063 0.035 0.802 
297 z0196687    (0)    5 :  0.102 0.064 0.071 0.123 0.640 
298 z0196689    (0)    5 :  0.119 0.056 0.040 0.105 0.680 
299 z0196690    (2)    5 :  0.090 0.096 0.160 0.050 0.605 
300 z0196691    (7)    5 :  0.117 0.069 0.080 0.034 0.700 
301 z0196692    (1)    5 :  0.095 0.101 0.121 0.087 0.597 
302 z0196693    (1)    5 :  0.115 0.108 0.088 0.064 0.625 
303 z0196694    (1)    5 :  0.137 0.078 0.103 0.059 0.622 
304 z0196710    (0)    3 :  0.173 0.129 0.197 0.143 0.358 
305 z0196715   (22)    3 :  0.252 0.296 0.314 0.051 0.086 
306 z0196719    (0)    3 :  0.198 0.428 0.146 0.113 0.115 
307 z0196724   (20)    3 :  0.349 0.292 0.143 0.115 0.101 
308 z0196725    (0)    3 :  0.158 0.133 0.495 0.086 0.127 
309 z0196729    (1)    3 :  0.212 0.251 0.266 0.096 0.176 
310 z0196730    (3)    1 :  0.065 0.036 0.736 0.095 0.068 
311 z0196731    (0)    3 :  0.342 0.225 0.244 0.063 0.126 
312 z0196733   (13)    1 :  0.283 0.229 0.219 0.089 0.180 
313 z0196734    (1)    3 :  0.374 0.275 0.095 0.131 0.125 
314 z0196739   (17)    3 :  0.315 0.142 0.238 0.216 0.089 
315 z0196740   (11)    3 :  0.107 0.255 0.145 0.075 0.419 
316 z0196746    (1)    1 :  0.143 0.158 0.502 0.053 0.144 
317 z0196751    (0)    3 :  0.275 0.202 0.225 0.111 0.188 
318 z0196752    (0)    3 :  0.112 0.092 0.145 0.047 0.604 
319 z0196754    (0)    3 :  0.165 0.470 0.150 0.121 0.093 
320 z0196758    (1)    1 :  0.111 0.171 0.324 0.138 0.256 
321 z0196763    (1)    3 :  0.269 0.329 0.099 0.111 0.192 
322 z0196764    (0)    3 :  0.208 0.371 0.163 0.084 0.174 
323 z0196766    (0)    3 :  0.221 0.176 0.321 0.064 0.218 
324 z0196769    (1)    3 :  0.169 0.315 0.255 0.056 0.205 
325 z0196774    (0)    3 :  0.108 0.158 0.264 0.053 0.417 
326 z0196783    (0)    1 :  0.086 0.254 0.554 0.042 0.065 
327 z0196794    (2)    1 :  0.102 0.353 0.312 0.046 0.186 
328 z0196804   (14)    1 :  0.243 0.299 0.242 0.070 0.146 
329 z0196809    (0)    3 :  0.183 0.379 0.140 0.065 0.234 
330 z0196810    (1)    1 :  0.203 0.099 0.264 0.076 0.358 
331 z0196811    (0)    1 :  0.211 0.313 0.180 0.053 0.242 
332 z0196824    (0)    3 :  0.307 0.112 0.169 0.223 0.190 
333 z0196825    (0)    3 :  0.357 0.189 0.245 0.122 0.086 
334 z0196828    (1)    2 :  0.280 0.190 0.222 0.166 0.141 
335 z0196829    (0)    3 :  0.391 0.163 0.243 0.111 0.093 
336 z0196834   (26)    3 :  0.262 0.228 0.204 0.184 0.123 
337 z0196835    (0)    3 :  0.176 0.276 0.428 0.062 0.059 
338 z0196841   (20)    3 :  0.245 0.176 0.192 0.098 0.289 
339 z0196843   (25)    3 :  0.201 0.129 0.493 0.100 0.076 
340 z0196849    (0)    3 :  0.254 0.449 0.126 0.074 0.098 
341 z0196852    (0)    2 :  0.333 0.206 0.085 0.192 0.184 
342 z0196855    (0)    2 :  0.192 0.139 0.182 0.266 0.221 
343 z0196856    (0)    3 :  0.322 0.109 0.086 0.243 0.240 
344 z0196864    (1)    3 :  0.326 0.151 0.087 0.298 0.138 
345 z0196894    (0)    3 :  0.147 0.233 0.225 0.066 0.328 
346 z0197662    (2)    1 :  0.351 0.111 0.181 0.245 0.112 
347 z0197665    (2)    1 :  0.062 0.087 0.681 0.051 0.119 
348 z0197668   (20)    3 :  0.135 0.225 0.069 0.095 0.476 
349 z0197669    (0)    3 :  0.205 0.226 0.060 0.353 0.155 
350 z0197672    (1)    3 :  0.263 0.358 0.089 0.091 0.199 


Estimated Allele Frequencies in each cluster
First column gives estimated ancestral frequencies


Locus 1 : Mnov_gtseq_1 
2 alleles
0.0% missing data
   0   (0.425) 0.487 0.432 0.379 0.246 0.478 
   1   (0.575) 0.513 0.568 0.621 0.754 0.522 

Locus 2 : Mnov_gtseq_10 
2 alleles
0.3% missing data
   0   (0.810) 0.804 0.724 0.717 0.967 0.901 
   1   (0.190) 0.196 0.276 0.283 0.033 0.099 

Locus 3 : Mnov_gtseq_102 
2 alleles
0.9% missing data
   0   (0.531) 0.471 0.597 0.401 0.803 0.580 
   1   (0.469) 0.529 0.403 0.599 0.197 0.420 

Locus 4 : Mnov_gtseq_104 
2 alleles
0.3% missing data
   0   (0.858) 0.906 0.793 0.711 0.956 0.949 
   1   (0.142) 0.094 0.207 0.289 0.044 0.051 

Locus 5 : Mnov_gtseq_106 
2 alleles
14.9% missing data
   1   (0.759) 0.823 0.826 0.751 0.788 0.689 
   0   (0.241) 0.177 0.174 0.249 0.212 0.311 

Locus 6 : Mnov_gtseq_107 
2 alleles
37.4% missing data
   1   (0.219) 0.252 0.134 0.201 0.485 0.111 
   0   (0.781) 0.748 0.866 0.799 0.515 0.889 

Locus 7 : Mnov_gtseq_112 
2 alleles
0.9% missing data
   0   (0.608) 0.666 0.684 0.625 0.720 0.377 
   1   (0.392) 0.334 0.316 0.375 0.280 0.623 

Locus 8 : Mnov_gtseq_113 
2 alleles
2.0% missing data
   1   (0.719) 0.744 0.794 0.780 0.612 0.680 
   0   (0.281) 0.256 0.206 0.220 0.388 0.320 

Locus 9 : Mnov_gtseq_114 
3 alleles
4.3% missing data
   0   (0.517) 0.618 0.631 0.579 0.230 0.423 
   1   (0.451) 0.366 0.359 0.413 0.729 0.567 
   2   (0.031) 0.016 0.010 0.009 0.041 0.009 

Locus 10 : Mnov_gtseq_117 
2 alleles
26.9% missing data
   0   (0.636) 0.646 0.568 0.513 0.879 0.650 
   1   (0.364) 0.354 0.432 0.487 0.121 0.350 

Locus 11 : Mnov_gtseq_12 
2 alleles
0.3% missing data
   0   (0.463) 0.366 0.633 0.298 0.249 0.675 
   1   (0.537) 0.634 0.367 0.702 0.751 0.325 

Locus 12 : Mnov_gtseq_124 
4 alleles
5.1% missing data
   3   (0.717) 0.730 0.773 0.609 0.894 0.802 
   2   (0.222) 0.242 0.185 0.379 0.084 0.171 
   1   (0.033) 0.016 0.029 0.004 0.020 0.010 
   0   (0.028) 0.012 0.013 0.008 0.003 0.017 

Locus 13 : Mnov_gtseq_125 
3 alleles
1.7% missing data
   1   (0.229) 0.160 0.247 0.090 0.434 0.211 
   2   (0.683) 0.725 0.713 0.891 0.171 0.750 
   0   (0.088) 0.114 0.041 0.020 0.395 0.039 

Locus 14 : Mnov_gtseq_126 
2 alleles
0.0% missing data
   0   (0.343) 0.405 0.208 0.230 0.280 0.594 
   1   (0.657) 0.595 0.792 0.770 0.720 0.406 

Locus 15 : Mnov_gtseq_127 
2 alleles
6.9% missing data
   0   (0.634) 0.644 0.710 0.635 0.382 0.667 
   1   (0.366) 0.356 0.290 0.365 0.618 0.333 

Locus 16 : Mnov_gtseq_128 
2 alleles
30.9% missing data
   0   (0.681) 0.656 0.729 0.829 0.653 0.648 
   1   (0.319) 0.344 0.271 0.171 0.347 0.352 

Locus 17 : Mnov_gtseq_129 
3 alleles
2.0% missing data
   0   (0.514) 0.654 0.489 0.531 0.582 0.296 
   1   (0.317) 0.240 0.401 0.330 0.330 0.239 
   2   (0.169) 0.106 0.110 0.139 0.088 0.466 

Locus 18 : Mnov_gtseq_13 
3 alleles
0.0% missing data
   1   (0.415) 0.477 0.550 0.496 0.359 0.203 
   2   (0.178) 0.192 0.087 0.094 0.117 0.328 
   0   (0.406) 0.332 0.363 0.410 0.524 0.470 

Locus 19 : Mnov_gtseq_130 
2 alleles
28.6% missing data
   1   (0.502) 0.504 0.490 0.460 0.491 0.591 
   0   (0.498) 0.496 0.510 0.540 0.509 0.409 

Locus 20 : Mnov_gtseq_135 
2 alleles
0.6% missing data
   0   (0.468) 0.494 0.492 0.359 0.533 0.409 
   1   (0.532) 0.506 0.508 0.641 0.467 0.591 

Locus 21 : Mnov_gtseq_138 
3 alleles
0.6% missing data
   0   (0.261) 0.254 0.251 0.339 0.278 0.148 
   1   (0.513) 0.469 0.501 0.473 0.654 0.623 
   2   (0.227) 0.277 0.248 0.188 0.068 0.229 

Locus 22 : Mnov_gtseq_140 
2 alleles
1.1% missing data
   0   (0.458) 0.532 0.589 0.223 0.601 0.300 
   1   (0.542) 0.468 0.411 0.777 0.399 0.700 

Locus 23 : Mnov_gtseq_141 
2 alleles
0.3% missing data
   0   (0.557) 0.505 0.478 0.795 0.544 0.482 
   1   (0.443) 0.495 0.522 0.205 0.456 0.518 

Locus 24 : Mnov_gtseq_143 
2 alleles
2.6% missing data
   1   (0.552) 0.533 0.606 0.719 0.501 0.381 
   0   (0.448) 0.467 0.394 0.281 0.499 0.619 

Locus 25 : Mnov_gtseq_145 
2 alleles
2.0% missing data
   0   (0.466) 0.433 0.455 0.599 0.497 0.335 
   1   (0.534) 0.567 0.545 0.401 0.503 0.665 

Locus 26 : Mnov_gtseq_147 
3 alleles
25.4% missing data
   0   (0.767) 0.814 0.846 0.861 0.456 0.798 
   2   (0.153) 0.129 0.125 0.119 0.073 0.129 
   1   (0.080) 0.058 0.029 0.020 0.470 0.074 

Locus 27 : Mnov_gtseq_148 
3 alleles
9.1% missing data
   0   (0.303) 0.321 0.311 0.181 0.102 0.487 
   1   (0.430) 0.483 0.336 0.483 0.636 0.361 
   2   (0.267) 0.196 0.353 0.336 0.263 0.151 

Locus 28 : Mnov_gtseq_149 
2 alleles
0.3% missing data
   0   (0.598) 0.628 0.602 0.662 0.535 0.579 
   1   (0.402) 0.372 0.398 0.338 0.465 0.421 

Locus 29 : Mnov_gtseq_15 
2 alleles
0.0% missing data
   0   (0.495) 0.451 0.650 0.355 0.394 0.476 
   1   (0.505) 0.549 0.350 0.645 0.606 0.524 

Locus 30 : Mnov_gtseq_152 
2 alleles
0.9% missing data
   0   (0.352) 0.362 0.327 0.266 0.410 0.268 
   1   (0.648) 0.638 0.673 0.734 0.590 0.732 

Locus 31 : Mnov_gtseq_154 
3 alleles
3.4% missing data
   0   (0.338) 0.345 0.367 0.510 0.130 0.355 
   2   (0.228) 0.213 0.166 0.145 0.275 0.254 
   1   (0.434) 0.442 0.467 0.345 0.595 0.392 

Locus 32 : Mnov_gtseq_157 
2 alleles
0.6% missing data
   1   (0.552) 0.558 0.561 0.519 0.673 0.493 
   0   (0.448) 0.442 0.439 0.481 0.327 0.507 

Locus 33 : Mnov_gtseq_158 
2 alleles
0.6% missing data
   0   (0.427) 0.412 0.477 0.702 0.058 0.386 
   1   (0.573) 0.588 0.523 0.298 0.942 0.614 

Locus 34 : Mnov_gtseq_159 
3 alleles
24.0% missing data
   0   (0.601) 0.632 0.682 0.691 0.343 0.596 
   1   (0.190) 0.143 0.108 0.218 0.464 0.166 
   2   (0.209) 0.225 0.209 0.091 0.192 0.238 

Locus 35 : Mnov_gtseq_16 
2 alleles
0.0% missing data
   0   (0.641) 0.622 0.762 0.555 0.571 0.682 
   1   (0.359) 0.378 0.238 0.445 0.429 0.318 

Locus 36 : Mnov_gtseq_160 
2 alleles
2.3% missing data
   0   (0.487) 0.504 0.515 0.571 0.374 0.452 
   1   (0.513) 0.496 0.485 0.429 0.626 0.548 

Locus 37 : Mnov_gtseq_161 
2 alleles
1.7% missing data
   1   (0.744) 0.778 0.787 0.763 0.840 0.716 
   0   (0.256) 0.222 0.213 0.237 0.160 0.284 

Locus 38 : Mnov_gtseq_167 
3 alleles
1.1% missing data
   2   (0.737) 0.726 0.805 0.554 0.829 0.866 
   0   (0.192) 0.184 0.113 0.431 0.115 0.111 
   1   (0.071) 0.090 0.082 0.016 0.057 0.023 

Locus 39 : Mnov_gtseq_17 
2 alleles
0.3% missing data
   0   (0.544) 0.538 0.501 0.541 0.436 0.589 
   1   (0.456) 0.462 0.499 0.459 0.564 0.411 

Locus 40 : Mnov_gtseq_170 
2 alleles
0.0% missing data
   0   (0.327) 0.396 0.341 0.216 0.190 0.292 
   1   (0.673) 0.604 0.659 0.784 0.810 0.708 

Locus 41 : Mnov_gtseq_171 
3 alleles
41.4% missing data
   2   (0.587) 0.593 0.560 0.605 0.630 0.693 
   0   (0.320) 0.330 0.404 0.316 0.246 0.222 
   1   (0.094) 0.076 0.037 0.079 0.124 0.084 

Locus 42 : Mnov_gtseq_173 
4 alleles
21.4% missing data
   3   (0.418) 0.453 0.298 0.199 0.609 0.644 
   1   (0.512) 0.513 0.678 0.789 0.211 0.312 
   2   (0.055) 0.029 0.020 0.011 0.179 0.041 
   0   (0.015) 0.005 0.004 0.002 0.001 0.003 

Locus 43 : Mnov_gtseq_174 
2 alleles
2.6% missing data
   0   (0.255) 0.171 0.144 0.367 0.527 0.276 
   1   (0.745) 0.829 0.856 0.633 0.473 0.724 

Locus 44 : Mnov_gtseq_180 
3 alleles
14.3% missing data
   1   (0.610) 0.641 0.716 0.591 0.934 0.346 
   2   (0.298) 0.272 0.209 0.309 0.056 0.594 
   0   (0.092) 0.088 0.074 0.100 0.009 0.060 

Locus 45 : Mnov_gtseq_182 
2 alleles
8.6% missing data
   0   (0.831) 0.905 0.754 0.721 0.821 0.937 
   1   (0.169) 0.095 0.246 0.279 0.179 0.063 

Locus 46 : Mnov_gtseq_186 
3 alleles
28.0% missing data
   1   (0.469) 0.436 0.516 0.484 0.501 0.477 
   2   (0.093) 0.089 0.061 0.080 0.015 0.098 
   0   (0.438) 0.475 0.423 0.436 0.484 0.425 

Locus 47 : Mnov_gtseq_187 
2 alleles
7.1% missing data
   1   (0.584) 0.525 0.654 0.450 0.773 0.577 
   0   (0.416) 0.475 0.346 0.550 0.227 0.423 

Locus 48 : Mnov_gtseq_188 
2 alleles
13.4% missing data
   0   (0.549) 0.462 0.470 0.449 0.698 0.776 
   1   (0.451) 0.538 0.530 0.551 0.302 0.224 

Locus 49 : Mnov_gtseq_189 
2 alleles
3.7% missing data
   0   (0.457) 0.512 0.446 0.629 0.459 0.215 
   1   (0.543) 0.488 0.554 0.371 0.541 0.785 

Locus 50 : Mnov_gtseq_19 
3 alleles
0.0% missing data
   1   (0.855) 0.900 0.935 0.874 0.724 0.826 
   2   (0.092) 0.081 0.057 0.114 0.036 0.036 
   0   (0.053) 0.019 0.008 0.012 0.240 0.138 

Locus 51 : Mnov_gtseq_190 
2 alleles
0.0% missing data
   1   (0.438) 0.568 0.414 0.366 0.290 0.377 
   0   (0.562) 0.432 0.586 0.634 0.710 0.623 

Locus 52 : Mnov_gtseq_192 
2 alleles
20.9% missing data
   0   (0.812) 0.847 0.758 0.872 0.818 0.873 
   1   (0.188) 0.153 0.242 0.128 0.182 0.127 

Locus 53 : Mnov_gtseq_193 
2 alleles
0.0% missing data
   0   (0.714) 0.748 0.822 0.688 0.787 0.571 
   1   (0.286) 0.252 0.178 0.312 0.213 0.429 

Locus 54 : Mnov_gtseq_195 
3 alleles
0.0% missing data
   1   (0.535) 0.535 0.547 0.411 0.553 0.706 
   2   (0.437) 0.442 0.446 0.582 0.445 0.277 
   0   (0.028) 0.023 0.007 0.007 0.002 0.017 

Locus 55 : Mnov_gtseq_196 
2 alleles
0.3% missing data
   0   (0.323) 0.233 0.331 0.420 0.105 0.488 
   1   (0.677) 0.767 0.669 0.580 0.895 0.512 

Locus 56 : Mnov_gtseq_197 
3 alleles
0.3% missing data
   1   (0.378) 0.317 0.351 0.493 0.303 0.400 
   0   (0.435) 0.477 0.532 0.417 0.631 0.231 
   2   (0.188) 0.206 0.117 0.090 0.066 0.369 

Locus 57 : Mnov_gtseq_2 
3 alleles
0.3% missing data
   0   (0.187) 0.295 0.169 0.071 0.241 0.122 
   2   (0.770) 0.682 0.817 0.923 0.755 0.749 
   1   (0.043) 0.023 0.014 0.007 0.004 0.130 

Locus 58 : Mnov_gtseq_200 
2 alleles
2.3% missing data
   0   (0.415) 0.429 0.360 0.375 0.698 0.283 
   1   (0.585) 0.571 0.640 0.625 0.302 0.717 

Locus 59 : Mnov_gtseq_201 
4 alleles
0.0% missing data
   0   (0.578) 0.652 0.521 0.423 0.599 0.760 
   2   (0.159) 0.131 0.161 0.122 0.228 0.069 
   3   (0.154) 0.144 0.257 0.049 0.155 0.094 
   1   (0.108) 0.073 0.062 0.406 0.018 0.077 

Locus 60 : Mnov_gtseq_202 
2 alleles
0.0% missing data
   0   (0.422) 0.424 0.446 0.457 0.563 0.279 
   1   (0.578) 0.576 0.554 0.543 0.437 0.721 

Locus 61 : Mnov_gtseq_204 
2 alleles
3.4% missing data
   0   (0.422) 0.299 0.390 0.540 0.617 0.462 
   1   (0.578) 0.701 0.610 0.460 0.383 0.538 

Locus 62 : Mnov_gtseq_205 
5 alleles
0.0% missing data
   0   (0.213) 0.164 0.371 0.103 0.222 0.208 
   4   (0.039) 0.030 0.010 0.007 0.157 0.010 
   3   (0.665) 0.758 0.585 0.851 0.546 0.730 
   1   (0.064) 0.041 0.029 0.028 0.074 0.047 
   2   (0.019) 0.007 0.005 0.010 0.001 0.004 

Locus 63 : Mnov_gtseq_208 
2 alleles
0.0% missing data
   0   (0.649) 0.703 0.662 0.826 0.317 0.601 
   1   (0.351) 0.297 0.338 0.174 0.683 0.399 

Locus 64 : Mnov_gtseq_209 
3 alleles
0.0% missing data
   0   (0.462) 0.520 0.585 0.321 0.575 0.294 
   2   (0.494) 0.456 0.404 0.671 0.271 0.679 
   1   (0.044) 0.025 0.011 0.009 0.154 0.027 

Locus 65 : Mnov_gtseq_21 
2 alleles
0.0% missing data
   1   (0.523) 0.485 0.470 0.753 0.304 0.597 
   0   (0.477) 0.515 0.530 0.247 0.696 0.403 

Locus 66 : Mnov_gtseq_210 
2 alleles
4.6% missing data
   0   (0.378) 0.272 0.568 0.500 0.214 0.308 
   1   (0.622) 0.728 0.432 0.500 0.786 0.692 

Locus 67 : Mnov_gtseq_211 
2 alleles
1.1% missing data
   0   (0.407) 0.472 0.429 0.483 0.249 0.358 
   1   (0.593) 0.528 0.571 0.517 0.751 0.642 

Locus 68 : Mnov_gtseq_213 
2 alleles
5.4% missing data
   0   (0.504) 0.492 0.549 0.612 0.358 0.476 
   1   (0.496) 0.508 0.451 0.388 0.642 0.524 

Locus 69 : Mnov_gtseq_214 
2 alleles
5.1% missing data
   0   (0.526) 0.623 0.487 0.535 0.800 0.339 
   1   (0.474) 0.377 0.513 0.465 0.200 0.661 

Locus 70 : Mnov_gtseq_215 
2 alleles
0.0% missing data
   0   (0.456) 0.530 0.421 0.422 0.569 0.330 
   1   (0.544) 0.470 0.579 0.578 0.431 0.670 

Locus 71 : Mnov_gtseq_216 
3 alleles
0.0% missing data
   2   (0.524) 0.539 0.464 0.414 0.721 0.584 
   1   (0.450) 0.451 0.531 0.583 0.275 0.380 
   0   (0.026) 0.010 0.005 0.003 0.004 0.036 

Locus 72 : Mnov_gtseq_217 
2 alleles
23.7% missing data
   0   (0.326) 0.351 0.481 0.197 0.157 0.244 
   1   (0.674) 0.649 0.519 0.803 0.843 0.756 

Locus 73 : Mnov_gtseq_218 
2 alleles
0.6% missing data
   0   (0.588) 0.611 0.430 0.498 0.842 0.735 
   1   (0.412) 0.389 0.570 0.502 0.158 0.265 

Locus 74 : Mnov_gtseq_22 
4 alleles
3.4% missing data
   2   (0.501) 0.548 0.437 0.565 0.793 0.411 
   0   (0.230) 0.216 0.321 0.150 0.128 0.219 
   1   (0.207) 0.207 0.177 0.256 0.071 0.250 
   3   (0.063) 0.029 0.066 0.029 0.008 0.121 

Locus 75 : Mnov_gtseq_220 
3 alleles
0.0% missing data
   0   (0.495) 0.443 0.425 0.564 0.701 0.582 
   1   (0.453) 0.525 0.562 0.420 0.273 0.324 
   2   (0.051) 0.031 0.013 0.016 0.025 0.094 

Locus 76 : Mnov_gtseq_223 
2 alleles
2.6% missing data
   0   (0.647) 0.545 0.741 0.748 0.637 0.624 
   1   (0.353) 0.455 0.259 0.252 0.363 0.376 

Locus 77 : Mnov_gtseq_224 
3 alleles
0.6% missing data
   0   (0.226) 0.225 0.137 0.251 0.284 0.262 
   1   (0.716) 0.725 0.833 0.706 0.708 0.708 
   2   (0.057) 0.049 0.030 0.043 0.007 0.029 

Locus 78 : Mnov_gtseq_225 
2 alleles
0.0% missing data
   0   (0.514) 0.515 0.607 0.648 0.493 0.318 
   1   (0.486) 0.485 0.393 0.352 0.507 0.682 

Locus 79 : Mnov_gtseq_227 
2 alleles
0.3% missing data
   0   (0.513) 0.480 0.386 0.509 0.688 0.645 
   1   (0.487) 0.520 0.614 0.491 0.312 0.355 

Locus 80 : Mnov_gtseq_229 
2 alleles
0.9% missing data
   1   (0.523) 0.452 0.401 0.706 0.656 0.575 
   0   (0.477) 0.548 0.599 0.294 0.344 0.425 

Locus 81 : Mnov_gtseq_232 
2 alleles
0.0% missing data
   0   (0.469) 0.448 0.405 0.516 0.750 0.365 
   1   (0.531) 0.552 0.595 0.484 0.250 0.635 

Locus 82 : Mnov_gtseq_234 
2 alleles
9.1% missing data
   0   (0.742) 0.736 0.819 0.555 0.866 0.787 
   1   (0.258) 0.264 0.181 0.445 0.134 0.213 

Locus 83 : Mnov_gtseq_235 
2 alleles
0.0% missing data
   0   (0.787) 0.759 0.691 0.777 0.910 0.900 
   1   (0.213) 0.241 0.309 0.223 0.090 0.100 

Locus 84 : Mnov_gtseq_238 
2 alleles
0.0% missing data
   0   (0.617) 0.519 0.564 0.656 0.837 0.622 
   1   (0.383) 0.481 0.436 0.344 0.163 0.378 

Locus 85 : Mnov_gtseq_239 
2 alleles
0.0% missing data
   0   (0.717) 0.788 0.636 0.791 0.776 0.700 
   1   (0.283) 0.212 0.364 0.209 0.224 0.300 

Locus 86 : Mnov_gtseq_241 
2 alleles
0.0% missing data
   0   (0.845) 0.913 0.826 0.842 0.813 0.902 
   1   (0.155) 0.087 0.174 0.158 0.187 0.098 

Locus 87 : Mnov_gtseq_243 
2 alleles
0.0% missing data
   0   (0.594) 0.615 0.636 0.372 0.614 0.700 
   1   (0.406) 0.385 0.364 0.628 0.386 0.300 

Locus 88 : Mnov_gtseq_244 
2 alleles
0.0% missing data
   0   (0.344) 0.297 0.449 0.262 0.475 0.209 
   1   (0.656) 0.703 0.551 0.738 0.525 0.791 

Locus 89 : Mnov_gtseq_245 
2 alleles
20.0% missing data
   1   (0.495) 0.490 0.452 0.645 0.697 0.353 
   0   (0.505) 0.510 0.548 0.355 0.303 0.647 

Locus 90 : Mnov_gtseq_246 
2 alleles
0.3% missing data
   0   (0.426) 0.478 0.478 0.628 0.531 0.171 
   1   (0.574) 0.522 0.522 0.372 0.469 0.829 

Locus 91 : Mnov_gtseq_247 
2 alleles
3.1% missing data
   0   (0.296) 0.284 0.223 0.209 0.168 0.501 
   1   (0.704) 0.716 0.777 0.791 0.832 0.499 

Locus 92 : Mnov_gtseq_248 
2 alleles
0.3% missing data
   0   (0.219) 0.222 0.198 0.074 0.471 0.241 
   1   (0.781) 0.778 0.802 0.926 0.529 0.759 

Locus 93 : Mnov_gtseq_25 
2 alleles
0.3% missing data
   0   (0.464) 0.428 0.484 0.538 0.668 0.264 
   1   (0.536) 0.572 0.516 0.462 0.332 0.736 

Locus 94 : Mnov_gtseq_250 
2 alleles
3.4% missing data
   0   (0.774) 0.826 0.848 0.607 0.708 0.870 
   1   (0.226) 0.174 0.152 0.393 0.292 0.130 

Locus 95 : Mnov_gtseq_251 
2 alleles
2.0% missing data
   1   (0.208) 0.316 0.212 0.093 0.184 0.141 
   0   (0.792) 0.684 0.788 0.907 0.816 0.859 

Locus 96 : Mnov_gtseq_253 
2 alleles
16.3% missing data
   0   (0.488) 0.547 0.454 0.259 0.495 0.602 
   1   (0.512) 0.453 0.546 0.741 0.505 0.398 

Locus 97 : Mnov_gtseq_254 
2 alleles
0.0% missing data
   1   (0.923) 0.927 0.825 0.982 0.992 0.945 
   0   (0.077) 0.073 0.175 0.018 0.008 0.055 

Locus 98 : Mnov_gtseq_255 
3 alleles
0.0% missing data
   0   (0.333) 0.269 0.197 0.600 0.484 0.274 
   2   (0.389) 0.472 0.506 0.190 0.444 0.283 
   1   (0.278) 0.259 0.297 0.209 0.072 0.442 

Locus 99 : Mnov_gtseq_257 
2 alleles
0.0% missing data
   0   (0.625) 0.644 0.765 0.718 0.433 0.489 
   1   (0.375) 0.356 0.235 0.282 0.567 0.511 

Locus 100 : Mnov_gtseq_258 
2 alleles
0.0% missing data
   0   (0.514) 0.502 0.390 0.438 0.653 0.704 
   1   (0.486) 0.498 0.610 0.562 0.347 0.296 

Locus 101 : Mnov_gtseq_26 
2 alleles
0.0% missing data
   1   (0.892) 0.894 0.940 0.928 0.973 0.882 
   0   (0.108) 0.106 0.060 0.072 0.027 0.118 

Locus 102 : Mnov_gtseq_260 
2 alleles
0.6% missing data
   0   (0.758) 0.722 0.778 0.882 0.792 0.706 
   1   (0.242) 0.278 0.222 0.118 0.208 0.294 

Locus 103 : Mnov_gtseq_261 
3 alleles
0.3% missing data
   0   (0.452) 0.494 0.443 0.506 0.599 0.418 
   1   (0.287) 0.241 0.202 0.335 0.245 0.380 
   2   (0.261) 0.265 0.355 0.159 0.155 0.202 

Locus 104 : Mnov_gtseq_262 
3 alleles
3.1% missing data
