

----------------------------------------------------
STRUCTURE by Pritchard, Stephens and Donnelly (2000)
     and Falush, Stephens and Pritchard (2003)
       Code by Pritchard, Falush and Hubisz
             Version 2.3.4 (Jul 2012)
----------------------------------------------------



Command line arguments:   structure -m wint.area.structureRun/wint.area.structureRun.k6.r5_mainparams -e wint.area.structureRun/wint.area.structureRun.k6.r5_extraparams -i wint.area.structureRun/wint.area.structureRun.k6.r5_data -o wint.area.structureRun/wint.area.structureRun.k6.r5_out 
Input File:    wint.area.structureRun/wint.area.structureRun.k6.r5_data

Run parameters:
   350 individuals
   298 loci
   6 populations assumed
   1000 Burn-in period
   10000 Reps


--------------------------------------------
Proportion of membership of each pre-defined
 population in each of the 6 clusters

Given    Inferred Clusters                            Number of
 Pop       1      2      3      4      5      6      Individuals

  1:     0.086  0.138  0.198  0.161  0.158  0.258       77
  2:     0.309  0.186  0.126  0.154  0.123  0.102      124
  3:     0.122  0.176  0.197  0.189  0.158  0.158      113
  4:     0.193  0.193  0.161  0.187  0.145  0.121       27
  5:     0.066  0.074  0.075  0.087  0.618  0.080        9
--------------------------------------------

Allele-freq. divergence among pops (Net nucleotide distance),
computed using point estimates of P.

      1       2       3       4       5       6      
 1      -    0.0309  0.0500  0.0468  0.0580  0.0638  
 2   0.0309     -    0.0124  0.0104  0.0225  0.0287  
 3   0.0500  0.0124     -    0.0170  0.0325  0.0317  
 4   0.0468  0.0104  0.0170     -    0.0294  0.0315  
 5   0.0580  0.0225  0.0325  0.0294     -    0.0461  
 6   0.0638  0.0287  0.0317  0.0315  0.0461     -    

Average distances (expected heterozygosity) between individuals in same cluster:
cluster  1  : 0.4007 
cluster  2  : 0.4507 
cluster  3  : 0.4436 
cluster  4  : 0.4311 
cluster  5  : 0.4151 
cluster  6  : 0.4212 

--------------------------------------------
Estimated Ln Prob of Data   = -176846.4
Mean value of ln likelihood = -134231.4
Variance of ln likelihood   = 85230.0
Mean value of alpha         = 1.0000

Mean value of Fst_1         = 0.2041
Mean value of Fst_2         = 0.0571
Mean value of Fst_3         = 0.0963
Mean value of Fst_4         = 0.1051
Mean value of Fst_5         = 0.1358
Mean value of Fst_6         = 0.1560


Inferred ancestry of individuals:
        Label (%Miss) Pop:  Inferred clusters
  1   207778    (1)    2 :  0.366 0.143 0.108 0.211 0.076 0.097 
  2 z0005757    (7)    3 :  0.081 0.251 0.147 0.120 0.141 0.259 
  3 z0005758    (0)    3 :  0.097 0.121 0.096 0.358 0.135 0.192 
  4 z0011944    (0)    1 :  0.072 0.102 0.040 0.053 0.690 0.041 
  5 z0012702    (8)    4 :  0.359 0.344 0.067 0.059 0.141 0.029 
  6 z0016577    (1)    3 :  0.170 0.165 0.181 0.244 0.096 0.144 
  7 z0016578   (20)    1 :  0.045 0.101 0.564 0.102 0.109 0.079 
  8 z0016579    (1)    3 :  0.096 0.178 0.126 0.293 0.195 0.111 
  9 z0018264    (0)    1 :  0.075 0.107 0.072 0.081 0.570 0.095 
 10 z0029828    (2)    3 :  0.071 0.180 0.344 0.220 0.071 0.114 
 11 z0029829   (13)    1 :  0.051 0.136 0.419 0.182 0.052 0.160 
 12 z0029846    (0)    1 :  0.155 0.127 0.275 0.154 0.115 0.175 
 13 z0029860    (0)    3 :  0.100 0.159 0.368 0.182 0.075 0.114 
 14 z0029863    (1)    1 :  0.099 0.113 0.179 0.181 0.364 0.065 
 15 z0029864    (8)    1 :  0.091 0.116 0.231 0.155 0.313 0.093 
 16 z0029865   (12)    3 :  0.036 0.087 0.075 0.494 0.085 0.224 
 17 z0037607    (1)    3 :  0.142 0.164 0.167 0.201 0.276 0.050 
 18 z0037609   (23)    3 :  0.085 0.153 0.236 0.257 0.161 0.109 
 19 z0037624   (20)    1 :  0.112 0.192 0.093 0.233 0.077 0.292 
 20 z0038417    (7)    2 :  0.492 0.112 0.086 0.095 0.119 0.096 
 21 z0040275    (8)    2 :  0.406 0.123 0.144 0.104 0.163 0.060 
 22 z0040287    (3)    2 :  0.124 0.164 0.179 0.222 0.218 0.092 
 23 z0040308    (0)    2 :  0.336 0.129 0.067 0.336 0.043 0.089 
 24 z0040333    (1)    2 :  0.185 0.442 0.149 0.103 0.064 0.058 
 25 z0040334    (1)    2 :  0.514 0.192 0.057 0.102 0.076 0.059 
 26 z0040337    (4)    2 :  0.172 0.282 0.138 0.179 0.155 0.073 
 27 z0040345    (1)    2 :  0.422 0.113 0.059 0.222 0.116 0.068 
 28 z0040357    (5)    2 :  0.324 0.214 0.126 0.120 0.107 0.110 
 29 z0040363   (19)    2 :  0.297 0.284 0.086 0.118 0.089 0.125 
 30 z0040364    (0)    2 :  0.537 0.088 0.070 0.155 0.069 0.082 
 31 z0040387    (0)    2 :  0.288 0.290 0.081 0.098 0.135 0.108 
 32 z0040403   (15)    2 :  0.276 0.146 0.197 0.119 0.112 0.150 
 33 z0040439    (0)    2 :  0.535 0.099 0.078 0.078 0.168 0.043 
 34 z0040465   (20)    2 :  0.276 0.130 0.251 0.181 0.068 0.093 
 35 z0040513   (24)    3 :  0.117 0.287 0.174 0.179 0.112 0.131 
 36 z0040961   (11)    2 :  0.183 0.294 0.112 0.090 0.214 0.106 
 37 z0040985   (14)    2 :  0.160 0.223 0.152 0.261 0.104 0.099 
 38 z0041026    (0)    2 :  0.340 0.183 0.167 0.106 0.100 0.103 
 39 z0041051   (30)    2 :  0.362 0.139 0.082 0.092 0.227 0.099 
 40 z0041115    (7)    2 :  0.387 0.117 0.086 0.103 0.072 0.234 
 41 z0041153   (23)    2 :  0.225 0.192 0.128 0.187 0.164 0.105 
 42 z0041233    (3)    2 :  0.227 0.189 0.155 0.235 0.071 0.124 
 43 z0041243    (0)    2 :  0.304 0.130 0.092 0.286 0.110 0.078 
 44 z0041248    (5)    2 :  0.363 0.188 0.085 0.101 0.136 0.127 
 45 z0041250    (1)    2 :  0.460 0.132 0.098 0.144 0.108 0.058 
 46 z0041274    (1)    2 :  0.185 0.216 0.197 0.114 0.195 0.094 
 47 z0041465   (16)    2 :  0.402 0.088 0.160 0.099 0.034 0.217 
 48 z0041472    (2)    2 :  0.261 0.203 0.102 0.194 0.083 0.157 
 49 z0041480    (9)    2 :  0.283 0.119 0.144 0.238 0.068 0.146 
 50 z0041483    (0)    2 :  0.518 0.081 0.100 0.074 0.071 0.157 
 51 z0041494   (12)    2 :  0.237 0.389 0.132 0.118 0.083 0.040 
 52 z0041498    (1)    2 :  0.402 0.123 0.147 0.090 0.111 0.127 
 53 z0041501    (1)    2 :  0.271 0.432 0.095 0.085 0.088 0.030 
 54 z0041507    (6)    2 :  0.306 0.222 0.107 0.178 0.132 0.055 
 55 z0041512    (0)    2 :  0.399 0.206 0.125 0.104 0.115 0.051 
 56 z0041522   (15)    2 :  0.395 0.096 0.115 0.097 0.158 0.139 
 57 z0041526    (0)    3 :  0.504 0.118 0.105 0.113 0.052 0.107 
 58 z0041527   (14)    2 :  0.248 0.244 0.152 0.163 0.059 0.134 
 59 z0043243    (1)    2 :  0.101 0.171 0.108 0.140 0.222 0.258 
 60 z0043278    (0)    2 :  0.407 0.193 0.085 0.100 0.155 0.061 
 61 z0043475   (16)    3 :  0.194 0.308 0.135 0.142 0.109 0.113 
 62 z0043477    (0)    2 :  0.247 0.129 0.106 0.211 0.209 0.099 
 63 z0043478    (2)    2 :  0.523 0.085 0.047 0.119 0.108 0.118 
 64 z0043481    (0)    2 :  0.353 0.233 0.078 0.141 0.101 0.094 
 65 z0043489    (5)    2 :  0.379 0.250 0.073 0.096 0.148 0.054 
 66 z0043491   (12)    2 :  0.230 0.164 0.148 0.206 0.171 0.080 
 67 z0043493    (2)    2 :  0.111 0.123 0.094 0.488 0.121 0.062 
 68 z0043494    (1)    2 :  0.274 0.191 0.209 0.162 0.093 0.071 
 69 z0043498    (1)    2 :  0.425 0.224 0.124 0.085 0.069 0.072 
 70 z0043504    (7)    2 :  0.228 0.101 0.066 0.318 0.150 0.137 
 71 z0043526    (3)    4 :  0.129 0.350 0.078 0.184 0.191 0.067 
 72 z0043566    (2)    2 :  0.336 0.214 0.068 0.140 0.093 0.149 
 73 z0043572    (0)    2 :  0.395 0.171 0.117 0.132 0.099 0.085 
 74 z0043599    (2)    2 :  0.247 0.241 0.200 0.132 0.073 0.107 
 75 z0043642    (0)    2 :  0.301 0.217 0.218 0.109 0.095 0.060 
 76 z0043649    (1)    2 :  0.449 0.154 0.118 0.094 0.093 0.093 
 77 z0043652    (1)    2 :  0.104 0.226 0.200 0.210 0.158 0.102 
 78 z0043668    (0)    2 :  0.205 0.289 0.075 0.182 0.080 0.170 
 79 z0043674    (0)    4 :  0.059 0.136 0.369 0.131 0.128 0.178 
 80 z0043686    (1)    2 :  0.357 0.110 0.118 0.110 0.190 0.116 
 81 z0043693    (1)    2 :  0.191 0.403 0.175 0.087 0.065 0.079 
 82 z0043704   (14)    2 :  0.606 0.070 0.108 0.060 0.090 0.065 
 83 z0043807    (1)    2 :  0.262 0.243 0.169 0.109 0.142 0.075 
 84 z0043819    (0)    2 :  0.108 0.282 0.155 0.137 0.177 0.141 
 85 z0043876    (7)    2 :  0.148 0.161 0.089 0.317 0.060 0.225 
 86 z0043877   (32)    2 :  0.174 0.340 0.090 0.154 0.057 0.185 
 87 z0043891   (21)    4 :  0.220 0.145 0.150 0.140 0.205 0.141 
 88 z0043915   (31)    2 :  0.188 0.156 0.111 0.186 0.253 0.106 
 89 z0043940   (10)    2 :  0.057 0.185 0.253 0.211 0.181 0.112 
 90 z0043954    (1)    2 :  0.187 0.199 0.181 0.143 0.164 0.127 
 91 z0043966    (5)    2 :  0.425 0.128 0.167 0.143 0.077 0.060 
 92 z0043980    (1)    2 :  0.206 0.257 0.145 0.147 0.099 0.146 
 93 z0044017   (11)    2 :  0.352 0.179 0.138 0.105 0.155 0.072 
 94 z0044019   (14)    2 :  0.248 0.252 0.101 0.148 0.077 0.174 
 95 z0044023   (35)    2 :  0.573 0.089 0.076 0.058 0.069 0.135 
 96 z0044033    (0)    2 :  0.651 0.117 0.064 0.068 0.036 0.064 
 97 z0044042    (3)    2 :  0.527 0.085 0.048 0.119 0.089 0.131 
 98 z0044047   (24)    2 :  0.306 0.277 0.125 0.126 0.095 0.071 
 99 z0044064   (13)    2 :  0.308 0.162 0.142 0.213 0.119 0.056 
100 z0044432   (14)    2 :  0.122 0.265 0.109 0.173 0.204 0.127 
101 z0045326    (0)    3 :  0.117 0.116 0.412 0.146 0.071 0.138 
102 z0045331    (5)    1 :  0.141 0.129 0.420 0.122 0.109 0.078 
103 z0045332    (1)    1 :  0.082 0.214 0.372 0.103 0.154 0.075 
104 z0045333    (6)    1 :  0.065 0.124 0.115 0.130 0.118 0.448 
105 z0045337    (4)    1 :  0.078 0.063 0.074 0.072 0.118 0.594 
106 z0045342   (12)    1 :  0.069 0.383 0.249 0.119 0.053 0.127 
107 z0045347    (1)    3 :  0.085 0.158 0.107 0.250 0.240 0.159 
108 z0045350    (0)    1 :  0.075 0.248 0.212 0.145 0.175 0.144 
109 z0045370    (0)    1 :  0.032 0.105 0.458 0.149 0.095 0.161 
110 z0045371    (1)    3 :  0.130 0.189 0.216 0.155 0.153 0.157 
111 z0045398    (1)    3 :  0.024 0.102 0.106 0.442 0.206 0.121 
112 z0045399    (1)    3 :  0.054 0.209 0.170 0.158 0.280 0.128 
113 z0045401   (23)    1 :  0.086 0.190 0.378 0.109 0.091 0.146 
114 z0045404    (0)    3 :  0.053 0.108 0.528 0.158 0.081 0.072 
115 z0045405    (4)    3 :  0.073 0.187 0.266 0.273 0.137 0.064 
116 z0045407    (1)    3 :  0.108 0.202 0.203 0.117 0.283 0.087 
117 z0045719    (0)    2 :  0.298 0.204 0.157 0.154 0.146 0.041 
118 z0045720    (1)    2 :  0.113 0.182 0.173 0.253 0.182 0.098 
119 z0045728    (0)    2 :  0.380 0.149 0.077 0.138 0.084 0.173 
120 z0045731    (0)    2 :  0.152 0.323 0.139 0.222 0.119 0.045 
121 z0045733    (0)    2 :  0.138 0.233 0.188 0.223 0.095 0.124 
122 z0045736    (1)    2 :  0.181 0.239 0.202 0.172 0.106 0.100 
123 z0045739    (1)    2 :  0.119 0.243 0.232 0.190 0.136 0.079 
124 z0045740    (1)    2 :  0.469 0.114 0.085 0.122 0.112 0.097 
125 z0045741    (0)    2 :  0.188 0.386 0.134 0.135 0.115 0.040 
126 z0045742    (0)    2 :  0.373 0.142 0.242 0.072 0.062 0.108 
127 z0045776    (0)    3 :  0.193 0.241 0.123 0.145 0.139 0.159 
128 z0045779    (0)    2 :  0.616 0.048 0.052 0.052 0.048 0.184 
129 z0045781    (0)    2 :  0.351 0.180 0.104 0.193 0.103 0.069 
130 z0045788    (5)    2 :  0.572 0.134 0.040 0.054 0.126 0.074 
131 z0045789    (2)    2 :  0.504 0.084 0.119 0.087 0.151 0.054 
132 z0045791    (4)    2 :  0.387 0.169 0.147 0.085 0.143 0.069 
133 z0045792   (22)    1 :  0.135 0.172 0.098 0.251 0.132 0.213 
134 z0045793    (0)    3 :  0.185 0.112 0.422 0.087 0.049 0.145 
135 z0047562   (14)    2 :  0.306 0.178 0.163 0.185 0.090 0.077 
136 z0047854    (1)    2 :  0.330 0.149 0.139 0.205 0.086 0.091 
137 z0051185    (0)    1 :  0.046 0.150 0.268 0.320 0.100 0.116 
138 z0051324    (0)    1 :  0.072 0.115 0.174 0.246 0.122 0.270 
139 z0051327    (3)    3 :  0.181 0.224 0.184 0.259 0.068 0.084 
140 z0051328    (1)    1 :  0.128 0.103 0.077 0.216 0.122 0.354 
141 z0051380    (0)    1 :  0.028 0.047 0.061 0.105 0.071 0.688 
142 z0051400    (0)    3 :  0.159 0.151 0.216 0.118 0.105 0.251 
143 z0051431   (21)    3 :  0.208 0.177 0.265 0.217 0.076 0.057 
144 z0051840   (33)    2 :  0.298 0.204 0.179 0.100 0.141 0.078 
145 z0051844   (27)    2 :  0.232 0.227 0.144 0.165 0.165 0.066 
146 z0051875   (28)    3 :  0.075 0.222 0.329 0.166 0.093 0.115 
147 z0051885    (7)    3 :  0.398 0.113 0.228 0.063 0.131 0.067 
148 z0051888    (0)    2 :  0.378 0.144 0.148 0.135 0.084 0.112 
149 z0051891    (0)    1 :  0.096 0.247 0.179 0.215 0.161 0.102 
150 z0051893    (2)    1 :  0.092 0.159 0.133 0.194 0.129 0.293 
151 z0051895    (0)    3 :  0.071 0.175 0.196 0.233 0.119 0.206 
152 z0051918    (0)    3 :  0.248 0.157 0.082 0.112 0.328 0.073 
153 z0051929    (1)    1 :  0.072 0.104 0.139 0.321 0.067 0.296 
154 z0051939   (11)    3 :  0.206 0.196 0.307 0.100 0.118 0.072 
155 z0051947    (3)    1 :  0.099 0.143 0.083 0.076 0.093 0.506 
156 z0051959    (1)    3 :  0.163 0.093 0.079 0.226 0.310 0.130 
157 z0052846    (0)    4 :  0.137 0.145 0.277 0.157 0.158 0.126 
158 z0052882    (1)    2 :  0.220 0.261 0.165 0.128 0.108 0.118 
159 z0053020   (20)    2 :  0.213 0.213 0.117 0.205 0.173 0.079 
160 z0053024   (12)    2 :  0.194 0.154 0.133 0.275 0.124 0.120 
161 z0053025    (3)    2 :  0.583 0.068 0.123 0.105 0.082 0.039 
162 z0053031    (0)    2 :  0.152 0.169 0.181 0.159 0.195 0.144 
163 z0053032    (0)    2 :  0.260 0.179 0.071 0.187 0.154 0.148 
164 z0053040    (5)    2 :  0.192 0.229 0.153 0.206 0.126 0.094 
165 z0053051    (0)    3 :  0.058 0.197 0.352 0.120 0.209 0.064 
166 z0053054    (5)    3 :  0.053 0.239 0.259 0.248 0.098 0.103 
167 z0053071    (2)    2 :  0.494 0.143 0.117 0.106 0.074 0.067 
168 z0053073    (1)    2 :  0.114 0.210 0.096 0.220 0.198 0.162 
169 z0053078    (0)    3 :  0.313 0.115 0.103 0.084 0.337 0.047 
170 z0053082    (1)    3 :  0.271 0.250 0.242 0.098 0.058 0.081 
171 z0053083   (12)    2 :  0.248 0.198 0.111 0.199 0.125 0.119 
172 z0053090   (10)    3 :  0.254 0.313 0.079 0.183 0.114 0.056 
173 z0053096    (0)    2 :  0.504 0.149 0.071 0.043 0.194 0.039 
174 z0053100    (6)    2 :  0.305 0.221 0.094 0.233 0.078 0.069 
175 z0053101    (0)    2 :  0.344 0.130 0.081 0.098 0.243 0.103 
176 z0053102    (8)    2 :  0.284 0.300 0.129 0.162 0.077 0.047 
177 z0053103    (0)    2 :  0.562 0.095 0.080 0.123 0.060 0.080 
178 z0053111    (2)    3 :  0.099 0.221 0.177 0.236 0.161 0.107 
179 z0053131    (0)    2 :  0.346 0.088 0.134 0.201 0.089 0.141 
180 z0053132    (0)    2 :  0.196 0.278 0.109 0.071 0.298 0.048 
181 z0053133    (0)    2 :  0.083 0.291 0.231 0.152 0.175 0.069 
182 z0053138    (0)    2 :  0.240 0.151 0.149 0.221 0.091 0.149 
183 z0053142    (2)    2 :  0.253 0.156 0.099 0.124 0.164 0.204 
184 z0053149    (0)    2 :  0.363 0.142 0.076 0.072 0.177 0.171 
185 z0053754    (1)    1 :  0.161 0.074 0.099 0.100 0.338 0.228 
186 z0053756    (1)    1 :  0.078 0.082 0.107 0.104 0.433 0.196 
187 z0053758   (17)    1 :  0.087 0.086 0.515 0.058 0.063 0.192 
188 z0053759    (0)    1 :  0.066 0.162 0.109 0.165 0.151 0.346 
189 z0053842    (1)    1 :  0.057 0.136 0.079 0.598 0.059 0.071 
190 z0053843    (6)    1 :  0.045 0.152 0.401 0.110 0.138 0.153 
191 z0053844    (7)    1 :  0.107 0.155 0.253 0.171 0.114 0.200 
192 z0053846    (2)    1 :  0.050 0.123 0.483 0.072 0.088 0.183 
193 z0053847    (0)    1 :  0.134 0.182 0.064 0.049 0.121 0.451 
194 z0053849    (1)    1 :  0.075 0.136 0.192 0.260 0.237 0.100 
195 z0055903    (1)    4 :  0.071 0.236 0.146 0.254 0.145 0.147 
196 z0055910   (34)    4 :  0.176 0.132 0.105 0.258 0.199 0.131 
197 z0055912    (7)    4 :  0.156 0.188 0.148 0.193 0.241 0.075 
198 z0055916   (15)    4 :  0.149 0.169 0.117 0.279 0.175 0.112 
199 z0055931    (2)    4 :  0.409 0.173 0.121 0.100 0.109 0.088 
200 z0055944    (3)    4 :  0.119 0.203 0.146 0.234 0.100 0.197 
201 z0055947    (9)    4 :  0.131 0.132 0.323 0.235 0.114 0.066 
202 z0055962    (6)    4 :  0.312 0.202 0.127 0.196 0.086 0.077 
203 z0055963   (21)    4 :  0.286 0.182 0.115 0.202 0.137 0.077 
204 z0055965   (25)    4 :  0.057 0.219 0.122 0.125 0.340 0.137 
205 z0055970   (15)    4 :  0.190 0.234 0.105 0.192 0.105 0.174 
206 z0055971    (7)    4 :  0.184 0.195 0.126 0.176 0.176 0.142 
207 z0055977    (6)    4 :  0.260 0.144 0.154 0.256 0.125 0.062 
208 z0055986   (19)    4 :  0.102 0.176 0.262 0.124 0.096 0.239 
209 z0055990    (6)    4 :  0.420 0.127 0.165 0.095 0.110 0.084 
210 z0055996    (2)    4 :  0.250 0.126 0.246 0.233 0.058 0.087 
211 z0055997    (3)    4 :  0.222 0.224 0.140 0.119 0.088 0.207 
212 z0055998    (4)    4 :  0.138 0.214 0.134 0.125 0.257 0.131 
213 z0055999    (2)    4 :  0.100 0.181 0.238 0.122 0.159 0.201 
214 z0056011    (7)    4 :  0.090 0.212 0.135 0.396 0.103 0.064 
215 z0056029    (4)    4 :  0.178 0.241 0.103 0.259 0.086 0.134 
216 z0056034    (0)    4 :  0.299 0.186 0.125 0.191 0.096 0.102 
217 z0056056   (25)    3 :  0.102 0.220 0.152 0.208 0.099 0.219 
218 z0056058    (5)    3 :  0.033 0.056 0.058 0.073 0.036 0.744 
219 z0056059    (8)    3 :  0.088 0.349 0.152 0.200 0.103 0.108 
220 z0056062    (1)    3 :  0.097 0.193 0.112 0.125 0.235 0.238 
221 z0056063    (4)    3 :  0.059 0.251 0.171 0.282 0.135 0.102 
222 z0056064    (0)    3 :  0.071 0.246 0.145 0.133 0.287 0.118 
223 z0056065    (0)    3 :  0.064 0.158 0.197 0.113 0.201 0.267 
224 z0056073    (0)    3 :  0.058 0.159 0.200 0.371 0.087 0.125 
225 z0056076    (4)    3 :  0.151 0.226 0.089 0.049 0.243 0.243 
226 z0056079    (9)    3 :  0.056 0.136 0.127 0.371 0.143 0.166 
227 z0056085    (0)    3 :  0.093 0.171 0.354 0.100 0.186 0.095 
228 z0056092    (1)    3 :  0.062 0.159 0.235 0.134 0.276 0.134 
229 z0056095    (1)    3 :  0.058 0.202 0.212 0.106 0.247 0.173 
230 z0056103    (7)    3 :  0.041 0.129 0.084 0.205 0.149 0.391 
231 z0056374    (7)    1 :  0.041 0.088 0.094 0.138 0.059 0.580 
232 z0056375    (0)    1 :  0.060 0.147 0.312 0.139 0.114 0.228 
233 z0056377    (0)    1 :  0.096 0.179 0.142 0.249 0.133 0.200 
234 z0056378    (0)    1 :  0.082 0.173 0.077 0.103 0.086 0.479 
235 z0056382    (0)    1 :  0.050 0.161 0.479 0.094 0.136 0.081 
236 z0056384    (3)    1 :  0.089 0.163 0.081 0.106 0.275 0.284 
237 z0056386    (7)    1 :  0.067 0.132 0.334 0.109 0.124 0.235 
238 z0056389    (0)    1 :  0.036 0.098 0.690 0.047 0.042 0.088 
239 z0056391    (1)    1 :  0.030 0.071 0.369 0.070 0.040 0.420 
240 z0056392   (11)    1 :  0.063 0.094 0.181 0.106 0.085 0.472 
241 z0056393    (8)    1 :  0.078 0.129 0.277 0.265 0.065 0.186 
242 z0056394    (0)    1 :  0.061 0.136 0.208 0.340 0.063 0.193 
243 z0056395    (1)    1 :  0.128 0.135 0.075 0.146 0.185 0.331 
244 z0056397    (0)    1 :  0.198 0.102 0.085 0.191 0.274 0.151 
245 z0061527    (2)    3 :  0.428 0.137 0.107 0.149 0.093 0.086 
246 z0061967    (1)    3 :  0.117 0.211 0.163 0.259 0.128 0.123 
247 z0061969    (0)    3 :  0.293 0.124 0.274 0.157 0.050 0.102 
248 z0061980    (1)    1 :  0.108 0.143 0.161 0.109 0.220 0.258 
249 z0066166    (3)    3 :  0.210 0.129 0.220 0.142 0.082 0.218 
250 z0066792    (2)    1 :  0.104 0.078 0.084 0.085 0.584 0.066 
251 z0066805    (1)    1 :  0.063 0.118 0.094 0.059 0.583 0.083 
252 z0068471    (2)    3 :  0.092 0.143 0.077 0.092 0.169 0.427 
253 z0075696    (6)    5 :  0.044 0.068 0.089 0.087 0.677 0.034 
254 z0101084    (7)    1 :  0.065 0.089 0.137 0.129 0.071 0.509 
255 z0107099    (2)    3 :  0.031 0.105 0.234 0.214 0.090 0.326 
256 z0107101    (0)    1 :  0.051 0.069 0.150 0.047 0.041 0.642 
257 z0108489    (0)    1 :  0.109 0.190 0.083 0.183 0.222 0.214 
258 z0108513    (0)    1 :  0.127 0.086 0.297 0.065 0.085 0.340 
259 z0108528    (0)    3 :  0.180 0.163 0.218 0.174 0.069 0.196 
260 z0113628    (1)    3 :  0.105 0.291 0.145 0.191 0.202 0.066 
261 z0133302   (16)    1 :  0.099 0.333 0.142 0.088 0.124 0.214 
262 z0173485    (1)    1 :  0.195 0.245 0.153 0.253 0.084 0.070 
263 z0175371    (1)    3 :  0.189 0.147 0.145 0.121 0.296 0.102 
264 z0175378    (0)    2 :  0.435 0.144 0.171 0.159 0.041 0.050 
265 z0175912    (0)    1 :  0.090 0.098 0.072 0.184 0.083 0.474 
266 z0175916    (1)    1 :  0.248 0.143 0.123 0.145 0.168 0.173 
267 z0175937    (1)    1 :  0.056 0.117 0.323 0.159 0.166 0.179 
268 z0178348   (12)    1 :  0.082 0.094 0.080 0.209 0.100 0.436 
269 z0187819    (7)    3 :  0.089 0.134 0.186 0.143 0.091 0.358 
270 z0187857    (1)    1 :  0.106 0.121 0.143 0.109 0.055 0.466 
271 z0187860    (0)    1 :  0.111 0.243 0.163 0.205 0.089 0.189 
272 z0187885    (0)    2 :  0.266 0.163 0.132 0.079 0.300 0.061 
273 z0187906    (9)    1 :  0.091 0.195 0.126 0.228 0.248 0.112 
274 z0195655    (0)    2 :  0.600 0.066 0.070 0.123 0.069 0.071 
275 z0195663    (0)    3 :  0.305 0.151 0.128 0.170 0.197 0.049 
276 z0195683    (1)    3 :  0.063 0.264 0.270 0.182 0.063 0.158 
277 z0195688    (0)    2 :  0.213 0.150 0.190 0.155 0.194 0.099 
278 z0195691    (0)    3 :  0.093 0.288 0.192 0.208 0.157 0.062 
279 z0195699    (0)    3 :  0.093 0.144 0.302 0.292 0.082 0.086 
280 z0195701    (7)    3 :  0.073 0.164 0.224 0.126 0.176 0.237 
281 z0195702    (0)    3 :  0.176 0.216 0.128 0.154 0.206 0.120 
282 z0195704    (0)    3 :  0.194 0.105 0.064 0.092 0.111 0.434 
283 z0195705    (0)    3 :  0.338 0.237 0.073 0.211 0.089 0.053 
284 z0195711    (0)    3 :  0.077 0.162 0.142 0.273 0.254 0.093 
285 z0195716    (0)    3 :  0.097 0.159 0.163 0.121 0.298 0.162 
286 z0195718   (12)    3 :  0.050 0.192 0.197 0.124 0.180 0.258 
287 z0195725    (5)    3 :  0.229 0.113 0.070 0.219 0.075 0.294 
288 z0195726   (16)    1 :  0.039 0.151 0.092 0.556 0.101 0.061 
289 z0195728   (14)    3 :  0.028 0.140 0.539 0.101 0.077 0.117 
290 z0195732   (16)    3 :  0.032 0.115 0.186 0.416 0.127 0.123 
291 z0195737    (0)    3 :  0.208 0.279 0.147 0.119 0.131 0.116 
292 z0195740   (26)    3 :  0.113 0.155 0.152 0.304 0.187 0.088 
293 z0195751    (1)    3 :  0.037 0.182 0.409 0.143 0.091 0.138 
294 z0195762    (1)    3 :  0.056 0.096 0.125 0.192 0.432 0.099 
295 z0195784    (0)    3 :  0.039 0.231 0.165 0.246 0.133 0.186 
296 z0196686    (0)    5 :  0.038 0.047 0.035 0.055 0.754 0.071 
297 z0196687    (0)    5 :  0.102 0.077 0.061 0.066 0.635 0.059 
298 z0196689    (0)    5 :  0.109 0.073 0.053 0.098 0.627 0.039 
299 z0196690    (2)    5 :  0.046 0.061 0.105 0.049 0.578 0.161 
300 z0196691    (7)    5 :  0.031 0.091 0.068 0.118 0.615 0.077 
301 z0196692    (1)    5 :  0.096 0.084 0.094 0.094 0.530 0.103 
302 z0196693    (1)    5 :  0.066 0.081 0.103 0.074 0.591 0.087 
303 z0196694    (1)    5 :  0.063 0.082 0.070 0.141 0.552 0.092 
304 z0196710    (0)    3 :  0.116 0.156 0.122 0.131 0.306 0.168 
305 z0196715   (22)    3 :  0.051 0.126 0.249 0.275 0.071 0.228 
306 z0196719    (0)    3 :  0.098 0.163 0.341 0.185 0.097 0.118 
307 z0196724   (20)    3 :  0.090 0.181 0.211 0.337 0.082 0.099 
308 z0196725    (0)    3 :  0.075 0.180 0.134 0.067 0.108 0.437 
309 z0196729    (1)    3 :  0.084 0.205 0.227 0.130 0.139 0.215 
310 z0196730    (3)    1 :  0.092 0.057 0.050 0.043 0.064 0.694 
311 z0196731    (0)    3 :  0.053 0.113 0.210 0.350 0.100 0.174 
312 z0196733   (13)    1 :  0.090 0.157 0.184 0.289 0.138 0.143 
313 z0196734    (1)    3 :  0.084 0.266 0.201 0.281 0.097 0.070 
314 z0196739   (17)    3 :  0.165 0.247 0.129 0.208 0.068 0.182 
315 z0196740   (11)    3 :  0.069 0.100 0.206 0.139 0.355 0.130 
316 z0196746    (1)    1 :  0.043 0.172 0.130 0.086 0.127 0.442 
317 z0196751    (0)    3 :  0.101 0.278 0.185 0.097 0.157 0.182 
318 z0196752    (0)    3 :  0.044 0.102 0.096 0.066 0.546 0.146 
319 z0196754    (0)    3 :  0.084 0.176 0.397 0.151 0.069 0.122 
320 z0196758    (1)    1 :  0.123 0.118 0.142 0.104 0.219 0.295 
321 z0196763    (1)    3 :  0.077 0.228 0.229 0.261 0.136 0.069 
322 z0196764    (0)    3 :  0.060 0.158 0.297 0.245 0.140 0.100 
323 z0196766    (0)    3 :  0.067 0.185 0.193 0.082 0.183 0.290 
324 z0196769    (1)    3 :  0.044 0.125 0.226 0.232 0.173 0.201 
325 z0196774    (0)    3 :  0.048 0.110 0.121 0.091 0.349 0.281 
326 z0196783    (0)    1 :  0.040 0.071 0.226 0.097 0.069 0.497 
327 z0196794    (2)    1 :  0.049 0.106 0.255 0.081 0.160 0.348 
328 z0196804   (14)    1 :  0.057 0.139 0.226 0.274 0.124 0.181 
329 z0196809    (0)    3 :  0.054 0.123 0.325 0.215 0.179 0.103 
330 z0196810    (1)    1 :  0.076 0.187 0.087 0.142 0.269 0.239 
331 z0196811    (0)    1 :  0.044 0.124 0.255 0.284 0.164 0.129 
332 z0196824    (0)    3 :  0.204 0.199 0.125 0.139 0.173 0.159 
333 z0196825    (0)    3 :  0.097 0.230 0.164 0.236 0.074 0.199 
334 z0196828    (1)    2 :  0.135 0.152 0.143 0.329 0.113 0.129 
335 z0196829    (0)    3 :  0.087 0.141 0.137 0.395 0.077 0.163 
336 z0196834   (26)    3 :  0.168 0.184 0.243 0.149 0.105 0.151 
337 z0196835    (0)    3 :  0.061 0.124 0.210 0.190 0.056 0.360 
338 z0196841   (20)    3 :  0.079 0.208 0.181 0.131 0.242 0.160 
339 z0196843   (25)    3 :  0.080 0.102 0.089 0.251 0.076 0.402 
340 z0196849    (0)    3 :  0.057 0.142 0.419 0.198 0.096 0.088 
341 z0196852    (0)    2 :  0.158 0.176 0.159 0.317 0.121 0.069 
342 z0196855    (0)    2 :  0.227 0.142 0.110 0.208 0.189 0.123 
343 z0196856    (0)    3 :  0.219 0.171 0.106 0.246 0.191 0.068 
344 z0196864    (1)    3 :  0.228 0.167 0.109 0.326 0.106 0.063 
345 z0196894    (0)    3 :  0.064 0.129 0.208 0.141 0.288 0.169 
346 z0197662    (2)    1 :  0.211 0.139 0.093 0.339 0.094 0.124 
347 z0197665    (2)    1 :  0.050 0.052 0.093 0.060 0.105 0.639 
348 z0197668   (20)    3 :  0.080 0.103 0.186 0.151 0.427 0.054 
349 z0197669    (0)    3 :  0.275 0.227 0.180 0.127 0.140 0.052 
350 z0197672    (1)    3 :  0.084 0.232 0.268 0.178 0.156 0.081 


Estimated Allele Frequencies in each cluster
First column gives estimated ancestral frequencies


Locus 1 : Mnov_gtseq_1 
2 alleles
0.0% missing data
   0   (0.431) 0.196 0.459 0.355 0.585 0.467 0.354 
   1   (0.569) 0.804 0.541 0.645 0.415 0.533 0.646 

Locus 2 : Mnov_gtseq_10 
2 alleles
0.3% missing data
   0   (0.819) 0.967 0.871 0.712 0.778 0.921 0.688 
   1   (0.181) 0.033 0.129 0.288 0.222 0.079 0.312 

Locus 3 : Mnov_gtseq_102 
2 alleles
0.9% missing data
   0   (0.545) 0.810 0.573 0.605 0.493 0.554 0.390 
   1   (0.455) 0.190 0.427 0.395 0.507 0.446 0.610 

Locus 4 : Mnov_gtseq_104 
2 alleles
0.3% missing data
   0   (0.863) 0.957 0.897 0.778 0.917 0.961 0.669 
   1   (0.137) 0.043 0.103 0.222 0.083 0.039 0.331 

Locus 5 : Mnov_gtseq_106 
2 alleles
14.9% missing data
   1   (0.767) 0.760 0.819 0.820 0.837 0.672 0.749 
   0   (0.233) 0.240 0.181 0.180 0.163 0.328 0.251 

Locus 6 : Mnov_gtseq_107 
2 alleles
37.4% missing data
   1   (0.227) 0.501 0.313 0.129 0.193 0.092 0.196 
   0   (0.773) 0.499 0.687 0.871 0.807 0.908 0.804 

Locus 7 : Mnov_gtseq_112 
2 alleles
0.9% missing data
   0   (0.608) 0.727 0.630 0.683 0.723 0.343 0.590 
   1   (0.392) 0.273 0.370 0.317 0.277 0.657 0.410 

Locus 8 : Mnov_gtseq_113 
2 alleles
2.0% missing data
   1   (0.720) 0.585 0.696 0.779 0.810 0.658 0.807 
   0   (0.280) 0.415 0.304 0.221 0.190 0.342 0.193 

Locus 9 : Mnov_gtseq_114 
3 alleles
4.3% missing data
   0   (0.526) 0.197 0.515 0.634 0.667 0.384 0.579 
   1   (0.443) 0.758 0.467 0.355 0.318 0.608 0.416 
   2   (0.031) 0.045 0.018 0.011 0.015 0.007 0.005 

Locus 10 : Mnov_gtseq_117 
2 alleles
26.9% missing data
   0   (0.639) 0.903 0.636 0.548 0.623 0.669 0.524 
   1   (0.361) 0.097 0.364 0.452 0.377 0.331 0.476 

Locus 11 : Mnov_gtseq_12 
2 alleles
0.3% missing data
   0   (0.454) 0.253 0.367 0.687 0.348 0.729 0.267 
   1   (0.546) 0.747 0.633 0.313 0.652 0.271 0.733 

Locus 12 : Mnov_gtseq_124 
4 alleles
5.1% missing data
   3   (0.720) 0.913 0.729 0.783 0.710 0.827 0.607 
   2   (0.217) 0.069 0.233 0.169 0.267 0.151 0.383 
   1   (0.035) 0.016 0.020 0.036 0.012 0.009 0.004 
   0   (0.028) 0.003 0.018 0.012 0.010 0.013 0.005 

Locus 13 : Mnov_gtseq_125 
3 alleles
1.7% missing data
   1   (0.225) 0.437 0.238 0.285 0.124 0.212 0.079 
   2   (0.677) 0.136 0.648 0.676 0.775 0.749 0.904 
   0   (0.098) 0.427 0.114 0.038 0.101 0.039 0.017 

Locus 14 : Mnov_gtseq_126 
2 alleles
0.0% missing data
   0   (0.341) 0.267 0.327 0.181 0.452 0.632 0.191 
   1   (0.659) 0.733 0.673 0.819 0.548 0.368 0.809 

Locus 15 : Mnov_gtseq_127 
2 alleles
6.9% missing data
   0   (0.638) 0.359 0.648 0.746 0.583 0.661 0.647 
   1   (0.362) 0.641 0.352 0.254 0.417 0.339 0.353 

Locus 16 : Mnov_gtseq_128 
2 alleles
30.9% missing data
   0   (0.674) 0.650 0.671 0.708 0.717 0.636 0.836 
   1   (0.326) 0.350 0.329 0.292 0.283 0.364 0.164 

Locus 17 : Mnov_gtseq_129 
3 alleles
2.0% missing data
   0   (0.527) 0.546 0.655 0.449 0.669 0.254 0.497 
   1   (0.314) 0.365 0.242 0.435 0.232 0.215 0.358 
   2   (0.159) 0.089 0.104 0.116 0.099 0.531 0.146 

Locus 18 : Mnov_gtseq_13 
3 alleles
0.0% missing data
   1   (0.417) 0.354 0.367 0.532 0.603 0.169 0.479 
   2   (0.172) 0.107 0.196 0.079 0.147 0.365 0.084 
   0   (0.410) 0.539 0.437 0.389 0.250 0.466 0.437 

Locus 19 : Mnov_gtseq_130 
2 alleles
28.6% missing data
   1   (0.495) 0.534 0.426 0.480 0.533 0.615 0.451 
   0   (0.505) 0.466 0.574 0.520 0.467 0.385 0.549 

Locus 20 : Mnov_gtseq_135 
2 alleles
0.6% missing data
   0   (0.477) 0.561 0.507 0.474 0.462 0.387 0.352 
   1   (0.523) 0.439 0.493 0.526 0.538 0.613 0.648 

Locus 21 : Mnov_gtseq_138 
3 alleles
0.6% missing data
   0   (0.269) 0.233 0.354 0.255 0.172 0.134 0.382 
   1   (0.506) 0.711 0.457 0.526 0.470 0.651 0.452 
   2   (0.225) 0.056 0.189 0.219 0.358 0.215 0.166 

Locus 22 : Mnov_gtseq_140 
2 alleles
1.1% missing data
   0   (0.478) 0.586 0.567 0.586 0.510 0.264 0.195 
   1   (0.522) 0.414 0.433 0.414 0.490 0.736 0.805 

Locus 23 : Mnov_gtseq_141 
2 alleles
0.3% missing data
   0   (0.553) 0.537 0.558 0.454 0.520 0.461 0.832 
   1   (0.447) 0.463 0.442 0.546 0.480 0.539 0.168 

Locus 24 : Mnov_gtseq_143 
2 alleles
2.6% missing data
   1   (0.553) 0.511 0.538 0.630 0.535 0.341 0.733 
   0   (0.447) 0.489 0.462 0.370 0.465 0.659 0.267 

Locus 25 : Mnov_gtseq_145 
2 alleles
2.0% missing data
   0   (0.465) 0.534 0.442 0.457 0.359 0.332 0.664 
   1   (0.535) 0.466 0.558 0.543 0.641 0.668 0.336 

Locus 26 : Mnov_gtseq_147 
3 alleles
25.4% missing data
   0   (0.772) 0.419 0.751 0.840 0.875 0.799 0.842 
   2   (0.145) 0.064 0.143 0.129 0.084 0.127 0.140 
   1   (0.083) 0.517 0.105 0.031 0.041 0.073 0.018 

Locus 27 : Mnov_gtseq_148 
3 alleles
9.1% missing data
   0   (0.304) 0.100 0.260 0.280 0.354 0.519 0.158 
   1   (0.441) 0.599 0.557 0.326 0.435 0.343 0.513 
   2   (0.255) 0.302 0.183 0.394 0.211 0.138 0.329 

Locus 28 : Mnov_gtseq_149 
2 alleles
0.3% missing data
   0   (0.614) 0.494 0.662 0.542 0.681 0.564 0.669 
   1   (0.386) 0.506 0.338 0.458 0.319 0.436 0.331 

Locus 29 : Mnov_gtseq_15 
2 alleles
0.0% missing data
   0   (0.492) 0.358 0.534 0.691 0.377 0.501 0.335 
   1   (0.508) 0.642 0.466 0.309 0.623 0.499 0.665 

Locus 30 : Mnov_gtseq_152 
2 alleles
0.9% missing data
   0   (0.362) 0.379 0.469 0.343 0.258 0.249 0.266 
   1   (0.638) 0.621 0.531 0.657 0.742 0.751 0.734 

Locus 31 : Mnov_gtseq_154 
3 alleles
3.4% missing data
   0   (0.335) 0.109 0.301 0.372 0.380 0.358 0.525 
   2   (0.224) 0.330 0.182 0.174 0.191 0.250 0.131 
   1   (0.441) 0.562 0.517 0.454 0.429 0.392 0.344 

Locus 32 : Mnov_gtseq_157 
2 alleles
0.6% missing data
   1   (0.559) 0.669 0.602 0.550 0.576 0.479 0.496 
   0   (0.441) 0.331 0.398 0.450 0.424 0.521 0.504 

Locus 33 : Mnov_gtseq_158 
2 alleles
0.6% missing data
   0   (0.402) 0.055 0.314 0.542 0.385 0.388 0.747 
   1   (0.598) 0.945 0.686 0.458 0.615 0.612 0.253 

Locus 34 : Mnov_gtseq_159 
3 alleles
24.0% missing data
   0   (0.600) 0.323 0.576 0.681 0.707 0.568 0.677 
   1   (0.191) 0.479 0.230 0.103 0.097 0.170 0.245 
   2   (0.209) 0.198 0.194 0.216 0.196 0.263 0.077 

Locus 35 : Mnov_gtseq_16 
2 alleles
0.0% missing data
   0   (0.646) 0.528 0.680 0.764 0.614 0.701 0.539 
   1   (0.354) 0.472 0.320 0.236 0.386 0.299 0.461 

Locus 36 : Mnov_gtseq_160 
2 alleles
2.3% missing data
   0   (0.483) 0.343 0.470 0.507 0.570 0.442 0.567 
   1   (0.517) 0.657 0.530 0.493 0.430 0.558 0.433 

Locus 37 : Mnov_gtseq_161 
2 alleles
1.7% missing data
   1   (0.748) 0.843 0.762 0.813 0.767 0.727 0.753 
   0   (0.252) 0.157 0.238 0.187 0.233 0.273 0.247 

Locus 38 : Mnov_gtseq_167 
3 alleles
1.1% missing data
   2   (0.731) 0.816 0.776 0.811 0.748 0.877 0.507 
   0   (0.192) 0.133 0.149 0.127 0.149 0.104 0.479 
   1   (0.077) 0.050 0.075 0.063 0.103 0.019 0.014 

Locus 39 : Mnov_gtseq_17 
2 alleles
0.3% missing data
   0   (0.545) 0.383 0.629 0.506 0.458 0.591 0.561 
   1   (0.455) 0.617 0.371 0.494 0.542 0.409 0.439 

Locus 40 : Mnov_gtseq_170 
2 alleles
0.0% missing data
   0   (0.333) 0.173 0.328 0.310 0.424 0.293 0.188 
   1   (0.667) 0.827 0.672 0.690 0.576 0.707 0.812 

Locus 41 : Mnov_gtseq_171 
3 alleles
41.4% missing data
   2   (0.584) 0.650 0.569 0.572 0.601 0.709 0.597 
   0   (0.323) 0.211 0.346 0.387 0.348 0.215 0.316 
   1   (0.092) 0.140 0.085 0.040 0.051 0.076 0.087 

Locus 42 : Mnov_gtseq_173 
4 alleles
21.4% missing data
   3   (0.407) 0.610 0.438 0.273 0.481 0.683 0.159 
   1   (0.519) 0.198 0.497 0.700 0.495 0.279 0.830 
   2   (0.059) 0.191 0.058 0.023 0.021 0.036 0.010 
   0   (0.015) 0.001 0.007 0.004 0.003 0.002 0.001 

Locus 43 : Mnov_gtseq_174 
2 alleles
2.6% missing data
   0   (0.245) 0.588 0.210 0.146 0.141 0.277 0.424 
   1   (0.755) 0.412 0.790 0.854 0.859 0.723 0.576 

Locus 44 : Mnov_gtseq_180 
3 alleles
14.3% missing data
   1   (0.620) 0.948 0.623 0.700 0.741 0.289 0.584 
   2   (0.289) 0.043 0.310 0.203 0.200 0.653 0.305 
   0   (0.092) 0.009 0.066 0.097 0.060 0.058 0.111 

Locus 45 : Mnov_gtseq_182 
2 alleles
8.6% missing data
   0   (0.830) 0.839 0.837 0.714 0.926 0.943 0.702 
   1   (0.170) 0.161 0.163 0.286 0.074 0.057 0.298 

Locus 46 : Mnov_gtseq_186 
3 alleles
28.0% missing data
   1   (0.475) 0.467 0.520 0.545 0.414 0.468 0.482 
   2   (0.092) 0.015 0.078 0.052 0.070 0.119 0.076 
   0   (0.434) 0.518 0.402 0.403 0.516 0.413 0.442 

Locus 47 : Mnov_gtseq_187 
2 alleles
7.1% missing data
   1   (0.577) 0.816 0.537 0.688 0.510 0.592 0.435 
   0   (0.423) 0.184 0.463 0.312 0.490 0.408 0.565 

Locus 48 : Mnov_gtseq_188 
2 alleles
13.4% missing data
   0   (0.552) 0.715 0.574 0.487 0.367 0.826 0.448 
   1   (0.448) 0.285 0.426 0.513 0.633 0.174 0.552 

Locus 49 : Mnov_gtseq_189 
2 alleles
3.7% missing data
   0   (0.456) 0.458 0.480 0.460 0.479 0.195 0.644 
   1   (0.544) 0.542 0.520 0.540 0.521 0.805 0.356 

Locus 50 : Mnov_gtseq_19 
3 alleles
0.0% missing data
   1   (0.861) 0.699 0.847 0.935 0.944 0.809 0.877 
   2   (0.091) 0.018 0.130 0.056 0.044 0.026 0.114 
   0   (0.048) 0.284 0.023 0.010 0.012 0.165 0.009 

Locus 51 : Mnov_gtseq_190 
2 alleles
0.0% missing data
   1   (0.435) 0.288 0.431 0.406 0.601 0.362 0.328 
   0   (0.565) 0.712 0.569 0.594 0.399 0.638 0.672 

Locus 52 : Mnov_gtseq_192 
2 alleles
20.9% missing data
   0   (0.815) 0.811 0.856 0.754 0.803 0.890 0.881 
   1   (0.185) 0.189 0.144 0.246 0.197 0.110 0.119 

Locus 53 : Mnov_gtseq_193 
2 alleles
0.0% missing data
   0   (0.727) 0.780 0.776 0.820 0.759 0.535 0.669 
   1   (0.273) 0.220 0.224 0.180 0.241 0.465 0.331 

Locus 54 : Mnov_gtseq_195 
3 alleles
0.0% missing data
   1   (0.542) 0.525 0.587 0.543 0.506 0.752 0.384 
   2   (0.430) 0.474 0.389 0.448 0.481 0.233 0.611 
   0   (0.028) 0.002 0.024 0.009 0.013 0.015 0.005 

Locus 55 : Mnov_gtseq_196 
2 alleles
0.3% missing data
   0   (0.307) 0.102 0.221 0.317 0.279 0.530 0.434 
   1   (0.693) 0.898 0.779 0.683 0.721 0.470 0.566 

Locus 56 : Mnov_gtseq_197 
3 alleles
0.3% missing data
   1   (0.372) 0.303 0.345 0.328 0.311 0.376 0.575 
   0   (0.446) 0.642 0.467 0.555 0.535 0.199 0.353 
   2   (0.181) 0.056 0.188 0.117 0.155 0.425 0.073 

Locus 57 : Mnov_gtseq_2 
3 alleles
0.3% missing data
   0   (0.187) 0.228 0.215 0.128 0.358 0.099 0.055 
   2   (0.774) 0.768 0.761 0.856 0.629 0.753 0.939 
   1   (0.040) 0.003 0.024 0.016 0.014 0.149 0.006 

Locus 58 : Mnov_gtseq_200 
2 alleles
2.3% missing data
   0   (0.424) 0.729 0.492 0.354 0.375 0.253 0.375 
   1   (0.576) 0.271 0.508 0.646 0.625 0.747 0.625 

Locus 59 : Mnov_gtseq_201 
4 alleles
0.0% missing data
   0   (0.584) 0.573 0.659 0.473 0.667 0.783 0.385 
   2   (0.162) 0.243 0.152 0.171 0.132 0.060 0.099 
   3   (0.156) 0.166 0.128 0.290 0.139 0.078 0.037 
   1   (0.098) 0.018 0.060 0.066 0.062 0.079 0.479 

Locus 60 : Mnov_gtseq_202 
2 alleles
0.0% missing data
   0   (0.425) 0.617 0.385 0.435 0.481 0.256 0.430 
   1   (0.575) 0.383 0.615 0.565 0.519 0.744 0.570 

Locus 61 : Mnov_gtseq_204 
2 alleles
3.4% missing data
   0   (0.414) 0.668 0.370 0.403 0.242 0.494 0.593 
   1   (0.586) 0.332 0.630 0.597 0.758 0.506 0.407 

Locus 62 : Mnov_gtseq_205 
5 alleles
0.0% missing data
   0   (0.209) 0.230 0.185 0.449 0.139 0.210 0.070 
   4   (0.038) 0.190 0.026 0.011 0.022 0.008 0.006 
   3   (0.671) 0.498 0.736 0.511 0.798 0.724 0.894 
   1   (0.062) 0.080 0.045 0.024 0.034 0.056 0.022 
   2   (0.020) 0.001 0.008 0.006 0.007 0.003 0.008 

Locus 63 : Mnov_gtseq_208 
2 alleles
0.0% missing data
   0   (0.642) 0.289 0.616 0.658 0.736 0.586 0.835 
   1   (0.358) 0.711 0.384 0.342 0.264 0.414 0.165 

Locus 64 : Mnov_gtseq_209 
3 alleles
0.0% missing data
   0   (0.487) 0.520 0.606 0.599 0.509 0.263 0.265 
   2   (0.468) 0.298 0.356 0.390 0.476 0.717 0.727 
   1   (0.045) 0.182 0.038 0.011 0.015 0.019 0.007 

Locus 65 : Mnov_gtseq_21 
2 alleles
0.0% missing data
   1   (0.506) 0.330 0.391 0.490 0.517 0.610 0.785 
   0   (0.494) 0.670 0.609 0.510 0.483 0.390 0.215 

Locus 66 : Mnov_gtseq_210 
2 alleles
4.6% missing data
   0   (0.370) 0.232 0.272 0.604 0.280 0.314 0.528 
   1   (0.630) 0.768 0.728 0.396 0.720 0.686 0.472 

Locus 67 : Mnov_gtseq_211 
2 alleles
1.1% missing data
   0   (0.412) 0.223 0.393 0.436 0.499 0.360 0.480 
   1   (0.588) 0.777 0.607 0.564 0.501 0.640 0.520 

Locus 68 : Mnov_gtseq_213 
2 alleles
5.4% missing data
   0   (0.500) 0.323 0.471 0.572 0.538 0.455 0.625 
   1   (0.500) 0.677 0.529 0.428 0.462 0.545 0.375 

Locus 69 : Mnov_gtseq_214 
2 alleles
5.1% missing data
   0   (0.536) 0.784 0.610 0.456 0.712 0.296 0.498 
   1   (0.464) 0.216 0.390 0.544 0.288 0.704 0.502 

Locus 70 : Mnov_gtseq_215 
2 alleles
0.0% missing data
   0   (0.479) 0.566 0.589 0.429 0.388 0.323 0.439 
   1   (0.521) 0.434 0.411 0.571 0.612 0.677 0.561 

Locus 71 : Mnov_gtseq_216 
3 alleles
0.0% missing data
   2   (0.524) 0.700 0.623 0.479 0.448 0.609 0.413 
   1   (0.451) 0.295 0.363 0.517 0.546 0.355 0.585 
   0   (0.025) 0.005 0.014 0.005 0.006 0.036 0.003 

Locus 72 : Mnov_gtseq_217 
2 alleles
23.7% missing data
   0   (0.333) 0.135 0.342 0.507 0.338 0.223 0.170 
   1   (0.667) 0.865 0.658 0.493 0.662 0.777 0.830 

Locus 73 : Mnov_gtseq_218 
2 alleles
0.6% missing data
   0   (0.591) 0.856 0.626 0.388 0.629 0.774 0.471 
   1   (0.409) 0.144 0.374 0.612 0.371 0.226 0.529 

Locus 74 : Mnov_gtseq_22 
4 alleles
3.4% missing data
   2   (0.504) 0.797 0.576 0.429 0.530 0.410 0.581 
   0   (0.229) 0.131 0.201 0.346 0.213 0.213 0.128 
   1   (0.206) 0.065 0.184 0.159 0.231 0.240 0.265 
   3   (0.062) 0.007 0.039 0.066 0.026 0.138 0.027 

Locus 75 : Mnov_gtseq_220 
3 alleles
0.0% missing data
   0   (0.487) 0.689 0.502 0.414 0.511 0.593 0.549 
   1   (0.466) 0.285 0.465 0.571 0.473 0.295 0.438 
   2   (0.047) 0.026 0.033 0.015 0.016 0.112 0.013 

Locus 76 : Mnov_gtseq_223 
2 alleles
2.6% missing data
   0   (0.643) 0.649 0.625 0.776 0.460 0.642 0.800 
   1   (0.357) 0.351 0.375 0.224 0.540 0.358 0.200 

Locus 77 : Mnov_gtseq_224 
3 alleles
0.6% missing data
   0   (0.232) 0.307 0.197 0.141 0.241 0.274 0.231 
   1   (0.712) 0.686 0.754 0.827 0.738 0.697 0.719 
   2   (0.057) 0.006 0.050 0.031 0.021 0.029 0.050 

Locus 78 : Mnov_gtseq_225 
2 alleles
0.0% missing data
   0   (0.508) 0.516 0.461 0.597 0.596 0.271 0.651 
   1   (0.492) 0.484 0.539 0.403 0.404 0.729 0.349 

Locus 79 : Mnov_gtseq_227 
2 alleles
0.3% missing data
   0   (0.508) 0.724 0.499 0.369 0.459 0.676 0.523 
   1   (0.492) 0.276 0.501 0.631 0.541 0.324 0.477 

Locus 80 : Mnov_gtseq_229 
2 alleles
0.9% missing data
   1   (0.514) 0.704 0.447 0.401 0.465 0.587 0.747 
   0   (0.486) 0.296 0.553 0.599 0.535 0.413 0.253 

Locus 81 : Mnov_gtseq_232 
2 alleles
0.0% missing data
   0   (0.476) 0.783 0.509 0.406 0.451 0.337 0.505 
