

----------------------------------------------------
STRUCTURE by Pritchard, Stephens and Donnelly (2000)
     and Falush, Stephens and Pritchard (2003)
       Code by Pritchard, Falush and Hubisz
             Version 2.3.4 (Jul 2012)
----------------------------------------------------



Command line arguments:   structure -m wint.area.structureRun/wint.area.structureRun.k5.r1_mainparams -e wint.area.structureRun/wint.area.structureRun.k5.r1_extraparams -i wint.area.structureRun/wint.area.structureRun.k5.r1_data -o wint.area.structureRun/wint.area.structureRun.k5.r1_out 
Input File:    wint.area.structureRun/wint.area.structureRun.k5.r1_data

Run parameters:
   357 individuals
   328 loci
   5 populations assumed
   1000 Burn-in period
   10000 Reps


--------------------------------------------
Proportion of membership of each pre-defined
 population in each of the 5 clusters

Given    Inferred Clusters                     Number of
 Pop       1      2      3      4      5      Individuals

  1:     0.276  0.262  0.157  0.099  0.207       80
  2:     0.133  0.138  0.173  0.377  0.179      126
  3:     0.227  0.201  0.166  0.154  0.252      115
  4:     0.157  0.179  0.178  0.246  0.240       27
  5:     0.082  0.085  0.689  0.061  0.083        9
--------------------------------------------

Allele-freq. divergence among pops (Net nucleotide distance),
computed using point estimates of P.

      1       2       3       4       5      
 1      -    0.0248  0.0331  0.0506  0.0163  
 2   0.0248     -    0.0322  0.0468  0.0172  
 3   0.0331  0.0322     -    0.0447  0.0204  
 4   0.0506  0.0468  0.0447     -    0.0350  
 5   0.0163  0.0172  0.0204  0.0350     -    

Average distances (expected heterozygosity) between individuals in same cluster:
cluster  1  : 0.4079 
cluster  2  : 0.4043 
cluster  3  : 0.3913 
cluster  4  : 0.3836 
cluster  5  : 0.4156 

--------------------------------------------
Estimated Ln Prob of Data   = -144285.9
Mean value of ln likelihood = -133113.3
Variance of ln likelihood   = 22345.1
Mean value of alpha         = 1.0000

Mean value of Fst_1         = 0.1076
Mean value of Fst_2         = 0.1086
Mean value of Fst_3         = 0.1245
Mean value of Fst_4         = 0.1754
Mean value of Fst_5         = 0.0497


Inferred ancestry of individuals:
        Label (%Miss) Pop:  Inferred clusters
  1   207778    (2)    2 :  0.122 0.166 0.140 0.380 0.192 
  2 z0005757    (7)    3 :  0.125 0.271 0.269 0.158 0.177 
  3 z0005758    (0)    3 :  0.226 0.243 0.133 0.062 0.336 
  4 z0011944    (0)    1 :  0.054 0.064 0.746 0.079 0.057 
  5 z0012702   (10)    4 :  0.068 0.072 0.199 0.595 0.066 
  6 z0016577    (2)    3 :  0.142 0.126 0.123 0.218 0.390 
  7 z0016578   (21)    1 :  0.438 0.117 0.157 0.052 0.237 
  8 z0016579    (1)    3 :  0.121 0.197 0.233 0.113 0.337 
  9 z0018264    (0)    1 :  0.061 0.096 0.669 0.113 0.060 
 10 z0029828    (2)    3 :  0.523 0.080 0.068 0.146 0.184 
 11 z0029829   (14)    1 :  0.573 0.110 0.072 0.110 0.135 
 12 z0029846   (14)    1 :  0.121 0.218 0.242 0.097 0.323 
 13 z0029860    (1)    3 :  0.532 0.137 0.073 0.080 0.178 
 14 z0029863    (2)    1 :  0.115 0.140 0.299 0.098 0.349 
 15 z0029864    (8)    1 :  0.258 0.116 0.212 0.082 0.332 
 16 z0029865   (13)    3 :  0.102 0.275 0.092 0.064 0.467 
 17 z0037607    (2)    3 :  0.190 0.067 0.229 0.151 0.363 
 18 z0037609   (25)    3 :  0.139 0.164 0.190 0.097 0.411 
 19 z0037624   (21)    1 :  0.074 0.584 0.077 0.118 0.147 
 20 z0038417    (8)    2 :  0.063 0.110 0.180 0.537 0.110 
 21 z0040275    (9)    2 :  0.095 0.083 0.242 0.414 0.167 
 22 z0040287    (3)    2 :  0.164 0.106 0.261 0.243 0.226 
 23 z0040308    (1)    2 :  0.083 0.112 0.067 0.433 0.304 
 24 z0040333    (1)    2 :  0.169 0.144 0.148 0.386 0.153 
 25 z0040334    (1)    2 :  0.058 0.068 0.145 0.656 0.072 
 26 z0040337    (6)    2 :  0.191 0.144 0.172 0.242 0.251 
 27 z0040345    (1)    2 :  0.050 0.114 0.209 0.504 0.123 
 28 z0040357    (5)    2 :  0.081 0.173 0.126 0.436 0.184 
 29 z0040363   (20)    2 :  0.153 0.229 0.112 0.376 0.129 
 30 z0040364    (0)    2 :  0.109 0.120 0.095 0.523 0.153 
 31 z0040387    (1)    2 :  0.151 0.107 0.105 0.506 0.131 
 32 z0040403   (15)    2 :  0.099 0.231 0.123 0.377 0.170 
 33 z0040413   (43)    2 :  0.086 0.113 0.175 0.315 0.311 
 34 z0040439    (0)    2 :  0.062 0.055 0.152 0.625 0.105 
 35 z0040465   (20)    2 :  0.184 0.100 0.122 0.265 0.329 
 36 z0040513   (17)    3 :  0.257 0.240 0.134 0.244 0.125 
 37 z0040961   (12)    2 :  0.082 0.132 0.349 0.326 0.111 
 38 z0040985   (16)    2 :  0.073 0.127 0.162 0.270 0.367 
 39 z0041026    (0)    2 :  0.185 0.089 0.106 0.529 0.091 
 40 z0041051   (28)    2 :  0.066 0.145 0.309 0.322 0.158 
 41 z0041115    (7)    2 :  0.151 0.141 0.158 0.443 0.107 
 42 z0041153   (23)    2 :  0.110 0.177 0.263 0.239 0.211 
 43 z0041233    (4)    2 :  0.117 0.252 0.129 0.268 0.233 
 44 z0041243    (1)    2 :  0.077 0.177 0.223 0.286 0.237 
 45 z0041248    (6)    2 :  0.119 0.172 0.123 0.473 0.113 
 46 z0041250    (1)    2 :  0.078 0.089 0.154 0.492 0.187 
 47 z0041274    (2)    2 :  0.177 0.097 0.231 0.344 0.151 
 48 z0041465   (15)    2 :  0.130 0.199 0.050 0.461 0.160 
 49 z0041472    (2)    2 :  0.157 0.162 0.082 0.445 0.155 
 50 z0041480   (10)    2 :  0.174 0.195 0.126 0.261 0.244 
 51 z0041483    (0)    2 :  0.097 0.106 0.142 0.548 0.108 
 52 z0041494   (12)    2 :  0.121 0.086 0.240 0.408 0.145 
 53 z0041498    (1)    2 :  0.153 0.208 0.152 0.381 0.107 
 54 z0041501    (1)    2 :  0.074 0.059 0.108 0.592 0.167 
 55 z0041507    (7)    2 :  0.107 0.122 0.139 0.487 0.146 
 56 z0041512    (0)    2 :  0.168 0.063 0.093 0.543 0.133 
 57 z0041522   (17)    2 :  0.229 0.117 0.128 0.408 0.118 
 58 z0041526    (1)    3 :  0.089 0.201 0.071 0.433 0.206 
 59 z0041527   (16)    2 :  0.147 0.113 0.131 0.406 0.202 
 60 z0043243    (2)    2 :  0.126 0.363 0.267 0.088 0.156 
 61 z0043278    (2)    2 :  0.093 0.085 0.194 0.560 0.068 
 62 z0043475   (17)    3 :  0.169 0.238 0.139 0.290 0.164 
 63 z0043477    (0)    2 :  0.112 0.120 0.194 0.337 0.236 
 64 z0043478    (2)    2 :  0.107 0.080 0.079 0.664 0.071 
 65 z0043481    (0)    2 :  0.120 0.152 0.152 0.452 0.123 
 66 z0043489    (7)    2 :  0.057 0.081 0.192 0.558 0.113 
 67 z0043491   (13)    2 :  0.113 0.106 0.239 0.362 0.180 
 68 z0043493    (3)    2 :  0.065 0.091 0.207 0.255 0.383 
 69 z0043494    (2)    2 :  0.134 0.087 0.251 0.255 0.273 
 70 z0043498    (2)    2 :  0.158 0.125 0.078 0.566 0.072 
 71 z0043504    (7)    2 :  0.072 0.129 0.211 0.247 0.341 
 72 z0043526    (3)    4 :  0.135 0.163 0.204 0.287 0.211 
 73 z0043566    (3)    2 :  0.057 0.268 0.104 0.355 0.216 
 74 z0043572    (0)    2 :  0.195 0.108 0.085 0.456 0.156 
 75 z0043599    (5)    2 :  0.170 0.115 0.138 0.280 0.296 
 76 z0043642    (1)    2 :  0.275 0.092 0.164 0.247 0.221 
 77 z0043649    (1)    2 :  0.073 0.109 0.187 0.516 0.115 
 78 z0043652    (1)    2 :  0.160 0.103 0.210 0.236 0.291 
 79 z0043668    (1)    2 :  0.111 0.387 0.205 0.199 0.097 
 80 z0043674    (1)    4 :  0.365 0.141 0.186 0.054 0.254 
 81 z0043686    (1)    2 :  0.143 0.183 0.238 0.282 0.154 
 82 z0043693    (1)    2 :  0.172 0.191 0.182 0.301 0.154 
 83 z0043704   (15)    2 :  0.088 0.087 0.099 0.554 0.172 
 84 z0043807    (1)    2 :  0.217 0.085 0.105 0.370 0.223 
 85 z0043819    (1)    2 :  0.156 0.223 0.197 0.151 0.273 
 86 z0043876    (7)    2 :  0.189 0.157 0.087 0.186 0.381 
 87 z0043877   (33)    2 :  0.088 0.369 0.093 0.295 0.155 
 88 z0043891   (21)    4 :  0.230 0.187 0.231 0.157 0.196 
 89 z0043915   (33)    2 :  0.138 0.139 0.402 0.181 0.140 
 90 z0043940   (10)    2 :  0.125 0.137 0.215 0.073 0.450 
 91 z0043954    (2)    2 :  0.086 0.222 0.272 0.231 0.190 
 92 z0043966    (5)    2 :  0.172 0.080 0.108 0.524 0.116 
 93 z0043980    (0)    2 :  0.225 0.200 0.162 0.294 0.120 
 94 z0043994    (1)    3 :  0.082 0.091 0.176 0.573 0.078 
 95 z0044017   (12)    2 :  0.096 0.105 0.360 0.299 0.140 
 96 z0044019   (14)    2 :  0.123 0.206 0.152 0.363 0.156 
 97 z0044023   (36)    2 :  0.087 0.211 0.051 0.583 0.067 
 98 z0044033    (0)    2 :  0.091 0.067 0.053 0.733 0.056 
 99 z0044042    (3)    2 :  0.107 0.124 0.135 0.553 0.081 
100 z0044047   (25)    2 :  0.085 0.138 0.189 0.428 0.161 
101 z0044064   (13)    2 :  0.104 0.066 0.288 0.329 0.213 
102 z0044432   (14)    2 :  0.217 0.209 0.183 0.252 0.139 
103 z0045326    (0)    3 :  0.357 0.099 0.059 0.121 0.364 
104 z0045331    (5)    1 :  0.418 0.094 0.161 0.140 0.187 
105 z0045332    (2)    1 :  0.217 0.142 0.260 0.145 0.235 
106 z0045333    (6)    1 :  0.188 0.495 0.085 0.093 0.138 
107 z0045337    (5)    1 :  0.247 0.427 0.123 0.101 0.102 
108 z0045342   (13)    1 :  0.387 0.220 0.093 0.148 0.152 
109 z0045347    (1)    3 :  0.104 0.179 0.260 0.119 0.338 
110 z0045350    (0)    1 :  0.183 0.152 0.275 0.107 0.282 
111 z0045370    (1)    1 :  0.626 0.132 0.069 0.036 0.137 
112 z0045371    (1)    3 :  0.126 0.171 0.160 0.163 0.380 
113 z0045398    (1)    3 :  0.269 0.120 0.114 0.052 0.445 
114 z0045399    (1)    3 :  0.184 0.265 0.344 0.052 0.154 
115 z0045401   (26)    1 :  0.250 0.158 0.159 0.136 0.296 
116 z0045404    (0)    3 :  0.541 0.092 0.091 0.055 0.222 
117 z0045405    (5)    3 :  0.191 0.077 0.173 0.056 0.504 
118 z0045407    (2)    3 :  0.167 0.116 0.268 0.082 0.367 
119 z0045719    (0)    2 :  0.118 0.078 0.130 0.497 0.178 
120 z0045720    (1)    2 :  0.181 0.129 0.208 0.291 0.191 
121 z0045728    (1)    2 :  0.094 0.209 0.103 0.475 0.119 
122 z0045731    (1)    2 :  0.119 0.076 0.166 0.290 0.349 
123 z0045733    (0)    2 :  0.256 0.122 0.213 0.279 0.131 
124 z0045736    (1)    2 :  0.134 0.130 0.282 0.191 0.263 
125 z0045739    (1)    2 :  0.208 0.129 0.143 0.144 0.377 
126 z0045740    (1)    2 :  0.074 0.110 0.120 0.534 0.161 
127 z0045741    (0)    2 :  0.112 0.060 0.120 0.489 0.218 
128 z0045742    (0)    2 :  0.168 0.148 0.089 0.426 0.170 
129 z0045776    (1)    3 :  0.070 0.381 0.131 0.326 0.092 
130 z0045779    (0)    2 :  0.066 0.179 0.093 0.595 0.068 
131 z0045781    (0)    2 :  0.106 0.091 0.130 0.427 0.246 
132 z0045788    (5)    2 :  0.068 0.086 0.180 0.574 0.091 
133 z0045789    (2)    2 :  0.115 0.097 0.136 0.531 0.121 
134 z0045791    (5)    2 :  0.153 0.090 0.202 0.451 0.103 
135 z0045792   (23)    1 :  0.172 0.291 0.111 0.232 0.194 
136 z0045793    (0)    3 :  0.499 0.137 0.061 0.223 0.081 
137 z0047562   (15)    2 :  0.138 0.083 0.220 0.417 0.141 
138 z0047854    (1)    2 :  0.070 0.171 0.197 0.325 0.237 
139 z0051185    (1)    1 :  0.347 0.099 0.088 0.057 0.409 
140 z0051324    (6)    1 :  0.435 0.181 0.143 0.075 0.166 
141 z0051326    (0)    1 :  0.426 0.184 0.152 0.067 0.170 
142 z0051327    (4)    3 :  0.176 0.117 0.108 0.272 0.327 
143 z0051328    (3)    1 :  0.416 0.210 0.093 0.143 0.138 
144 z0051380    (0)    1 :  0.091 0.710 0.063 0.031 0.105 
145 z0051400    (0)    3 :  0.265 0.226 0.136 0.179 0.194 
146 z0051431   (23)    3 :  0.179 0.082 0.100 0.289 0.349 
147 z0051840   (34)    2 :  0.212 0.069 0.235 0.400 0.084 
148 z0051844   (27)    2 :  0.078 0.109 0.308 0.331 0.174 
149 z0051875   (29)    3 :  0.339 0.137 0.117 0.108 0.299 
150 z0051885    (8)    3 :  0.119 0.157 0.106 0.426 0.191 
151 z0051888    (1)    2 :  0.421 0.076 0.073 0.341 0.088 
152 z0051891    (1)    1 :  0.151 0.235 0.158 0.153 0.303 
153 z0051893    (4)    1 :  0.488 0.136 0.131 0.112 0.133 
154 z0051895    (0)    3 :  0.545 0.081 0.085 0.111 0.178 
155 z0051918    (1)    3 :  0.087 0.070 0.378 0.326 0.139 
156 z0051929    (1)    1 :  0.366 0.219 0.068 0.087 0.260 
157 z0051939   (12)    3 :  0.275 0.094 0.149 0.283 0.199 
158 z0051947    (3)    1 :  0.085 0.747 0.058 0.053 0.056 
159 z0051959    (2)    3 :  0.125 0.190 0.165 0.196 0.324 
160 z0052846    (0)    4 :  0.214 0.147 0.121 0.262 0.257 
161 z0052882    (1)    2 :  0.210 0.241 0.138 0.292 0.119 
162 z0053020   (22)    2 :  0.078 0.099 0.289 0.319 0.215 
163 z0053024   (13)    2 :  0.198 0.122 0.151 0.198 0.330 
164 z0053025    (5)    2 :  0.066 0.054 0.080 0.567 0.232 
165 z0053031    (0)    2 :  0.147 0.145 0.239 0.227 0.241 
166 z0053032    (1)    2 :  0.070 0.328 0.156 0.310 0.136 
167 z0053040    (5)    2 :  0.123 0.190 0.217 0.286 0.184 
168 z0053051    (1)    3 :  0.240 0.131 0.178 0.088 0.363 
169 z0053054    (6)    3 :  0.278 0.161 0.106 0.080 0.375 
170 z0053071    (3)    2 :  0.151 0.129 0.080 0.521 0.118 
171 z0053073    (2)    2 :  0.107 0.280 0.184 0.127 0.303 
172 z0053078    (1)    3 :  0.049 0.050 0.525 0.290 0.085 
173 z0053082    (2)    3 :  0.192 0.136 0.106 0.424 0.142 
174 z0053083   (12)    2 :  0.147 0.142 0.195 0.342 0.174 
175 z0053090   (11)    3 :  0.064 0.164 0.210 0.370 0.191 
176 z0053096    (0)    2 :  0.070 0.062 0.299 0.484 0.085 
177 z0053100    (8)    2 :  0.089 0.160 0.158 0.383 0.210 
178 z0053101    (0)    2 :  0.091 0.091 0.394 0.332 0.092 
179 z0053102    (9)    2 :  0.190 0.079 0.166 0.408 0.156 
180 z0053103    (1)    2 :  0.078 0.109 0.059 0.639 0.115 
181 z0053111    (2)    3 :  0.190 0.233 0.162 0.119 0.297 
182 z0053131    (0)    2 :  0.214 0.173 0.140 0.325 0.149 
183 z0053132    (0)    2 :  0.076 0.050 0.520 0.276 0.078 
184 z0053133    (1)    2 :  0.190 0.150 0.274 0.125 0.261 
185 z0053138    (0)    2 :  0.161 0.179 0.083 0.205 0.373 
186 z0053142    (3)    2 :  0.107 0.252 0.115 0.401 0.125 
187 z0053149    (1)    2 :  0.056 0.280 0.162 0.388 0.114 
188 z0053754    (1)    1 :  0.167 0.290 0.226 0.090 0.227 
189 z0053756    (2)    1 :  0.215 0.169 0.283 0.089 0.245 
190 z0053758   (17)    1 :  0.522 0.152 0.155 0.063 0.107 
191 z0053759    (1)    1 :  0.235 0.383 0.105 0.065 0.212 
192 z0053760    (0)    1 :  0.160 0.198 0.197 0.095 0.350 
193 z0053842    (2)    1 :  0.082 0.140 0.057 0.094 0.626 
194 z0053843    (6)    1 :  0.727 0.050 0.078 0.071 0.075 
195 z0053844    (9)    1 :  0.322 0.153 0.112 0.112 0.301 
196 z0053846    (3)    1 :  0.703 0.136 0.058 0.049 0.054 
197 z0053847    (1)    1 :  0.094 0.703 0.060 0.088 0.054 
198 z0053849    (1)    1 :  0.112 0.097 0.138 0.098 0.555 
199 z0055903    (1)    4 :  0.100 0.279 0.215 0.159 0.247 
200 z0055910   (35)    4 :  0.142 0.179 0.198 0.282 0.198 
201 z0055912    (7)    4 :  0.092 0.093 0.367 0.230 0.218 
202 z0055916   (17)    4 :  0.108 0.197 0.120 0.135 0.440 
203 z0055931    (4)    4 :  0.088 0.120 0.128 0.553 0.112 
204 z0055944    (4)    4 :  0.135 0.160 0.188 0.204 0.312 
205 z0055947   (10)    4 :  0.180 0.102 0.157 0.180 0.381 
206 z0055962    (6)    4 :  0.097 0.149 0.094 0.237 0.422 
207 z0055963   (21)    4 :  0.230 0.139 0.193 0.262 0.175 
208 z0055965   (26)    4 :  0.109 0.376 0.296 0.069 0.150 
209 z0055970   (16)    4 :  0.103 0.316 0.106 0.278 0.197 
210 z0055971    (8)    4 :  0.189 0.249 0.190 0.191 0.181 
211 z0055977    (6)    4 :  0.151 0.076 0.182 0.382 0.208 
212 z0055986   (21)    4 :  0.247 0.251 0.093 0.162 0.247 
213 z0055990    (7)    4 :  0.147 0.097 0.193 0.409 0.154 
214 z0055996    (3)    4 :  0.234 0.137 0.077 0.235 0.317 
215 z0055997    (4)    4 :  0.166 0.263 0.087 0.341 0.142 
216 z0055998    (5)    4 :  0.134 0.163 0.304 0.130 0.270 
217 z0055999    (3)    4 :  0.255 0.251 0.230 0.112 0.152 
218 z0056011    (9)    4 :  0.115 0.122 0.171 0.123 0.469 
219 z0056029    (5)    4 :  0.144 0.243 0.131 0.210 0.272 
220 z0056034    (2)    4 :  0.068 0.170 0.132 0.406 0.223 
221 z0056056   (26)    3 :  0.142 0.304 0.148 0.155 0.252 
222 z0056058    (5)    3 :  0.065 0.799 0.048 0.030 0.058 
223 z0056059    (8)    3 :  0.098 0.266 0.297 0.109 0.230 
224 z0056062    (1)    3 :  0.068 0.446 0.167 0.222 0.097 
225 z0056063    (4)    3 :  0.262 0.238 0.162 0.110 0.228 
226 z0056064    (0)    3 :  0.178 0.251 0.314 0.098 0.159 
227 z0056065    (0)    3 :  0.326 0.244 0.152 0.088 0.190 
228 z0056069    (1)    3 :  0.072 0.388 0.140 0.309 0.092 
229 z0056073    (0)    3 :  0.235 0.180 0.069 0.058 0.458 
230 z0056076    (5)    3 :  0.201 0.398 0.170 0.167 0.064 
231 z0056079   (10)    3 :  0.158 0.225 0.148 0.052 0.417 
232 z0056085    (1)    3 :  0.400 0.180 0.145 0.090 0.186 
233 z0056092    (1)    3 :  0.302 0.140 0.237 0.100 0.221 
234 z0056095    (1)    3 :  0.256 0.227 0.287 0.091 0.138 
235 z0056103    (8)    3 :  0.108 0.488 0.161 0.056 0.187 
236 z0056374    (8)    1 :  0.100 0.586 0.088 0.051 0.174 
237 z0056375    (0)    1 :  0.324 0.362 0.105 0.072 0.136 
238 z0056377    (0)    1 :  0.084 0.266 0.130 0.068 0.452 
239 z0056378    (2)    1 :  0.231 0.493 0.060 0.125 0.090 
240 z0056382    (1)    1 :  0.719 0.074 0.092 0.053 0.062 
241 z0056384    (3)    1 :  0.186 0.330 0.231 0.103 0.149 
242 z0056386    (8)    1 :  0.634 0.106 0.101 0.051 0.108 
243 z0056389    (1)    1 :  0.736 0.051 0.082 0.043 0.087 
244 z0056391    (2)    1 :  0.566 0.296 0.039 0.020 0.078 
245 z0056392   (12)    1 :  0.289 0.413 0.058 0.079 0.161 
246 z0056393    (9)    1 :  0.223 0.114 0.172 0.144 0.347 
247 z0056394    (1)    1 :  0.309 0.121 0.084 0.073 0.413 
248 z0056395    (2)    1 :  0.091 0.428 0.137 0.116 0.229 
249 z0056397    (1)    1 :  0.124 0.210 0.192 0.238 0.236 
250 z0061527    (3)    3 :  0.099 0.239 0.115 0.360 0.187 
251 z0061967    (1)    3 :  0.220 0.159 0.100 0.174 0.348 
252 z0061969    (1)    3 :  0.187 0.159 0.061 0.294 0.299 
253 z0061980    (1)    1 :  0.364 0.175 0.115 0.194 0.152 
254 z0066166    (3)    3 :  0.195 0.281 0.133 0.109 0.283 
255 z0066792    (2)    1 :  0.146 0.087 0.633 0.075 0.059 
256 z0066805    (2)    1 :  0.071 0.095 0.701 0.073 0.060 
257 z0068471    (3)    3 :  0.055 0.619 0.126 0.100 0.100 
258 z0075696    (7)    5 :  0.078 0.042 0.740 0.080 0.059 
259 z0101084    (8)    1 :  0.394 0.363 0.071 0.091 0.081 
260 z0107099    (3)    3 :  0.416 0.268 0.086 0.035 0.195 
261 z0107101    (0)    1 :  0.361 0.519 0.036 0.033 0.051 
262 z0108489    (1)    1 :  0.090 0.318 0.191 0.189 0.212 
263 z0108513    (0)    1 :  0.534 0.210 0.047 0.114 0.096 
264 z0108528    (1)    3 :  0.141 0.246 0.096 0.202 0.314 
265 z0113628    (2)    3 :  0.130 0.121 0.254 0.142 0.353 
266 z0133302   (18)    1 :  0.163 0.468 0.124 0.145 0.099 
267 z0173485    (0)    1 :  0.188 0.103 0.103 0.229 0.377 
268 z0175371    (1)    3 :  0.118 0.082 0.380 0.218 0.202 
269 z0175378    (0)    2 :  0.171 0.075 0.068 0.565 0.120 
270 z0175912    (6)    1 :  0.074 0.541 0.126 0.100 0.159 
271 z0175916    (3)    1 :  0.149 0.180 0.211 0.288 0.172 
272 z0175937    (1)    1 :  0.431 0.172 0.123 0.081 0.193 
273 z0178348   (13)    1 :  0.089 0.570 0.085 0.074 0.182 
274 z0187857    (3)    1 :  0.269 0.449 0.066 0.097 0.118 
275 z0187860    (0)    1 :  0.152 0.249 0.145 0.154 0.300 
276 z0187885    (0)    2 :  0.165 0.077 0.336 0.294 0.128 
277 z0187906   (10)    1 :  0.178 0.107 0.387 0.120 0.208 
278 z0195655    (0)    2 :  0.101 0.083 0.061 0.604 0.152 
279 z0195663    (1)    3 :  0.095 0.078 0.138 0.421 0.268 
280 z0195683    (1)    3 :  0.359 0.269 0.082 0.082 0.208 
281 z0195687   (22)    3 :  0.412 0.129 0.132 0.046 0.281 
282 z0195688    (0)    2 :  0.146 0.120 0.311 0.244 0.179 
283 z0195691    (1)    3 :  0.082 0.132 0.301 0.082 0.403 
284 z0195699    (0)    3 :  0.272 0.060 0.093 0.085 0.491 
285 z0195701    (8)    3 :  0.422 0.207 0.113 0.117 0.142 
286 z0195702    (0)    3 :  0.154 0.192 0.245 0.161 0.249 
287 z0195704    (1)    3 :  0.068 0.523 0.146 0.140 0.123 
288 z0195705    (1)    3 :  0.073 0.085 0.128 0.400 0.314 
289 z0195711    (0)    3 :  0.146 0.076 0.372 0.062 0.344 
290 z0195716    (0)    3 :  0.218 0.159 0.288 0.102 0.232 
291 z0195718   (13)    3 :  0.302 0.299 0.204 0.055 0.139 
292 z0195725    (5)    3 :  0.092 0.346 0.102 0.230 0.231 
293 z0195726   (17)    1 :  0.083 0.121 0.115 0.080 0.601 
294 z0195728   (14)    3 :  0.665 0.142 0.063 0.033 0.097 
295 z0195732   (16)    3 :  0.223 0.172 0.102 0.055 0.447 
296 z0195737    (1)    3 :  0.254 0.083 0.202 0.348 0.113 
297 z0195740   (30)    3 :  0.184 0.116 0.135 0.128 0.437 
298 z0195751    (1)    3 :  0.594 0.076 0.093 0.075 0.162 
299 z0195762    (2)    3 :  0.265 0.117 0.317 0.061 0.241 
300 z0195784    (0)    3 :  0.417 0.169 0.156 0.070 0.188 
301 z0196686    (0)    5 :  0.037 0.068 0.826 0.032 0.038 
302 z0196687    (0)    5 :  0.072 0.102 0.672 0.081 0.072 
303 z0196689    (1)    5 :  0.070 0.050 0.732 0.065 0.083 
304 z0196690    (3)    5 :  0.161 0.099 0.637 0.045 0.058 
305 z0196691    (9)    5 :  0.079 0.080 0.689 0.048 0.104 
306 z0196692    (1)    5 :  0.096 0.121 0.588 0.081 0.114 
307 z0196693    (2)    5 :  0.081 0.115 0.641 0.049 0.114 
308 z0196694    (3)    5 :  0.062 0.091 0.673 0.064 0.109 
309 z0196710    (0)    3 :  0.145 0.204 0.214 0.193 0.244 
310 z0196715   (23)    3 :  0.273 0.124 0.084 0.058 0.461 
311 z0196719    (0)    3 :  0.208 0.101 0.124 0.117 0.450 
312 z0196724   (20)    3 :  0.305 0.162 0.079 0.134 0.319 
313 z0196725    (1)    3 :  0.099 0.617 0.114 0.094 0.075 
314 z0196729    (3)    3 :  0.242 0.225 0.123 0.133 0.277 
315 z0196730    (3)    1 :  0.057 0.727 0.106 0.060 0.050 
316 z0196731    (1)    3 :  0.261 0.225 0.131 0.047 0.337 
317 z0196733   (17)    1 :  0.275 0.161 0.113 0.069 0.382 
318 z0196734    (2)    3 :  0.235 0.155 0.114 0.193 0.303 
319 z0196739   (18)    3 :  0.189 0.308 0.080 0.210 0.213 
320 z0196740   (10)    3 :  0.332 0.128 0.170 0.094 0.275 
321 z0196746    (3)    1 :  0.265 0.426 0.117 0.110 0.083 
322 z0196751    (0)    3 :  0.223 0.316 0.146 0.154 0.162 
323 z0196752    (0)    3 :  0.269 0.125 0.441 0.063 0.102 
324 z0196754    (0)    3 :  0.435 0.173 0.114 0.097 0.181 
325 z0196758    (2)    1 :  0.232 0.342 0.180 0.090 0.156 
326 z0196763    (2)    3 :  0.175 0.103 0.143 0.088 0.491 
327 z0196764    (1)    3 :  0.306 0.127 0.183 0.138 0.246 
328 z0196766    (0)    3 :  0.265 0.261 0.146 0.110 0.218 
329 z0196769    (1)    3 :  0.440 0.175 0.157 0.075 0.152 
330 z0196774    (1)    3 :  0.392 0.143 0.285 0.069 0.112 
331 z0196783    (0)    1 :  0.585 0.248 0.062 0.037 0.069 
332 z0196794    (2)    1 :  0.654 0.140 0.100 0.040 0.066 
333 z0196804   (15)    1 :  0.332 0.137 0.103 0.085 0.343 
334 z0196809   (15)    3 :  0.173 0.116 0.168 0.058 0.485 
335 z0196810    (2)    1 :  0.113 0.356 0.178 0.082 0.270 
336 z0196811    (1)    1 :  0.129 0.213 0.088 0.040 0.530 
337 z0196824    (0)    3 :  0.151 0.249 0.217 0.218 0.165 
338 z0196825    (1)    3 :  0.232 0.228 0.072 0.196 0.271 
339 z0196828    (1)    2 :  0.262 0.142 0.120 0.124 0.353 
340 z0196829    (0)    3 :  0.082 0.187 0.102 0.100 0.529 
341 z0196834   (28)    3 :  0.209 0.307 0.140 0.182 0.162 
342 z0196835    (0)    3 :  0.402 0.315 0.038 0.105 0.141 
343 z0196838    (2)    1 :  0.168 0.139 0.160 0.046 0.487 
344 z0196841   (22)    3 :  0.312 0.232 0.229 0.072 0.156 
345 z0196843   (27)    3 :  0.111 0.510 0.102 0.074 0.203 
346 z0196849    (1)    3 :  0.387 0.097 0.132 0.082 0.301 
347 z0196852    (1)    2 :  0.170 0.072 0.305 0.208 0.245 
348 z0196855    (0)    2 :  0.180 0.136 0.232 0.185 0.267 
349 z0196856    (1)    3 :  0.135 0.102 0.211 0.148 0.404 
350 z0196857    (0)    2 :  0.448 0.062 0.072 0.340 0.078 
351 z0196864    (2)    3 :  0.111 0.082 0.202 0.268 0.337 
352 z0196894    (0)    3 :  0.149 0.372 0.166 0.059 0.254 
353 z0197662    (3)    1 :  0.099 0.252 0.146 0.193 0.310 
354 z0197665    (2)    1 :  0.255 0.481 0.125 0.084 0.055 
355 z0197668   (20)    3 :  0.185 0.077 0.439 0.122 0.177 
356 z0197669    (1)    3 :  0.151 0.133 0.254 0.280 0.182 
357 z0197672    (1)    3 :  0.464 0.081 0.168 0.131 0.156 


Estimated Allele Frequencies in each cluster
First column gives estimated ancestral frequencies


Locus 1 : HI.v.HI.SEAK 
5 alleles
66.2% missing data
   0   (0.216) 0.136 0.152 0.349 0.167 0.168 
   4   (0.433) 0.706 0.409 0.304 0.042 0.573 
   1   (0.167) 0.065 0.093 0.184 0.741 0.129 
   2   (0.054) 0.016 0.027 0.035 0.030 0.039 
   3   (0.129) 0.076 0.319 0.128 0.019 0.092 

Locus 2 : Mnov_gtseq_1 
2 alleles
0.0% missing data
   0   (0.419) 0.362 0.390 0.460 0.325 0.453 
   1   (0.581) 0.638 0.610 0.540 0.675 0.547 

Locus 3 : Mnov_gtseq_10 
2 alleles
0.3% missing data
   0   (0.794) 0.670 0.780 0.924 0.952 0.783 
   1   (0.206) 0.330 0.220 0.076 0.048 0.217 

Locus 4 : Mnov_gtseq_102 
2 alleles
0.8% missing data
   0   (0.565) 0.512 0.390 0.556 0.767 0.645 
   1   (0.435) 0.488 0.610 0.444 0.233 0.355 

Locus 5 : Mnov_gtseq_104 
2 alleles
0.3% missing data
   0   (0.853) 0.779 0.747 0.959 0.968 0.866 
   1   (0.147) 0.221 0.253 0.041 0.032 0.134 

Locus 6 : Mnov_gtseq_106 
2 alleles
15.4% missing data
   1   (0.768) 0.869 0.678 0.722 0.809 0.806 
   0   (0.232) 0.131 0.322 0.278 0.191 0.194 

Locus 7 : Mnov_gtseq_107 
2 alleles
37.8% missing data
   1   (0.217) 0.125 0.246 0.103 0.533 0.192 
   0   (0.783) 0.875 0.754 0.897 0.467 0.808 

Locus 8 : Mnov_gtseq_111 
2 alleles
39.2% missing data
   1   (0.714) 0.503 0.760 0.856 0.459 0.800 
   0   (0.286) 0.497 0.240 0.144 0.541 0.200 

Locus 9 : Mnov_gtseq_112 
2 alleles
1.1% missing data
   0   (0.601) 0.797 0.542 0.389 0.745 0.604 
   1   (0.399) 0.203 0.458 0.611 0.255 0.396 

Locus 10 : Mnov_gtseq_113 
2 alleles
1.7% missing data
   1   (0.717) 0.837 0.695 0.659 0.662 0.739 
   0   (0.283) 0.163 0.305 0.341 0.338 0.261 

Locus 11 : Mnov_gtseq_114 
2 alleles
4.5% missing data
   0   (0.569) 0.632 0.563 0.464 0.281 0.648 
   1   (0.431) 0.368 0.437 0.536 0.719 0.352 

Locus 12 : Mnov_gtseq_117 
2 alleles
27.2% missing data
   0   (0.634) 0.540 0.567 0.632 0.872 0.633 
   1   (0.366) 0.460 0.433 0.368 0.128 0.367 

Locus 13 : Mnov_gtseq_118 
2 alleles
8.1% missing data
   0   (0.726) 0.658 0.521 0.790 0.892 0.760 
   1   (0.274) 0.342 0.479 0.210 0.108 0.240 

Locus 14 : Mnov_gtseq_12 
2 alleles
0.3% missing data
   0   (0.448) 0.649 0.234 0.672 0.228 0.460 
   1   (0.552) 0.351 0.766 0.328 0.772 0.540 

Locus 15 : Mnov_gtseq_124 
2 alleles
4.8% missing data
   1   (0.758) 0.691 0.701 0.896 0.901 0.756 
   0   (0.242) 0.309 0.299 0.104 0.099 0.244 

Locus 16 : Mnov_gtseq_125 
2 alleles
1.1% missing data
   1   (0.901) 0.982 0.957 0.956 0.603 0.894 
   0   (0.099) 0.018 0.043 0.044 0.397 0.106 

Locus 17 : Mnov_gtseq_126 
2 alleles
0.0% missing data
   0   (0.354) 0.138 0.275 0.561 0.324 0.407 
   1   (0.646) 0.862 0.725 0.439 0.676 0.593 

Locus 18 : Mnov_gtseq_127 
2 alleles
7.0% missing data
   0   (0.619) 0.748 0.625 0.653 0.427 0.605 
   1   (0.381) 0.252 0.375 0.347 0.573 0.395 

Locus 19 : Mnov_gtseq_128 
2 alleles
31.4% missing data
   0   (0.677) 0.804 0.749 0.628 0.677 0.673 
   1   (0.323) 0.196 0.251 0.372 0.323 0.327 

Locus 20 : Mnov_gtseq_129 
2 alleles
2.0% missing data
   0   (0.522) 0.421 0.614 0.288 0.651 0.558 
   1   (0.478) 0.579 0.386 0.712 0.349 0.442 

Locus 21 : Mnov_gtseq_13 
2 alleles
0.0% missing data
   0   (0.554) 0.421 0.609 0.822 0.608 0.469 
   1   (0.446) 0.579 0.391 0.178 0.392 0.531 

Locus 22 : Mnov_gtseq_130 
2 alleles
28.9% missing data
   1   (0.514) 0.450 0.475 0.671 0.418 0.532 
   0   (0.486) 0.550 0.525 0.329 0.582 0.468 

Locus 23 : Mnov_gtseq_135 
2 alleles
0.6% missing data
   1   (0.461) 0.533 0.337 0.347 0.603 0.466 
   0   (0.539) 0.467 0.663 0.653 0.397 0.534 

Locus 24 : Mnov_gtseq_138 
2 alleles
0.6% missing data
   0   (0.482) 0.357 0.592 0.427 0.386 0.523 
   1   (0.518) 0.643 0.408 0.573 0.614 0.477 

Locus 25 : Mnov_gtseq_140 
2 alleles
1.1% missing data
   0   (0.454) 0.577 0.261 0.218 0.676 0.484 
   1   (0.546) 0.423 0.739 0.782 0.324 0.516 

Locus 26 : Mnov_gtseq_141 
2 alleles
0.3% missing data
   0   (0.555) 0.597 0.778 0.379 0.546 0.509 
   1   (0.445) 0.403 0.222 0.621 0.454 0.491 

Locus 27 : Mnov_gtseq_143 
2 alleles
2.8% missing data
   1   (0.572) 0.559 0.796 0.329 0.472 0.606 
   0   (0.428) 0.441 0.204 0.671 0.528 0.394 

Locus 28 : Mnov_gtseq_145 
2 alleles
2.0% missing data
   0   (0.462) 0.507 0.630 0.331 0.452 0.397 
   1   (0.538) 0.493 0.370 0.669 0.548 0.603 

Locus 29 : Mnov_gtseq_147 
2 alleles
26.3% missing data
   0   (0.808) 0.833 0.893 0.749 0.407 0.881 
   1   (0.192) 0.167 0.107 0.251 0.593 0.119 

Locus 30 : Mnov_gtseq_148 
2 alleles
9.2% missing data
   0   (0.314) 0.257 0.199 0.469 0.107 0.386 
   1   (0.686) 0.743 0.801 0.531 0.893 0.614 

Locus 31 : Mnov_gtseq_149 
2 alleles
0.6% missing data
   0   (0.616) 0.530 0.690 0.545 0.544 0.683 
   1   (0.384) 0.470 0.310 0.455 0.456 0.317 

Locus 32 : Mnov_gtseq_15 
2 alleles
0.0% missing data
   0   (0.465) 0.699 0.351 0.483 0.396 0.409 
   1   (0.535) 0.301 0.649 0.517 0.604 0.591 

Locus 33 : Mnov_gtseq_152 
2 alleles
0.8% missing data
   0   (0.332) 0.343 0.362 0.267 0.405 0.266 
   1   (0.668) 0.657 0.638 0.733 0.595 0.734 

Locus 34 : Mnov_gtseq_154 
2 alleles
3.4% missing data
   0   (0.560) 0.606 0.627 0.572 0.369 0.564 
   1   (0.440) 0.394 0.373 0.428 0.631 0.436 

Locus 35 : Mnov_gtseq_155 
2 alleles
41.7% missing data
   0   (0.662) 0.682 0.666 0.643 0.714 0.668 
   1   (0.338) 0.318 0.334 0.357 0.286 0.332 

Locus 36 : Mnov_gtseq_157 
2 alleles
0.6% missing data
   1   (0.553) 0.549 0.510 0.509 0.658 0.591 
   0   (0.447) 0.451 0.490 0.491 0.342 0.409 

Locus 37 : Mnov_gtseq_158 
2 alleles
0.6% missing data
   0   (0.398) 0.636 0.642 0.341 0.048 0.344 
   1   (0.602) 0.364 0.358 0.659 0.952 0.656 

Locus 38 : Mnov_gtseq_159 
2 alleles
24.6% missing data
   0   (0.620) 0.731 0.636 0.494 0.384 0.698 
   1   (0.380) 0.269 0.364 0.506 0.616 0.302 

Locus 39 : Mnov_gtseq_16 
2 alleles
0.0% missing data
   0   (0.631) 0.733 0.554 0.797 0.529 0.583 
   1   (0.369) 0.267 0.446 0.203 0.471 0.417 

Locus 40 : Mnov_gtseq_160 
2 alleles
2.5% missing data
   0   (0.505) 0.501 0.504 0.446 0.377 0.572 
   1   (0.495) 0.499 0.496 0.554 0.623 0.428 

Locus 41 : Mnov_gtseq_161 
2 alleles
2.0% missing data
   1   (0.752) 0.659 0.836 0.816 0.821 0.765 
   0   (0.248) 0.341 0.164 0.184 0.179 0.235 

Locus 42 : Mnov_gtseq_162 
2 alleles
2.2% missing data
   1   (0.413) 0.576 0.481 0.239 0.504 0.366 
   0   (0.587) 0.424 0.519 0.761 0.496 0.634 

Locus 43 : Mnov_gtseq_167 
2 alleles
1.1% missing data
   1   (0.794) 0.859 0.595 0.862 0.907 0.823 
   0   (0.206) 0.141 0.405 0.138 0.093 0.177 

Locus 44 : Mnov_gtseq_17 
2 alleles
0.0% missing data
   0   (0.500) 0.661 0.501 0.560 0.454 0.419 
   1   (0.500) 0.339 0.499 0.440 0.546 0.581 

Locus 45 : Mnov_gtseq_170 
2 alleles
0.0% missing data
   0   (0.333) 0.265 0.264 0.343 0.199 0.363 
   1   (0.667) 0.735 0.736 0.657 0.801 0.637 

Locus 46 : Mnov_gtseq_171 
2 alleles
42.0% missing data
   1   (0.682) 0.521 0.766 0.769 0.746 0.698 
   0   (0.318) 0.479 0.234 0.231 0.254 0.302 

Locus 47 : Mnov_gtseq_173 
2 alleles
21.8% missing data
   1   (0.459) 0.339 0.240 0.707 0.794 0.423 
   0   (0.541) 0.661 0.760 0.293 0.206 0.577 

Locus 48 : Mnov_gtseq_174 
2 alleles
2.8% missing data
   0   (0.272) 0.155 0.381 0.245 0.493 0.213 
   1   (0.728) 0.845 0.619 0.755 0.507 0.787 

Locus 49 : Mnov_gtseq_180 
2 alleles
14.0% missing data
   0   (0.655) 0.681 0.544 0.325 0.938 0.715 
   1   (0.345) 0.319 0.456 0.675 0.062 0.285 

Locus 50 : Mnov_gtseq_182 
2 alleles
9.0% missing data
   0   (0.828) 0.706 0.769 0.945 0.834 0.876 
   1   (0.172) 0.294 0.231 0.055 0.166 0.124 

Locus 51 : Mnov_gtseq_186 
2 alleles
27.7% missing data
   0   (0.522) 0.553 0.484 0.583 0.456 0.531 
   1   (0.478) 0.447 0.516 0.417 0.544 0.469 

Locus 52 : Mnov_gtseq_187 
2 alleles
7.6% missing data
   1   (0.574) 0.734 0.375 0.522 0.755 0.573 
   0   (0.426) 0.266 0.625 0.478 0.245 0.427 

Locus 53 : Mnov_gtseq_188 
2 alleles
13.4% missing data
   0   (0.519) 0.486 0.503 0.848 0.678 0.376 
   1   (0.481) 0.514 0.497 0.152 0.322 0.624 

Locus 54 : Mnov_gtseq_189 
2 alleles
3.6% missing data
   0   (0.445) 0.488 0.659 0.206 0.488 0.420 
   1   (0.555) 0.512 0.341 0.794 0.512 0.580 

Locus 55 : Mnov_gtseq_19 
2 alleles
0.0% missing data
   1   (0.942) 0.993 0.982 0.852 0.773 0.973 
   0   (0.058) 0.007 0.018 0.148 0.227 0.027 

Locus 56 : Mnov_gtseq_190 
2 alleles
0.0% missing data
   1   (0.432) 0.391 0.401 0.416 0.320 0.463 
   0   (0.568) 0.609 0.599 0.584 0.680 0.537 

Locus 57 : Mnov_gtseq_191 
2 alleles
26.3% missing data
   0   (0.894) 0.962 0.809 0.853 0.991 0.886 
   1   (0.106) 0.038 0.191 0.147 0.009 0.114 

Locus 58 : Mnov_gtseq_192 
2 alleles
21.0% missing data
   0   (0.819) 0.757 0.895 0.909 0.806 0.803 
   1   (0.181) 0.243 0.105 0.091 0.194 0.197 

Locus 59 : Mnov_gtseq_193 
2 alleles
0.0% missing data
   0   (0.705) 0.772 0.716 0.607 0.803 0.730 
   1   (0.295) 0.228 0.284 0.393 0.197 0.270 

Locus 60 : Mnov_gtseq_195 
2 alleles
0.0% missing data
   0   (0.546) 0.451 0.481 0.749 0.521 0.545 
   1   (0.454) 0.549 0.519 0.251 0.479 0.455 

Locus 61 : Mnov_gtseq_196 
2 alleles
0.3% missing data
   0   (0.299) 0.403 0.427 0.415 0.093 0.236 
   1   (0.701) 0.597 0.573 0.585 0.907 0.764 

Locus 62 : Mnov_gtseq_197 
3 alleles
0.3% missing data
   1   (0.383) 0.399 0.475 0.374 0.266 0.353 
   0   (0.444) 0.522 0.382 0.205 0.681 0.480 
   2   (0.172) 0.078 0.143 0.420 0.053 0.167 

Locus 63 : Mnov_gtseq_2 
2 alleles
0.3% missing data
   0   (0.215) 0.076 0.097 0.200 0.240 0.310 
   1   (0.785) 0.924 0.903 0.800 0.760 0.690 

Locus 64 : Mnov_gtseq_200 
2 alleles
2.8% missing data
   0   (0.408) 0.292 0.429 0.276 0.731 0.392 
   1   (0.592) 0.708 0.571 0.724 0.269 0.608 

Locus 65 : Mnov_gtseq_201 
2 alleles
0.0% missing data
   0   (0.874) 0.880 0.670 0.924 0.986 0.903 
   1   (0.126) 0.120 0.330 0.076 0.014 0.097 

Locus 66 : Mnov_gtseq_202 
2 alleles
0.0% missing data
   0   (0.428) 0.469 0.393 0.285 0.600 0.424 
   1   (0.572) 0.531 0.607 0.715 0.400 0.576 

Locus 67 : Mnov_gtseq_204 
2 alleles
3.9% missing data
   0   (0.430) 0.423 0.495 0.447 0.567 0.355 
   1   (0.570) 0.577 0.505 0.553 0.433 0.645 

Locus 68 : Mnov_gtseq_205 
3 alleles
0.0% missing data
   0   (0.219) 0.367 0.089 0.187 0.216 0.208 
   2   (0.720) 0.618 0.873 0.731 0.729 0.755 
   1   (0.061) 0.015 0.038 0.083 0.055 0.037 

Locus 69 : Mnov_gtseq_208 
2 alleles
0.0% missing data
   0   (0.667) 0.604 0.865 0.554 0.337 0.721 
   1   (0.333) 0.396 0.135 0.446 0.663 0.279 

Locus 70 : Mnov_gtseq_209 
2 alleles
0.0% missing data
   0   (0.465) 0.506 0.301 0.346 0.638 0.476 
   1   (0.535) 0.494 0.699 0.654 0.362 0.524 

Locus 71 : Mnov_gtseq_21 
2 alleles
0.0% missing data
   1   (0.529) 0.506 0.696 0.586 0.260 0.559 
   0   (0.471) 0.494 0.304 0.414 0.740 0.441 

Locus 72 : Mnov_gtseq_210 
2 alleles
5.0% missing data
   0   (0.389) 0.613 0.415 0.354 0.163 0.364 
   1   (0.611) 0.387 0.585 0.646 0.837 0.636 

Locus 73 : Mnov_gtseq_213 
2 alleles
5.6% missing data
   0   (0.526) 0.588 0.517 0.458 0.355 0.561 
   1   (0.474) 0.412 0.483 0.542 0.645 0.439 

Locus 74 : Mnov_gtseq_214 
2 alleles
5.3% missing data
   0   (0.552) 0.511 0.440 0.407 0.790 0.619 
   1   (0.448) 0.489 0.560 0.593 0.210 0.381 

Locus 75 : Mnov_gtseq_215 
2 alleles
0.0% missing data
   0   (0.443) 0.331 0.485 0.433 0.603 0.423 
   1   (0.557) 0.669 0.515 0.567 0.397 0.577 

Locus 76 : Mnov_gtseq_216 
2 alleles
0.0% missing data
   1   (0.517) 0.401 0.494 0.644 0.701 0.494 
   0   (0.483) 0.599 0.506 0.356 0.299 0.506 

Locus 77 : Mnov_gtseq_217 
2 alleles
24.4% missing data
   0   (0.337) 0.371 0.248 0.262 0.144 0.401 
   1   (0.663) 0.629 0.752 0.738 0.856 0.599 

Locus 78 : Mnov_gtseq_218 
2 alleles
0.3% missing data
   0   (0.593) 0.370 0.568 0.790 0.812 0.576 
   1   (0.407) 0.630 0.432 0.210 0.188 0.424 

Locus 79 : Mnov_gtseq_22 
2 alleles
3.9% missing data
   1   (0.576) 0.532 0.653 0.549 0.782 0.524 
   0   (0.424) 0.468 0.347 0.451 0.218 0.476 

Locus 80 : Mnov_gtseq_220 
2 alleles
0.3% missing data
   0   (0.502) 0.439 0.546 0.605 0.698 0.455 
   1   (0.498) 0.561 0.454 0.395 0.302 0.545 

Locus 81 : Mnov_gtseq_222 
2 alleles
14.3% missing data
   0   (0.496) 0.200 0.500 0.764 0.725 0.480 
   1   (0.504) 0.800 0.500 0.236 0.275 0.520 

Locus 82 : Mnov_gtseq_223 
2 alleles
2.5% missing data
   0   (0.629) 0.733 0.744 0.644 0.619 0.555 
   1   (0.371) 0.267 0.256 0.356 0.381 0.445 

Locus 83 : Mnov_gtseq_225 
2 alleles
0.0% missing data
   0   (0.533) 0.608 0.574 0.300 0.484 0.602 
   1   (0.467) 0.392 0.426 0.700 0.516 0.398 

Locus 84 : Mnov_gtseq_227 
2 alleles
0.3% missing data
   0   (0.503) 0.416 0.471 0.673 0.678 0.445 
   1   (0.497) 0.584 0.529 0.327 0.322 0.555 

Locus 85 : Mnov_gtseq_229 
2 alleles
0.8% missing data
   1   (0.511) 0.416 0.710 0.550 0.680 0.440 
   0   (0.489) 0.584 0.290 0.450 0.320 0.560 

Locus 86 : Mnov_gtseq_230 
2 alleles
10.4% missing data
   0   (0.751) 0.790 0.692 0.936 0.923 0.588 
   1   (0.249) 0.210 0.308 0.064 0.077 0.412 

Locus 87 : Mnov_gtseq_232 
2 alleles
0.0% missing data
   0   (0.470) 0.442 0.511 0.336 0.781 0.432 
   1   (0.530) 0.558 0.489 0.664 0.219 0.568 

Locus 88 : Mnov_gtseq_234 
2 alleles
9.8% missing data
   0   (0.730) 0.840 0.536 0.758 0.877 0.753 
   1   (0.270) 0.160 0.464 0.242 0.123 0.247 

Locus 89 : Mnov_gtseq_235 
2 alleles
0.3% missing data
   0   (0.778) 0.662 0.843 0.885 0.908 0.748 
   1   (0.222) 0.338 0.157 0.115 0.092 0.252 

Locus 90 : Mnov_gtseq_237 
2 alleles
0.3% missing data
   0   (0.552) 0.377 0.592 0.472 0.814 0.574 
   1   (0.448) 0.623 0.408 0.528 0.186 0.426 

Locus 91 : Mnov_gtseq_238 
2 alleles
0.0% missing data
   0   (0.575) 0.664 0.612 0.574 0.848 0.497 
   1   (0.425) 0.336 0.388 0.426 0.152 0.503 

Locus 92 : Mnov_gtseq_239 
2 alleles
0.0% missing data
   0   (0.728) 0.591 0.841 0.768 0.748 0.742 
   1   (0.272) 0.409 0.159 0.232 0.252 0.258 

Locus 93 : Mnov_gtseq_240 
2 alleles
0.0% missing data
   1   (0.416) 0.223 0.506 0.369 0.393 0.484 
   0   (0.584) 0.777 0.494 0.631 0.607 0.516 

Locus 94 : Mnov_gtseq_241 
2 alleles
0.0% missing data
   0   (0.847) 0.760 0.894 0.907 0.842 0.894 
   1   (0.153) 0.240 0.106 0.093 0.158 0.106 

Locus 95 : Mnov_gtseq_243 
2 alleles
0.0% missing data
   0   (0.601) 0.547 0.417 0.711 0.586 0.674 
   1   (0.399) 0.453 0.583 0.289 0.414 0.326 

Locus 96 : Mnov_gtseq_244 
2 alleles
0.0% missing data
   0   (0.331) 0.498 0.246 0.177 0.475 0.303 
   1   (0.669) 0.502 0.754 0.823 0.525 0.697 

Locus 97 : Mnov_gtseq_245 
2 alleles
20.7% missing data
   1   (0.504) 0.439 0.679 0.355 0.669 0.485 
   0   (0.496) 0.561 0.321 0.645 0.331 0.515 

Locus 98 : Mnov_gtseq_246 
2 alleles
0.3% missing data
   0   (0.475) 0.404 0.580 0.190 0.515 0.570 
   1   (0.525) 0.596 0.420 0.810 0.485 0.430 

Locus 99 : Mnov_gtseq_247 
2 alleles
3.4% missing data
   0   (0.306) 0.221 0.188 0.478 0.138 0.361 
   1   (0.694) 0.779 0.812 0.522 0.862 0.639 

Locus 100 : Mnov_gtseq_248 
2 alleles
0.3% missing data
   0   (0.229) 0.104 0.088 0.332 0.440 0.253 
   1   (0.771) 0.896 0.912 0.668 0.560 0.747 

Locus 101 : Mnov_gtseq_25 
2 alleles
0.3% missing data
   0   (0.442) 0.421 0.618 0.279 0.676 0.371 
   1   (0.558) 0.579 0.382 0.721 0.324 0.629 

Locus 102 : Mnov_gtseq_250 
2 alleles
3.9% missing data
   0   (0.806) 0.772 0.633 0.893 0.675 0.894 
   1   (0.194) 0.228 0.367 0.107 0.325 0.106 

Locus 103 : Mnov_gtseq_251 
2 alleles
2.0% missing data
   1   (0.230) 0.144 0.107 0.142 0.201 0.325 
   0   (0.770) 0.856 0.893 0.858 0.799 0.675 

Locus 104 : Mnov_gtseq_253 
2 alleles
16.2% missing data
   0   (0.469) 0.348 0.399 0.661 0.517 0.452 
   1   (0.531) 0.652 0.601 0.339 0.483 0.548 

Locus 105 : Mnov_gtseq_254 
2 alleles
0.0% missing data
   1   (0.903) 0.903 0.983 0.933 0.993 0.848 
   0   (0.097) 0.097 0.017 0.067 0.007 0.152 

Locus 106 : Mnov_gtseq_255 
2 alleles
0.0% missing data
   0   (0.319) 0.258 0.606 0.209 0.515 0.221 
   1   (0.681) 0.742 0.394 0.791 0.485 0.779 

Locus 107 : Mnov_gtseq_257 
2 alleles
0.0% missing data
   0   (0.639) 0.788 0.645 0.494 0.426 0.689 
   1   (0.361) 0.212 0.355 0.506 0.574 0.311 

Locus 108 : Mnov_gtseq_258 
2 alleles
0.0% missing data
   0   (0.512) 0.367 0.410 0.712 0.651 0.518 
   1   (0.488) 0.633 0.590 0.288 0.349 0.482 

Locus 109 : Mnov_gtseq_26 
2 alleles
0.0% missing data
   1   (0.886) 0.958 0.877 0.937 0.975 0.874 
   0   (0.114) 0.042 0.123 0.063 0.025 0.126 

Locus 110 : Mnov_gtseq_260 
2 alleles
0.3% missing data
   0   (0.756) 0.845 0.883 0.686 0.758 0.716 
