

----------------------------------------------------
STRUCTURE by Pritchard, Stephens and Donnelly (2000)
     and Falush, Stephens and Pritchard (2003)
       Code by Pritchard, Falush and Hubisz
             Version 2.3.4 (Jul 2012)
----------------------------------------------------



Command line arguments:   structure -m wint.area.structureRun/wint.area.structureRun.k6.r2_mainparams -e wint.area.structureRun/wint.area.structureRun.k6.r2_extraparams -i wint.area.structureRun/wint.area.structureRun.k6.r2_data -o wint.area.structureRun/wint.area.structureRun.k6.r2_out 
Input File:    wint.area.structureRun/wint.area.structureRun.k6.r2_data

Run parameters:
   350 individuals
   298 loci
   6 populations assumed
   1000 Burn-in period
   10000 Reps


--------------------------------------------
Proportion of membership of each pre-defined
 population in each of the 6 clusters

Given    Inferred Clusters                            Number of
 Pop       1      2      3      4      5      6      Individuals

  1:     0.135  0.155  0.160  0.202  0.087  0.261       77
  2:     0.183  0.122  0.160  0.121  0.312  0.101      124
  3:     0.175  0.157  0.191  0.192  0.123  0.163      113
  4:     0.209  0.137  0.193  0.152  0.185  0.124       27
  5:     0.075  0.619  0.091  0.071  0.063  0.082        9
--------------------------------------------

Allele-freq. divergence among pops (Net nucleotide distance),
computed using point estimates of P.

      1       2       3       4       5       6      
 1      -    0.0256  0.0047  0.0163  0.0320  0.0293  
 2   0.0256     -    0.0241  0.0369  0.0586  0.0472  
 3   0.0047  0.0241     -    0.0142  0.0377  0.0262  
 4   0.0163  0.0369  0.0142     -    0.0512  0.0326  
 5   0.0320  0.0586  0.0377  0.0512     -    0.0634  
 6   0.0293  0.0472  0.0262  0.0326  0.0634     -    

Average distances (expected heterozygosity) between individuals in same cluster:
cluster  1  : 0.4484 
cluster  2  : 0.4126 
cluster  3  : 0.4441 
cluster  4  : 0.4399 
cluster  5  : 0.4010 
cluster  6  : 0.4206 

--------------------------------------------
Estimated Ln Prob of Data   = -172042.0
Mean value of ln likelihood = -134258.5
Variance of ln likelihood   = 75566.9
Mean value of alpha         = 1.0000

Mean value of Fst_1         = 0.0699
Mean value of Fst_2         = 0.1425
Mean value of Fst_3         = 0.0587
Mean value of Fst_4         = 0.1103
Mean value of Fst_5         = 0.1969
Mean value of Fst_6         = 0.1583


Inferred ancestry of individuals:
        Label (%Miss) Pop:  Inferred clusters
  1   207778    (1)    2 :  0.160 0.075 0.201 0.102 0.353 0.109 
  2 z0005757    (7)    3 :  0.199 0.134 0.188 0.144 0.087 0.248 
  3 z0005758    (0)    3 :  0.184 0.139 0.246 0.113 0.092 0.226 
  4 z0011944    (0)    1 :  0.064 0.706 0.053 0.040 0.096 0.042 
  5 z0012702    (8)    4 :  0.186 0.140 0.083 0.084 0.473 0.035 
  6 z0016577    (1)    3 :  0.162 0.094 0.260 0.155 0.151 0.178 
  7 z0016578   (20)    1 :  0.121 0.122 0.103 0.521 0.044 0.090 
  8 z0016579    (1)    3 :  0.338 0.166 0.196 0.094 0.074 0.133 
  9 z0018264    (0)    1 :  0.124 0.579 0.079 0.062 0.080 0.076 
 10 z0029828    (2)    3 :  0.163 0.074 0.129 0.414 0.090 0.130 
 11 z0029829   (13)    1 :  0.114 0.052 0.108 0.508 0.062 0.155 
 12 z0029846    (0)    1 :  0.143 0.106 0.172 0.238 0.153 0.188 
 13 z0029860    (0)    3 :  0.120 0.071 0.143 0.414 0.121 0.132 
 14 z0029863    (1)    1 :  0.136 0.357 0.191 0.156 0.100 0.060 
 15 z0029864    (8)    1 :  0.070 0.322 0.174 0.246 0.102 0.086 
 16 z0029865   (12)    3 :  0.159 0.090 0.331 0.083 0.041 0.295 
 17 z0037607    (1)    3 :  0.202 0.291 0.197 0.131 0.128 0.051 
 18 z0037609   (23)    3 :  0.215 0.171 0.215 0.194 0.089 0.115 
 19 z0037624   (20)    1 :  0.202 0.080 0.194 0.088 0.114 0.322 
 20 z0038417    (7)    2 :  0.116 0.124 0.110 0.084 0.478 0.087 
 21 z0040275    (8)    2 :  0.128 0.183 0.100 0.132 0.407 0.051 
 22 z0040287    (3)    2 :  0.195 0.224 0.182 0.181 0.124 0.094 
 23 z0040308    (0)    2 :  0.192 0.040 0.297 0.076 0.307 0.088 
 24 z0040333    (1)    2 :  0.340 0.065 0.152 0.144 0.238 0.062 
 25 z0040334    (1)    2 :  0.154 0.085 0.109 0.060 0.539 0.053 
 26 z0040337    (4)    2 :  0.268 0.144 0.228 0.111 0.176 0.074 
 27 z0040345    (1)    2 :  0.182 0.115 0.163 0.067 0.402 0.071 
 28 z0040357    (5)    2 :  0.170 0.109 0.140 0.109 0.338 0.134 
 29 z0040363   (19)    2 :  0.199 0.092 0.180 0.082 0.321 0.126 
 30 z0040364    (0)    2 :  0.121 0.074 0.144 0.074 0.516 0.070 
 31 z0040387    (0)    2 :  0.139 0.139 0.125 0.107 0.368 0.121 
 32 z0040403   (15)    2 :  0.156 0.126 0.139 0.161 0.272 0.147 
 33 z0040439    (0)    2 :  0.083 0.190 0.081 0.082 0.520 0.045 
 34 z0040465   (20)    2 :  0.134 0.063 0.176 0.263 0.280 0.084 
 35 z0040513   (24)    3 :  0.152 0.111 0.257 0.233 0.130 0.117 
 36 z0040961   (11)    2 :  0.252 0.208 0.133 0.105 0.199 0.103 
 37 z0040985   (14)    2 :  0.375 0.099 0.201 0.113 0.125 0.088 
 38 z0041026    (0)    2 :  0.193 0.095 0.125 0.152 0.341 0.093 
 39 z0041051   (30)    2 :  0.169 0.209 0.118 0.079 0.340 0.085 
 40 z0041115    (7)    2 :  0.094 0.076 0.105 0.091 0.395 0.240 
 41 z0041153   (23)    2 :  0.237 0.138 0.190 0.109 0.224 0.103 
 42 z0041233    (3)    2 :  0.205 0.075 0.196 0.140 0.237 0.147 
 43 z0041243    (0)    2 :  0.145 0.116 0.245 0.084 0.318 0.092 
 44 z0041248    (5)    2 :  0.157 0.141 0.110 0.080 0.400 0.112 
 45 z0041250    (1)    2 :  0.176 0.102 0.150 0.092 0.426 0.053 
 46 z0041274    (1)    2 :  0.193 0.182 0.171 0.208 0.166 0.080 
 47 z0041465   (16)    2 :  0.083 0.035 0.094 0.179 0.397 0.212 
 48 z0041472    (2)    2 :  0.172 0.082 0.195 0.086 0.293 0.172 
 49 z0041480    (9)    2 :  0.166 0.069 0.220 0.144 0.268 0.133 
 50 z0041483    (0)    2 :  0.101 0.075 0.084 0.101 0.497 0.142 
 51 z0041494   (12)    2 :  0.385 0.084 0.130 0.109 0.249 0.044 
 52 z0041498    (1)    2 :  0.134 0.120 0.121 0.133 0.377 0.115 
 53 z0041501    (1)    2 :  0.179 0.113 0.185 0.086 0.398 0.038 
 54 z0041507    (6)    2 :  0.226 0.127 0.172 0.090 0.319 0.066 
 55 z0041512    (0)    2 :  0.129 0.127 0.106 0.138 0.448 0.053 
 56 z0041522   (15)    2 :  0.099 0.144 0.127 0.113 0.379 0.137 
 57 z0041526    (0)    3 :  0.100 0.046 0.110 0.109 0.507 0.128 
 58 z0041527   (14)    2 :  0.176 0.069 0.187 0.164 0.281 0.124 
 59 z0043243    (1)    2 :  0.142 0.248 0.146 0.102 0.100 0.261 
 60 z0043278    (0)    2 :  0.117 0.148 0.160 0.094 0.423 0.058 
 61 z0043475   (16)    3 :  0.315 0.091 0.182 0.103 0.192 0.118 
 62 z0043477    (0)    2 :  0.181 0.212 0.162 0.100 0.248 0.097 
 63 z0043478    (2)    2 :  0.092 0.104 0.111 0.055 0.514 0.123 
 64 z0043481    (0)    2 :  0.192 0.085 0.154 0.070 0.393 0.105 
 65 z0043489    (5)    2 :  0.173 0.158 0.124 0.082 0.409 0.054 
 66 z0043491   (12)    2 :  0.158 0.151 0.247 0.131 0.234 0.078 
 67 z0043493    (2)    2 :  0.230 0.122 0.397 0.080 0.105 0.066 
 68 z0043494    (1)    2 :  0.239 0.081 0.161 0.200 0.258 0.062 
 69 z0043498    (1)    2 :  0.176 0.064 0.109 0.128 0.458 0.064 
 70 z0043504    (7)    2 :  0.141 0.171 0.249 0.058 0.234 0.147 
 71 z0043526    (3)    4 :  0.171 0.204 0.286 0.089 0.176 0.074 
 72 z0043566    (2)    2 :  0.250 0.099 0.119 0.064 0.326 0.142 
 73 z0043572    (0)    2 :  0.205 0.086 0.115 0.107 0.400 0.086 
 74 z0043599    (2)    2 :  0.188 0.074 0.212 0.177 0.241 0.108 
 75 z0043642    (0)    2 :  0.177 0.090 0.129 0.220 0.322 0.062 
 76 z0043649    (1)    2 :  0.092 0.093 0.117 0.129 0.481 0.087 
 77 z0043652    (1)    2 :  0.199 0.147 0.218 0.210 0.123 0.104 
 78 z0043668    (0)    2 :  0.266 0.079 0.175 0.071 0.225 0.183 
 79 z0043674    (0)    4 :  0.116 0.116 0.116 0.396 0.050 0.206 
 80 z0043686    (1)    2 :  0.118 0.202 0.113 0.114 0.348 0.105 
 81 z0043693    (1)    2 :  0.242 0.074 0.179 0.180 0.243 0.083 
 82 z0043704   (14)    2 :  0.084 0.096 0.065 0.102 0.582 0.070 
 83 z0043807    (1)    2 :  0.241 0.116 0.150 0.157 0.270 0.067 
 84 z0043819    (0)    2 :  0.242 0.190 0.192 0.139 0.107 0.130 
 85 z0043876    (7)    2 :  0.244 0.052 0.253 0.080 0.141 0.231 
 86 z0043877   (32)    2 :  0.225 0.061 0.204 0.101 0.204 0.205 
 87 z0043891   (21)    4 :  0.150 0.196 0.171 0.140 0.199 0.145 
 88 z0043915   (31)    2 :  0.182 0.260 0.164 0.114 0.180 0.099 
 89 z0043940   (10)    2 :  0.273 0.152 0.215 0.203 0.048 0.109 
 90 z0043954    (1)    2 :  0.161 0.162 0.177 0.171 0.200 0.130 
 91 z0043966    (5)    2 :  0.168 0.090 0.122 0.157 0.393 0.070 
 92 z0043980    (1)    2 :  0.285 0.099 0.131 0.148 0.205 0.132 
 93 z0044017   (11)    2 :  0.132 0.157 0.117 0.131 0.387 0.075 
 94 z0044019   (14)    2 :  0.276 0.068 0.162 0.098 0.234 0.161 
 95 z0044023   (35)    2 :  0.090 0.071 0.076 0.070 0.554 0.139 
 96 z0044033    (0)    2 :  0.102 0.035 0.068 0.071 0.660 0.065 
 97 z0044042    (3)    2 :  0.107 0.095 0.093 0.056 0.519 0.131 
 98 z0044047   (24)    2 :  0.206 0.100 0.169 0.110 0.352 0.063 
 99 z0044064   (13)    2 :  0.244 0.110 0.194 0.116 0.288 0.047 
100 z0044432   (14)    2 :  0.207 0.215 0.203 0.117 0.141 0.116 
101 z0045326    (0)    3 :  0.118 0.057 0.192 0.370 0.131 0.132 
102 z0045331    (5)    1 :  0.127 0.092 0.149 0.398 0.137 0.096 
103 z0045332    (1)    1 :  0.156 0.161 0.140 0.372 0.088 0.082 
104 z0045333    (6)    1 :  0.116 0.117 0.134 0.101 0.066 0.466 
105 z0045337    (4)    1 :  0.062 0.119 0.074 0.084 0.079 0.582 
106 z0045342   (12)    1 :  0.322 0.060 0.167 0.265 0.071 0.115 
107 z0045347    (1)    3 :  0.218 0.247 0.206 0.083 0.078 0.169 
108 z0045350    (0)    1 :  0.296 0.143 0.178 0.181 0.070 0.133 
109 z0045370    (0)    1 :  0.071 0.074 0.110 0.545 0.033 0.166 
110 z0045371    (1)    3 :  0.154 0.170 0.172 0.225 0.126 0.153 
111 z0045398    (1)    3 :  0.145 0.218 0.335 0.112 0.029 0.161 
112 z0045399    (1)    3 :  0.157 0.267 0.238 0.150 0.056 0.132 
113 z0045401   (23)    1 :  0.190 0.095 0.151 0.331 0.090 0.143 
114 z0045404    (0)    3 :  0.117 0.079 0.124 0.526 0.059 0.094 
115 z0045405    (4)    3 :  0.194 0.131 0.295 0.233 0.076 0.072 
116 z0045407    (1)    3 :  0.181 0.307 0.165 0.150 0.108 0.088 
117 z0045719    (0)    2 :  0.298 0.122 0.176 0.111 0.254 0.039 
118 z0045720    (1)    2 :  0.232 0.158 0.259 0.157 0.096 0.098 
119 z0045728    (0)    2 :  0.168 0.080 0.145 0.075 0.370 0.162 
120 z0045731    (0)    2 :  0.218 0.113 0.307 0.143 0.173 0.046 
121 z0045733    (0)    2 :  0.271 0.097 0.211 0.171 0.125 0.125 
122 z0045736    (1)    2 :  0.302 0.089 0.175 0.154 0.174 0.106 
123 z0045739    (1)    2 :  0.237 0.109 0.229 0.215 0.126 0.084 
124 z0045740    (1)    2 :  0.131 0.102 0.133 0.094 0.462 0.079 
125 z0045741    (0)    2 :  0.181 0.135 0.228 0.143 0.272 0.042 
126 z0045742    (0)    2 :  0.095 0.069 0.085 0.235 0.394 0.121 
127 z0045776    (0)    3 :  0.225 0.142 0.188 0.121 0.178 0.147 
128 z0045779    (0)    2 :  0.049 0.050 0.057 0.058 0.607 0.177 
129 z0045781    (0)    2 :  0.146 0.126 0.194 0.102 0.372 0.060 
130 z0045788    (5)    2 :  0.094 0.135 0.060 0.046 0.602 0.062 
131 z0045789    (2)    2 :  0.092 0.153 0.100 0.125 0.466 0.063 
132 z0045791    (4)    2 :  0.161 0.150 0.104 0.134 0.380 0.072 
133 z0045792   (22)    1 :  0.169 0.128 0.235 0.082 0.152 0.234 
134 z0045793    (0)    3 :  0.092 0.049 0.094 0.432 0.178 0.155 
135 z0047562   (14)    2 :  0.255 0.081 0.169 0.136 0.284 0.076 
136 z0047854    (1)    2 :  0.256 0.073 0.145 0.135 0.304 0.086 
137 z0051185    (0)    1 :  0.196 0.088 0.271 0.274 0.046 0.125 
138 z0051324    (0)    1 :  0.147 0.130 0.210 0.166 0.069 0.279 
139 z0051327    (3)    3 :  0.217 0.063 0.294 0.182 0.158 0.086 
140 z0051328    (1)    1 :  0.128 0.131 0.159 0.096 0.122 0.364 
141 z0051380    (0)    1 :  0.051 0.090 0.071 0.055 0.028 0.706 
142 z0051400    (0)    3 :  0.129 0.112 0.117 0.227 0.175 0.240 
143 z0051431   (21)    3 :  0.218 0.072 0.201 0.249 0.196 0.064 
144 z0051840   (33)    2 :  0.153 0.148 0.103 0.218 0.305 0.072 
145 z0051844   (27)    2 :  0.160 0.169 0.168 0.150 0.282 0.072 
146 z0051875   (28)    3 :  0.227 0.081 0.181 0.302 0.082 0.128 
147 z0051885    (7)    3 :  0.093 0.155 0.093 0.207 0.377 0.075 
148 z0051888    (0)    2 :  0.152 0.083 0.136 0.157 0.377 0.095 
149 z0051891    (0)    1 :  0.218 0.142 0.252 0.179 0.097 0.111 
150 z0051893    (2)    1 :  0.143 0.143 0.165 0.161 0.099 0.288 
151 z0051895    (0)    3 :  0.142 0.119 0.211 0.255 0.076 0.198 
152 z0051918    (0)    3 :  0.123 0.337 0.162 0.071 0.240 0.067 
153 z0051929    (1)    1 :  0.152 0.075 0.238 0.140 0.066 0.329 
154 z0051939   (11)    3 :  0.167 0.125 0.168 0.276 0.188 0.075 
155 z0051947    (3)    1 :  0.139 0.088 0.099 0.090 0.087 0.497 
156 z0051959    (1)    3 :  0.099 0.295 0.231 0.081 0.165 0.130 
157 z0052846    (0)    4 :  0.181 0.149 0.157 0.246 0.134 0.132 
158 z0052882    (1)    2 :  0.221 0.108 0.197 0.164 0.210 0.100 
159 z0053020   (20)    2 :  0.257 0.193 0.153 0.099 0.215 0.082 
160 z0053024   (12)    2 :  0.171 0.110 0.320 0.110 0.176 0.112 
161 z0053025    (3)    2 :  0.087 0.081 0.102 0.120 0.563 0.047 
162 z0053031    (0)    2 :  0.153 0.209 0.165 0.186 0.147 0.139 
163 z0053032    (0)    2 :  0.240 0.141 0.172 0.067 0.231 0.149 
164 z0053040    (5)    2 :  0.340 0.103 0.159 0.115 0.184 0.099 
165 z0053051    (0)    3 :  0.162 0.203 0.222 0.295 0.051 0.068 
166 z0053054    (5)    3 :  0.253 0.094 0.241 0.262 0.052 0.099 
167 z0053071    (2)    2 :  0.125 0.063 0.122 0.136 0.495 0.059 
168 z0053073    (1)    2 :  0.257 0.170 0.216 0.094 0.106 0.157 
169 z0053078    (0)    3 :  0.101 0.338 0.094 0.093 0.326 0.048 
170 z0053082    (1)    3 :  0.189 0.076 0.114 0.239 0.307 0.076 
171 z0053083   (12)    2 :  0.171 0.123 0.186 0.123 0.275 0.122 
172 z0053090   (10)    3 :  0.212 0.128 0.203 0.071 0.316 0.070 
173 z0053096    (0)    2 :  0.082 0.229 0.062 0.075 0.514 0.038 
174 z0053100    (6)    2 :  0.369 0.063 0.179 0.073 0.258 0.058 
175 z0053101    (0)    2 :  0.147 0.215 0.119 0.079 0.338 0.101 
176 z0053102    (8)    2 :  0.337 0.071 0.136 0.099 0.312 0.044 
177 z0053103    (0)    2 :  0.091 0.060 0.115 0.087 0.568 0.079 
178 z0053111    (2)    3 :  0.263 0.159 0.227 0.139 0.093 0.118 
179 z0053131    (0)    2 :  0.110 0.094 0.178 0.162 0.326 0.130 
180 z0053132    (0)    2 :  0.165 0.313 0.130 0.114 0.232 0.046 
181 z0053133    (0)    2 :  0.245 0.165 0.182 0.236 0.106 0.067 
182 z0053138    (0)    2 :  0.139 0.085 0.250 0.141 0.227 0.158 
183 z0053142    (2)    2 :  0.106 0.182 0.106 0.112 0.267 0.228 
184 z0053149    (0)    2 :  0.097 0.178 0.091 0.075 0.389 0.170 
185 z0053754    (1)    1 :  0.085 0.318 0.100 0.093 0.154 0.250 
186 z0053756    (1)    1 :  0.108 0.401 0.113 0.100 0.082 0.196 
187 z0053758   (17)    1 :  0.081 0.071 0.070 0.500 0.081 0.197 
188 z0053759    (0)    1 :  0.125 0.176 0.166 0.119 0.064 0.349 
189 z0053842    (1)    1 :  0.184 0.061 0.482 0.119 0.065 0.089 
190 z0053843    (6)    1 :  0.095 0.119 0.111 0.477 0.055 0.143 
191 z0053844    (7)    1 :  0.123 0.125 0.196 0.248 0.102 0.205 
192 z0053846    (2)    1 :  0.093 0.089 0.078 0.512 0.056 0.172 
193 z0053847    (0)    1 :  0.219 0.118 0.073 0.051 0.119 0.420 
194 z0053849    (1)    1 :  0.091 0.218 0.362 0.159 0.063 0.108 
195 z0055903    (1)    4 :  0.260 0.134 0.269 0.121 0.068 0.148 
196 z0055910   (34)    4 :  0.197 0.187 0.213 0.109 0.156 0.139 
197 z0055912    (7)    4 :  0.297 0.225 0.197 0.099 0.112 0.069 
198 z0055916   (15)    4 :  0.171 0.156 0.261 0.115 0.171 0.127 
199 z0055931    (2)    4 :  0.256 0.098 0.105 0.091 0.365 0.084 
200 z0055944    (3)    4 :  0.170 0.096 0.262 0.149 0.137 0.186 
201 z0055947    (9)    4 :  0.166 0.122 0.179 0.310 0.145 0.079 
202 z0055962    (6)    4 :  0.178 0.089 0.228 0.114 0.313 0.078 
203 z0055963   (21)    4 :  0.240 0.130 0.163 0.127 0.256 0.084 
204 z0055965   (25)    4 :  0.188 0.317 0.185 0.108 0.060 0.143 
205 z0055970   (15)    4 :  0.271 0.087 0.212 0.082 0.177 0.172 
206 z0055971    (7)    4 :  0.161 0.144 0.245 0.119 0.182 0.149 
207 z0055977    (6)    4 :  0.165 0.136 0.218 0.173 0.254 0.054 
208 z0055986   (19)    4 :  0.152 0.110 0.176 0.250 0.088 0.224 
209 z0055990    (6)    4 :  0.177 0.106 0.108 0.157 0.375 0.077 
210 z0055996    (2)    4 :  0.230 0.054 0.183 0.220 0.219 0.094 
211 z0055997    (3)    4 :  0.238 0.082 0.169 0.119 0.194 0.199 
212 z0055998    (4)    4 :  0.191 0.236 0.211 0.116 0.108 0.138 
213 z0055999    (2)    4 :  0.140 0.143 0.150 0.238 0.112 0.217 
214 z0056011    (7)    4 :  0.362 0.099 0.276 0.104 0.087 0.072 
215 z0056029    (4)    4 :  0.359 0.070 0.202 0.093 0.156 0.120 
216 z0056034    (0)    4 :  0.265 0.084 0.188 0.129 0.242 0.093 
217 z0056056   (25)    3 :  0.180 0.106 0.198 0.162 0.110 0.244 
218 z0056058    (5)    3 :  0.064 0.036 0.052 0.060 0.034 0.754 
219 z0056059    (8)    3 :  0.395 0.099 0.226 0.121 0.069 0.091 
220 z0056062    (1)    3 :  0.141 0.246 0.165 0.092 0.115 0.241 
221 z0056063    (4)    3 :  0.231 0.110 0.302 0.168 0.072 0.118 
222 z0056064    (0)    3 :  0.174 0.284 0.212 0.127 0.088 0.116 
223 z0056065    (0)    3 :  0.129 0.192 0.141 0.202 0.073 0.263 
224 z0056073    (0)    3 :  0.228 0.091 0.265 0.202 0.060 0.154 
225 z0056076    (4)    3 :  0.259 0.240 0.098 0.069 0.119 0.216 
226 z0056079    (9)    3 :  0.180 0.153 0.307 0.119 0.052 0.190 
227 z0056085    (0)    3 :  0.152 0.182 0.153 0.328 0.100 0.084 
228 z0056092    (1)    3 :  0.140 0.260 0.157 0.244 0.069 0.131 
229 z0056095    (1)    3 :  0.197 0.249 0.124 0.209 0.053 0.168 
230 z0056103    (7)    3 :  0.131 0.152 0.182 0.088 0.043 0.405 
231 z0056374    (7)    1 :  0.083 0.052 0.137 0.092 0.039 0.597 
232 z0056375    (0)    1 :  0.092 0.106 0.137 0.364 0.071 0.230 
233 z0056377    (0)    1 :  0.155 0.112 0.318 0.115 0.108 0.192 
234 z0056378    (0)    1 :  0.164 0.086 0.109 0.093 0.092 0.455 
235 z0056382    (0)    1 :  0.104 0.133 0.084 0.549 0.047 0.082 
236 z0056384    (3)    1 :  0.130 0.276 0.143 0.088 0.102 0.261 
237 z0056386    (7)    1 :  0.077 0.134 0.093 0.426 0.064 0.206 
238 z0056389    (0)    1 :  0.081 0.052 0.055 0.667 0.042 0.104 
239 z0056391    (1)    1 :  0.054 0.034 0.059 0.405 0.029 0.418 
240 z0056392   (11)    1 :  0.099 0.086 0.082 0.182 0.061 0.489 
241 z0056393    (8)    1 :  0.149 0.073 0.205 0.261 0.086 0.226 
242 z0056394    (0)    1 :  0.122 0.067 0.297 0.210 0.066 0.238 
243 z0056395    (1)    1 :  0.139 0.190 0.133 0.071 0.125 0.342 
244 z0056397    (0)    1 :  0.132 0.230 0.185 0.083 0.195 0.176 
245 z0061527    (2)    3 :  0.173 0.090 0.163 0.093 0.406 0.075 
246 z0061967    (1)    3 :  0.232 0.123 0.282 0.153 0.092 0.118 
247 z0061969    (0)    3 :  0.151 0.053 0.153 0.244 0.284 0.116 
248 z0061980    (1)    1 :  0.101 0.206 0.136 0.183 0.124 0.250 
249 z0066166    (3)    3 :  0.102 0.076 0.170 0.210 0.214 0.228 
250 z0066792    (2)    1 :  0.082 0.587 0.079 0.082 0.106 0.064 
251 z0066805    (1)    1 :  0.083 0.611 0.076 0.069 0.075 0.087 
252 z0068471    (2)    3 :  0.131 0.185 0.105 0.069 0.096 0.413 
253 z0075696    (6)    5 :  0.071 0.670 0.082 0.090 0.050 0.036 
254 z0101084    (7)    1 :  0.138 0.069 0.098 0.122 0.072 0.501 
255 z0107099    (2)    3 :  0.103 0.087 0.195 0.251 0.034 0.330 
256 z0107101    (0)    1 :  0.041 0.033 0.049 0.200 0.061 0.616 
257 z0108489    (0)    1 :  0.159 0.222 0.197 0.088 0.119 0.215 
258 z0108513    (0)    1 :  0.060 0.078 0.088 0.316 0.131 0.327 
259 z0108528    (0)    3 :  0.185 0.071 0.174 0.194 0.179 0.197 
260 z0113628    (1)    3 :  0.258 0.221 0.200 0.132 0.120 0.069 
261 z0133302   (16)    1 :  0.270 0.120 0.201 0.106 0.082 0.221 
262 z0173485    (1)    1 :  0.343 0.063 0.270 0.106 0.154 0.064 
263 z0175371    (1)    3 :  0.187 0.281 0.129 0.121 0.182 0.100 
264 z0175378    (0)    2 :  0.223 0.037 0.158 0.147 0.390 0.046 
265 z0175912    (0)    1 :  0.093 0.093 0.161 0.061 0.095 0.497 
266 z0175916    (1)    1 :  0.201 0.142 0.160 0.095 0.225 0.177 
267 z0175937    (1)    1 :  0.098 0.163 0.145 0.337 0.065 0.191 
268 z0178348   (12)    1 :  0.120 0.090 0.166 0.076 0.089 0.459 
269 z0187819    (7)    3 :  0.139 0.091 0.145 0.180 0.099 0.348 
270 z0187857    (1)    1 :  0.094 0.045 0.122 0.170 0.112 0.456 
271 z0187860    (0)    1 :  0.273 0.082 0.188 0.152 0.113 0.193 
272 z0187885    (0)    2 :  0.169 0.279 0.101 0.126 0.272 0.053 
273 z0187906    (9)    1 :  0.199 0.242 0.237 0.119 0.102 0.102 
274 z0195655    (0)    2 :  0.089 0.078 0.103 0.077 0.575 0.078 
275 z0195663    (0)    3 :  0.174 0.193 0.168 0.116 0.296 0.053 
276 z0195683    (1)    3 :  0.214 0.071 0.217 0.284 0.057 0.157 
277 z0195688    (0)    2 :  0.188 0.190 0.159 0.180 0.188 0.094 
278 z0195691    (0)    3 :  0.344 0.150 0.200 0.154 0.085 0.067 
279 z0195699    (0)    3 :  0.184 0.077 0.254 0.293 0.102 0.089 
280 z0195701    (7)    3 :  0.128 0.164 0.183 0.222 0.074 0.229 
281 z0195702    (0)    3 :  0.270 0.162 0.209 0.107 0.142 0.110 
282 z0195704    (0)    3 :  0.079 0.114 0.097 0.064 0.205 0.441 
283 z0195705    (0)    3 :  0.212 0.083 0.193 0.079 0.371 0.063 
284 z0195711    (0)    3 :  0.179 0.271 0.250 0.127 0.073 0.100 
285 z0195716    (0)    3 :  0.198 0.280 0.163 0.133 0.081 0.146 
286 z0195718   (12)    3 :  0.159 0.180 0.127 0.234 0.045 0.255 
287 z0195725    (5)    3 :  0.130 0.064 0.189 0.066 0.246 0.306 
288 z0195726   (16)    1 :  0.231 0.088 0.478 0.093 0.041 0.068 
289 z0195728   (14)    3 :  0.102 0.073 0.079 0.591 0.032 0.123 
290 z0195732   (16)    3 :  0.148 0.130 0.307 0.233 0.035 0.147 
291 z0195737    (0)    3 :  0.219 0.134 0.129 0.158 0.245 0.114 
292 z0195740   (26)    3 :  0.216 0.203 0.266 0.112 0.106 0.097 
293 z0195751    (1)    3 :  0.115 0.093 0.150 0.470 0.046 0.126 
294 z0195762    (1)    3 :  0.080 0.440 0.164 0.154 0.058 0.105 
295 z0195784    (0)    3 :  0.182 0.162 0.214 0.207 0.048 0.188 
296 z0196686    (0)    5 :  0.042 0.774 0.046 0.032 0.034 0.072 
297 z0196687    (0)    5 :  0.076 0.626 0.077 0.057 0.101 0.064 
298 z0196689    (0)    5 :  0.096 0.609 0.098 0.051 0.105 0.041 
299 z0196690    (2)    5 :  0.068 0.575 0.064 0.088 0.048 0.157 
300 z0196691    (7)    5 :  0.091 0.632 0.112 0.063 0.032 0.070 
301 z0196692    (1)    5 :  0.073 0.522 0.127 0.088 0.076 0.114 
302 z0196693    (1)    5 :  0.054 0.605 0.069 0.110 0.070 0.092 
303 z0196694    (1)    5 :  0.102 0.553 0.140 0.063 0.052 0.090 
304 z0196710    (0)    3 :  0.144 0.315 0.156 0.097 0.117 0.171 
305 z0196715   (22)    3 :  0.163 0.063 0.244 0.241 0.052 0.237 
306 z0196719    (0)    3 :  0.152 0.097 0.228 0.299 0.108 0.115 
307 z0196724   (20)    3 :  0.214 0.073 0.259 0.258 0.086 0.110 
308 z0196725    (0)    3 :  0.134 0.126 0.114 0.109 0.078 0.439 
309 z0196729    (1)    3 :  0.197 0.138 0.156 0.204 0.077 0.229 
310 z0196730    (3)    1 :  0.058 0.068 0.048 0.039 0.096 0.691 
311 z0196731    (0)    3 :  0.234 0.101 0.227 0.182 0.054 0.203 
312 z0196733   (13)    1 :  0.145 0.113 0.354 0.171 0.072 0.146 
313 z0196734    (1)    3 :  0.206 0.078 0.359 0.193 0.096 0.067 
314 z0196739   (17)    3 :  0.224 0.072 0.208 0.137 0.174 0.185 
315 z0196740   (11)    3 :  0.073 0.350 0.136 0.248 0.069 0.124 
316 z0196746    (1)    1 :  0.149 0.125 0.107 0.137 0.048 0.435 
317 z0196751    (0)    3 :  0.188 0.154 0.206 0.197 0.090 0.165 
318 z0196752    (0)    3 :  0.110 0.523 0.102 0.083 0.045 0.136 
319 z0196754    (0)    3 :  0.162 0.070 0.127 0.414 0.111 0.117 
320 z0196758    (1)    1 :  0.093 0.209 0.114 0.162 0.124 0.297 
321 z0196763    (1)    3 :  0.205 0.122 0.291 0.218 0.091 0.074 
322 z0196764    (0)    3 :  0.141 0.143 0.256 0.275 0.067 0.118 
323 z0196766    (0)    3 :  0.174 0.201 0.122 0.182 0.054 0.268 
324 z0196769    (1)    3 :  0.138 0.177 0.173 0.266 0.043 0.203 
325 z0196774    (0)    3 :  0.088 0.349 0.101 0.143 0.047 0.271 
326 z0196783    (0)    1 :  0.071 0.066 0.083 0.253 0.041 0.486 
327 z0196794    (2)    1 :  0.072 0.161 0.079 0.360 0.043 0.285 
328 z0196804   (14)    1 :  0.198 0.109 0.194 0.240 0.053 0.206 
329 z0196809    (0)    3 :  0.103 0.168 0.267 0.300 0.054 0.108 
330 z0196810    (1)    1 :  0.158 0.271 0.152 0.085 0.079 0.254 
331 z0196811    (0)    1 :  0.083 0.161 0.357 0.210 0.049 0.140 
332 z0196824    (0)    3 :  0.279 0.151 0.151 0.110 0.166 0.143 
333 z0196825    (0)    3 :  0.221 0.071 0.255 0.168 0.094 0.190 
334 z0196828    (1)    2 :  0.177 0.088 0.363 0.117 0.110 0.143 
335 z0196829    (0)    3 :  0.235 0.080 0.285 0.114 0.088 0.199 
336 z0196834   (26)    3 :  0.164 0.100 0.152 0.245 0.173 0.165 
337 z0196835    (0)    3 :  0.136 0.044 0.143 0.264 0.060 0.354 
338 z0196841   (20)    3 :  0.202 0.241 0.152 0.161 0.082 0.161 
339 z0196843   (25)    3 :  0.150 0.074 0.194 0.081 0.083 0.418 
340 z0196849    (0)    3 :  0.181 0.089 0.174 0.387 0.065 0.103 
341 z0196852    (0)    2 :  0.273 0.120 0.259 0.133 0.142 0.072 
342 z0196855    (0)    2 :  0.174 0.203 0.172 0.099 0.217 0.134 
343 z0196856    (0)    3 :  0.217 0.189 0.255 0.085 0.192 0.060 
344 z0196864    (1)    3 :  0.231 0.117 0.289 0.096 0.203 0.065 
345 z0196894    (0)    3 :  0.083 0.285 0.201 0.194 0.069 0.169 
346 z0197662    (2)    1 :  0.266 0.093 0.225 0.075 0.193 0.150 
347 z0197665    (2)    1 :  0.052 0.114 0.059 0.119 0.044 0.612 
348 z0197668   (20)    3 :  0.099 0.429 0.158 0.161 0.088 0.066 
349 z0197669    (0)    3 :  0.252 0.150 0.115 0.165 0.264 0.052 
350 z0197672    (1)    3 :  0.149 0.149 0.247 0.293 0.077 0.086 


Estimated Allele Frequencies in each cluster
First column gives estimated ancestral frequencies


Locus 1 : Mnov_gtseq_1 
2 alleles
0.0% missing data
   0   (0.436) 0.442 0.491 0.507 0.382 0.220 0.379 
   1   (0.564) 0.558 0.509 0.493 0.618 0.780 0.621 

Locus 2 : Mnov_gtseq_10 
2 alleles
0.3% missing data
   0   (0.821) 0.851 0.924 0.830 0.696 0.968 0.669 
   1   (0.179) 0.149 0.076 0.170 0.304 0.032 0.331 

Locus 3 : Mnov_gtseq_102 
2 alleles
0.9% missing data
   0   (0.544) 0.474 0.568 0.551 0.590 0.841 0.396 
   1   (0.456) 0.526 0.432 0.449 0.410 0.159 0.604 

Locus 4 : Mnov_gtseq_104 
2 alleles
0.3% missing data
   0   (0.873) 0.913 0.965 0.904 0.768 0.956 0.670 
   1   (0.127) 0.087 0.035 0.096 0.232 0.044 0.330 

Locus 5 : Mnov_gtseq_106 
2 alleles
14.9% missing data
   1   (0.766) 0.805 0.674 0.805 0.828 0.787 0.754 
   0   (0.234) 0.195 0.326 0.195 0.172 0.213 0.246 

Locus 6 : Mnov_gtseq_107 
2 alleles
37.4% missing data
   1   (0.228) 0.304 0.089 0.217 0.117 0.505 0.190 
   0   (0.772) 0.696 0.911 0.783 0.883 0.495 0.810 

Locus 7 : Mnov_gtseq_112 
2 alleles
0.9% missing data
   0   (0.622) 0.662 0.322 0.660 0.730 0.722 0.595 
   1   (0.378) 0.338 0.678 0.340 0.270 0.278 0.405 

Locus 8 : Mnov_gtseq_113 
2 alleles
2.0% missing data
   1   (0.728) 0.703 0.663 0.778 0.819 0.583 0.787 
   0   (0.272) 0.297 0.337 0.222 0.181 0.417 0.213 

Locus 9 : Mnov_gtseq_114 
3 alleles
4.3% missing data
   0   (0.539) 0.575 0.376 0.622 0.618 0.199 0.586 
   1   (0.429) 0.412 0.618 0.353 0.371 0.761 0.409 
   2   (0.032) 0.013 0.006 0.025 0.011 0.040 0.005 

Locus 10 : Mnov_gtseq_117 
2 alleles
26.9% missing data
   0   (0.639) 0.663 0.667 0.644 0.538 0.889 0.506 
   1   (0.361) 0.337 0.333 0.356 0.462 0.111 0.494 

Locus 11 : Mnov_gtseq_12 
2 alleles
0.3% missing data
   0   (0.435) 0.324 0.740 0.369 0.706 0.258 0.264 
   1   (0.565) 0.676 0.260 0.631 0.294 0.742 0.736 

Locus 12 : Mnov_gtseq_124 
4 alleles
5.1% missing data
   3   (0.718) 0.751 0.839 0.721 0.776 0.902 0.587 
   2   (0.226) 0.222 0.142 0.240 0.179 0.080 0.406 
   1   (0.030) 0.016 0.008 0.016 0.035 0.016 0.003 
   0   (0.026) 0.011 0.011 0.022 0.010 0.003 0.004 

Locus 13 : Mnov_gtseq_125 
3 alleles
1.7% missing data
   1   (0.223) 0.185 0.221 0.168 0.269 0.458 0.072 
   2   (0.673) 0.663 0.740 0.743 0.695 0.141 0.910 
   0   (0.104) 0.152 0.038 0.090 0.036 0.401 0.018 

Locus 14 : Mnov_gtseq_126 
2 alleles
0.0% missing data
   0   (0.356) 0.352 0.633 0.425 0.160 0.275 0.203 
   1   (0.644) 0.648 0.367 0.575 0.840 0.725 0.797 

Locus 15 : Mnov_gtseq_127 
2 alleles
6.9% missing data
   0   (0.625) 0.637 0.663 0.608 0.741 0.365 0.631 
   1   (0.375) 0.363 0.337 0.392 0.259 0.635 0.369 

Locus 16 : Mnov_gtseq_128 
2 alleles
30.9% missing data
   0   (0.678) 0.628 0.641 0.707 0.739 0.661 0.846 
   1   (0.322) 0.372 0.359 0.293 0.261 0.339 0.154 

Locus 17 : Mnov_gtseq_129 
3 alleles
2.0% missing data
   0   (0.540) 0.658 0.241 0.631 0.459 0.580 0.492 
   1   (0.311) 0.247 0.208 0.271 0.431 0.338 0.355 
   2   (0.149) 0.094 0.551 0.098 0.109 0.082 0.154 

Locus 18 : Mnov_gtseq_13 
3 alleles
0.0% missing data
   1   (0.420) 0.403 0.153 0.521 0.558 0.366 0.496 
   2   (0.170) 0.217 0.367 0.148 0.070 0.092 0.086 
   0   (0.410) 0.380 0.480 0.331 0.372 0.542 0.418 

Locus 19 : Mnov_gtseq_130 
2 alleles
28.6% missing data
   1   (0.497) 0.480 0.624 0.499 0.471 0.512 0.453 
   0   (0.503) 0.520 0.376 0.501 0.529 0.488 0.547 

Locus 20 : Mnov_gtseq_135 
2 alleles
0.6% missing data
   0   (0.482) 0.503 0.376 0.507 0.500 0.533 0.327 
   1   (0.518) 0.497 0.624 0.493 0.500 0.467 0.673 

Locus 21 : Mnov_gtseq_138 
3 alleles
0.6% missing data
   0   (0.260) 0.320 0.137 0.212 0.233 0.254 0.374 
   1   (0.505) 0.466 0.648 0.474 0.549 0.685 0.446 
   2   (0.235) 0.214 0.216 0.314 0.218 0.061 0.180 

Locus 22 : Mnov_gtseq_140 
2 alleles
1.1% missing data
   0   (0.481) 0.552 0.237 0.524 0.605 0.599 0.188 
   1   (0.519) 0.448 0.763 0.476 0.395 0.401 0.812 

Locus 23 : Mnov_gtseq_141 
2 alleles
0.3% missing data
   0   (0.546) 0.500 0.454 0.546 0.490 0.548 0.822 
   1   (0.454) 0.500 0.546 0.454 0.510 0.452 0.178 

Locus 24 : Mnov_gtseq_143 
2 alleles
2.6% missing data
   1   (0.542) 0.482 0.355 0.570 0.611 0.530 0.740 
   0   (0.458) 0.518 0.645 0.430 0.389 0.470 0.260 

Locus 25 : Mnov_gtseq_145 
2 alleles
2.0% missing data
   0   (0.448) 0.455 0.339 0.353 0.480 0.521 0.645 
   1   (0.552) 0.545 0.661 0.647 0.520 0.479 0.355 

Locus 26 : Mnov_gtseq_147 
3 alleles
25.4% missing data
   0   (0.770) 0.758 0.790 0.838 0.835 0.427 0.876 
   2   (0.143) 0.165 0.131 0.104 0.131 0.053 0.107 
   1   (0.087) 0.077 0.079 0.058 0.034 0.520 0.018 

Locus 27 : Mnov_gtseq_148 
3 alleles
9.1% missing data
   0   (0.303) 0.293 0.510 0.364 0.254 0.092 0.159 
   1   (0.449) 0.537 0.359 0.424 0.308 0.622 0.518 
   2   (0.248) 0.170 0.130 0.212 0.438 0.285 0.323 

Locus 28 : Mnov_gtseq_149 
2 alleles
0.3% missing data
   0   (0.610) 0.592 0.563 0.687 0.544 0.543 0.679 
   1   (0.390) 0.408 0.437 0.313 0.456 0.457 0.321 

Locus 29 : Mnov_gtseq_15 
2 alleles
0.0% missing data
   0   (0.480) 0.509 0.488 0.404 0.701 0.379 0.322 
   1   (0.520) 0.491 0.512 0.596 0.299 0.621 0.678 

Locus 30 : Mnov_gtseq_152 
2 alleles
0.9% missing data
   0   (0.350) 0.452 0.245 0.294 0.327 0.392 0.257 
   1   (0.650) 0.548 0.755 0.706 0.673 0.608 0.743 

Locus 31 : Mnov_gtseq_154 
3 alleles
3.4% missing data
   0   (0.335) 0.319 0.353 0.350 0.356 0.116 0.543 
   2   (0.222) 0.189 0.256 0.213 0.184 0.300 0.122 
   1   (0.443) 0.492 0.390 0.437 0.459 0.584 0.335 

Locus 32 : Mnov_gtseq_157 
2 alleles
0.6% missing data
   1   (0.558) 0.551 0.477 0.591 0.572 0.692 0.485 
   0   (0.442) 0.449 0.523 0.409 0.428 0.308 0.515 

Locus 33 : Mnov_gtseq_158 
2 alleles
0.6% missing data
   0   (0.392) 0.358 0.377 0.347 0.550 0.054 0.746 
   1   (0.608) 0.642 0.623 0.653 0.450 0.946 0.254 

Locus 34 : Mnov_gtseq_159 
3 alleles
24.0% missing data
   0   (0.595) 0.536 0.576 0.684 0.709 0.344 0.682 
   1   (0.194) 0.209 0.171 0.134 0.095 0.478 0.240 
   2   (0.210) 0.254 0.253 0.182 0.196 0.178 0.078 

Locus 35 : Mnov_gtseq_16 
2 alleles
0.0% missing data
   0   (0.634) 0.647 0.706 0.606 0.784 0.551 0.532 
   1   (0.366) 0.353 0.294 0.394 0.216 0.449 0.468 

Locus 36 : Mnov_gtseq_160 
2 alleles
2.3% missing data
   0   (0.493) 0.455 0.439 0.554 0.497 0.369 0.579 
   1   (0.507) 0.545 0.561 0.446 0.503 0.631 0.421 

Locus 37 : Mnov_gtseq_161 
2 alleles
1.7% missing data
   1   (0.754) 0.782 0.727 0.746 0.796 0.856 0.754 
   0   (0.246) 0.218 0.273 0.254 0.204 0.144 0.246 

Locus 38 : Mnov_gtseq_167 
3 alleles
1.1% missing data
   2   (0.733) 0.726 0.883 0.744 0.842 0.834 0.510 
   0   (0.187) 0.191 0.097 0.152 0.109 0.115 0.477 
   1   (0.080) 0.082 0.020 0.104 0.049 0.051 0.013 

Locus 39 : Mnov_gtseq_17 
2 alleles
0.3% missing data
   0   (0.527) 0.586 0.600 0.475 0.532 0.406 0.531 
   1   (0.473) 0.414 0.400 0.525 0.468 0.594 0.469 

Locus 40 : Mnov_gtseq_170 
2 alleles
0.0% missing data
   0   (0.333) 0.421 0.280 0.352 0.314 0.159 0.192 
   1   (0.667) 0.579 0.720 0.648 0.686 0.841 0.808 

Locus 41 : Mnov_gtseq_171 
3 alleles
41.4% missing data
   2   (0.590) 0.556 0.718 0.627 0.555 0.643 0.601 
   0   (0.320) 0.365 0.207 0.302 0.414 0.227 0.306 
   1   (0.090) 0.080 0.074 0.071 0.031 0.130 0.093 

Locus 42 : Mnov_gtseq_173 
4 alleles
21.4% missing data
   3   (0.430) 0.451 0.689 0.462 0.271 0.609 0.163 
   1   (0.497) 0.511 0.266 0.495 0.705 0.193 0.826 
   2   (0.057) 0.034 0.043 0.036 0.020 0.197 0.010 
   0   (0.016) 0.005 0.002 0.007 0.004 0.001 0.001 

Locus 43 : Mnov_gtseq_174 
2 alleles
2.6% missing data
   0   (0.240) 0.188 0.283 0.178 0.131 0.590 0.411 
   1   (0.760) 0.812 0.717 0.822 0.869 0.410 0.589 

Locus 44 : Mnov_gtseq_180 
3 alleles
14.3% missing data
   1   (0.639) 0.655 0.279 0.690 0.730 0.943 0.583 
   2   (0.271) 0.271 0.668 0.235 0.181 0.048 0.315 
   0   (0.091) 0.074 0.053 0.075 0.089 0.009 0.101 

Locus 45 : Mnov_gtseq_182 
2 alleles
8.6% missing data
   0   (0.842) 0.893 0.947 0.897 0.694 0.819 0.710 
   1   (0.158) 0.107 0.053 0.103 0.306 0.181 0.290 

Locus 46 : Mnov_gtseq_186 
3 alleles
28.0% missing data
   1   (0.475) 0.476 0.474 0.446 0.541 0.480 0.481 
   2   (0.090) 0.099 0.092 0.082 0.048 0.013 0.076 
   0   (0.436) 0.425 0.433 0.472 0.412 0.507 0.443 

Locus 47 : Mnov_gtseq_187 
2 alleles
7.1% missing data
   1   (0.572) 0.530 0.589 0.546 0.698 0.802 0.416 
   0   (0.428) 0.470 0.411 0.454 0.302 0.198 0.584 

Locus 48 : Mnov_gtseq_188 
2 alleles
13.4% missing data
   0   (0.537) 0.522 0.830 0.426 0.492 0.710 0.441 
   1   (0.463) 0.478 0.170 0.574 0.508 0.290 0.559 

Locus 49 : Mnov_gtseq_189 
2 alleles
3.7% missing data
   0   (0.458) 0.530 0.177 0.472 0.452 0.447 0.639 
   1   (0.542) 0.470 0.823 0.528 0.548 0.553 0.361 

Locus 50 : Mnov_gtseq_19 
3 alleles
0.0% missing data
   1   (0.864) 0.879 0.803 0.911 0.940 0.701 0.874 
   2   (0.088) 0.102 0.027 0.066 0.049 0.027 0.117 
   0   (0.049) 0.020 0.169 0.023 0.011 0.271 0.009 

Locus 51 : Mnov_gtseq_190 
2 alleles
0.0% missing data
   1   (0.455) 0.513 0.356 0.536 0.387 0.268 0.360 
   0   (0.545) 0.487 0.644 0.464 0.613 0.732 0.640 

Locus 52 : Mnov_gtseq_192 
2 alleles
20.9% missing data
   0   (0.820) 0.881 0.894 0.798 0.722 0.813 0.889 
   1   (0.180) 0.119 0.106 0.202 0.278 0.187 0.111 

Locus 53 : Mnov_gtseq_193 
2 alleles
0.0% missing data
   0   (0.721) 0.751 0.542 0.762 0.827 0.785 0.670 
   1   (0.279) 0.249 0.458 0.238 0.173 0.215 0.330 

Locus 54 : Mnov_gtseq_195 
3 alleles
0.0% missing data
   1   (0.548) 0.598 0.745 0.526 0.526 0.521 0.387 
   2   (0.426) 0.379 0.243 0.455 0.468 0.477 0.608 
   0   (0.026) 0.023 0.012 0.018 0.006 0.002 0.005 

Locus 55 : Mnov_gtseq_196 
2 alleles
0.3% missing data
   0   (0.291) 0.170 0.546 0.296 0.362 0.101 0.414 
   1   (0.709) 0.830 0.454 0.704 0.638 0.899 0.586 

Locus 56 : Mnov_gtseq_197 
3 alleles
0.3% missing data
   1   (0.363) 0.289 0.397 0.349 0.350 0.302 0.549 
   0   (0.458) 0.479 0.205 0.487 0.558 0.643 0.376 
   2   (0.178) 0.232 0.398 0.164 0.092 0.055 0.075 

Locus 57 : Mnov_gtseq_2 
3 alleles
0.3% missing data
   0   (0.209) 0.270 0.104 0.318 0.103 0.218 0.059 
   2   (0.754) 0.712 0.745 0.657 0.885 0.778 0.936 
   1   (0.037) 0.018 0.151 0.024 0.011 0.004 0.005 

Locus 58 : Mnov_gtseq_200 
2 alleles
2.3% missing data
   0   (0.424) 0.495 0.248 0.395 0.342 0.732 0.363 
   1   (0.576) 0.505 0.752 0.605 0.658 0.268 0.637 

Locus 59 : Mnov_gtseq_201 
4 alleles
0.0% missing data
   0   (0.594) 0.663 0.799 0.637 0.469 0.586 0.386 
   2   (0.152) 0.133 0.048 0.142 0.190 0.252 0.091 
   3   (0.159) 0.148 0.081 0.145 0.281 0.145 0.041 
   1   (0.096) 0.056 0.072 0.076 0.059 0.017 0.482 

Locus 60 : Mnov_gtseq_202 
2 alleles
0.0% missing data
   0   (0.431) 0.394 0.256 0.465 0.458 0.583 0.445 
   1   (0.569) 0.606 0.744 0.535 0.542 0.417 0.555 

Locus 61 : Mnov_gtseq_204 
2 alleles
3.4% missing data
   0   (0.406) 0.322 0.496 0.304 0.415 0.658 0.580 
   1   (0.594) 0.678 0.504 0.696 0.585 0.342 0.420 

Locus 62 : Mnov_gtseq_205 
5 alleles
0.0% missing data
   0   (0.197) 0.150 0.197 0.164 0.452 0.241 0.081 
   4   (0.045) 0.038 0.010 0.035 0.012 0.161 0.006 
   3   (0.672) 0.757 0.737 0.746 0.508 0.526 0.883 
   1   (0.067) 0.049 0.053 0.045 0.023 0.071 0.024 
   2   (0.020) 0.006 0.003 0.011 0.004 0.001 0.007 

Locus 63 : Mnov_gtseq_208 
2 alleles
0.0% missing data
   0   (0.654) 0.684 0.586 0.696 0.628 0.281 0.849 
   1   (0.346) 0.316 0.414 0.304 0.372 0.719 0.151 

Locus 64 : Mnov_gtseq_209 
3 alleles
0.0% missing data
   0   (0.485) 0.591 0.252 0.480 0.615 0.553 0.273 
   2   (0.471) 0.380 0.728 0.494 0.376 0.267 0.720 
   1   (0.045) 0.029 0.020 0.027 0.009 0.180 0.007 

Locus 65 : Mnov_gtseq_21 
2 alleles
0.0% missing data
   1   (0.503) 0.427 0.627 0.498 0.491 0.304 0.777 
   0   (0.497) 0.573 0.373 0.502 0.509 0.696 0.223 

Locus 66 : Mnov_gtseq_210 
2 alleles
4.6% missing data
   0   (0.351) 0.237 0.302 0.294 0.645 0.225 0.522 
   1   (0.649) 0.763 0.698 0.706 0.355 0.775 0.478 

Locus 67 : Mnov_gtseq_211 
2 alleles
1.1% missing data
   0   (0.422) 0.425 0.354 0.464 0.418 0.225 0.501 
   1   (0.578) 0.575 0.646 0.536 0.582 0.775 0.499 

Locus 68 : Mnov_gtseq_213 
2 alleles
5.4% missing data
   0   (0.504) 0.461 0.433 0.532 0.590 0.347 0.612 
   1   (0.496) 0.539 0.567 0.468 0.410 0.653 0.388 

Locus 69 : Mnov_gtseq_214 
2 alleles
5.1% missing data
   0   (0.560) 0.630 0.297 0.635 0.443 0.812 0.527 
   1   (0.440) 0.370 0.703 0.365 0.557 0.188 0.473 

Locus 70 : Mnov_gtseq_215 
2 alleles
0.0% missing data
   0   (0.478) 0.648 0.308 0.424 0.399 0.544 0.411 
   1   (0.522) 0.352 0.692 0.576 0.601 0.456 0.589 

Locus 71 : Mnov_gtseq_216 
3 alleles
0.0% missing data
   2   (0.535) 0.628 0.612 0.506 0.438 0.703 0.386 
   1   (0.441) 0.363 0.350 0.482 0.558 0.292 0.611 
   0   (0.024) 0.008 0.038 0.012 0.004 0.005 0.003 

Locus 72 : Mnov_gtseq_217 
2 alleles
23.7% missing data
   0   (0.324) 0.347 0.223 0.327 0.506 0.139 0.179 
   1   (0.676) 0.653 0.777 0.673 0.494 0.861 0.821 

Locus 73 : Mnov_gtseq_218 
2 alleles
0.6% missing data
   0   (0.607) 0.634 0.773 0.620 0.365 0.857 0.491 
   1   (0.393) 0.366 0.227 0.380 0.635 0.143 0.509 

Locus 74 : Mnov_gtseq_22 
4 alleles
3.4% missing data
   2   (0.512) 0.582 0.400 0.518 0.408 0.811 0.595 
   0   (0.229) 0.206 0.198 0.249 0.338 0.118 0.125 
   1   (0.203) 0.182 0.268 0.201 0.174 0.065 0.259 
   3   (0.056) 0.031 0.135 0.032 0.080 0.006 0.020 

Locus 75 : Mnov_gtseq_220 
3 alleles
0.0% missing data
   0   (0.501) 0.462 0.598 0.510 0.411 0.714 0.559 
   1   (0.452) 0.501 0.291 0.461 0.577 0.269 0.428 
   2   (0.047) 0.037 0.111 0.029 0.012 0.017 0.013 

Locus 76 : Mnov_gtseq_223 
2 alleles
2.6% missing data
   0   (0.626) 0.589 0.647 0.514 0.789 0.640 0.777 
   1   (0.374) 0.411 0.353 0.486 0.211 0.360 0.223 

Locus 77 : Mnov_gtseq_224 
3 alleles
0.6% missing data
   0   (0.239) 0.250 0.279 0.216 0.124 0.271 0.253 
   1   (0.708) 0.688 0.697 0.747 0.850 0.723 0.712 
   2   (0.052) 0.063 0.024 0.037 0.026 0.006 0.035 

Locus 78 : Mnov_gtseq_225 
2 alleles
0.0% missing data
   0   (0.517) 0.469 0.262 0.570 0.614 0.508 0.667 
   1   (0.483) 0.531 0.738 0.430 0.386 0.492 0.333 

Locus 79 : Mnov_gtseq_227 
2 alleles
0.3% missing data
   0   (0.512) 0.498 0.674 0.495 0.360 0.710 0.510 
   1   (0.488) 0.502 0.326 0.505 0.640 0.290 0.490 

Locus 80 : Mnov_gtseq_229 
2 alleles
0.9% missing data
   1   (0.520) 0.448 0.593 0.510 0.384 0.675 0.739 
   0   (0.480) 0.552 0.407 0.490 0.616 0.325 0.261 

Locus 81 : Mnov_gtseq_232 
2 alleles
0.0% missing data
   0   (0.485) 0.480 0.313 0.482 0.412 0.778 0.518 
