

----------------------------------------------------
STRUCTURE by Pritchard, Stephens and Donnelly (2000)
     and Falush, Stephens and Pritchard (2003)
       Code by Pritchard, Falush and Hubisz
             Version 2.3.4 (Jul 2012)
----------------------------------------------------



Command line arguments:   structure -m wint.area.structureRun/wint.area.structureRun.k7.r5_mainparams -e wint.area.structureRun/wint.area.structureRun.k7.r5_extraparams -i wint.area.structureRun/wint.area.structureRun.k7.r5_data -o wint.area.structureRun/wint.area.structureRun.k7.r5_out 
Input File:    wint.area.structureRun/wint.area.structureRun.k7.r5_data

Run parameters:
   357 individuals
   328 loci
   7 populations assumed
   1000 Burn-in period
   10000 Reps


--------------------------------------------
Proportion of membership of each pre-defined
 population in each of the 7 clusters

Given    Inferred Clusters                                   Number of
 Pop       1      2      3      4      5      6      7      Individuals

  1:     0.108  0.188  0.219  0.179  0.078  0.105  0.124       80
  2:     0.157  0.106  0.090  0.100  0.249  0.176  0.121      126
  3:     0.145  0.176  0.141  0.173  0.106  0.131  0.128      115
  4:     0.174  0.138  0.108  0.133  0.152  0.169  0.125       27
  5:     0.093  0.072  0.081  0.068  0.060  0.093  0.532        9
--------------------------------------------

Allele-freq. divergence among pops (Net nucleotide distance),
computed using point estimates of P.

      1       2       3       4       5       6       7      
 1      -    0.0339  0.0481  0.0342  0.0451  0.0172  0.0309  
 2   0.0339     -    0.0433  0.0317  0.0626  0.0281  0.0395  
 3   0.0481  0.0433     -    0.0399  0.0734  0.0409  0.0512  
 4   0.0342  0.0317  0.0399     -    0.0633  0.0293  0.0416  
 5   0.0451  0.0626  0.0734  0.0633     -    0.0323  0.0598  
 6   0.0172  0.0281  0.0409  0.0293  0.0323     -    0.0275  
 7   0.0309  0.0395  0.0512  0.0416  0.0598  0.0275     -    

Average distances (expected heterozygosity) between individuals in same cluster:
cluster  1  : 0.3945 
cluster  2  : 0.3898 
cluster  3  : 0.3862 
cluster  4  : 0.4014 
cluster  5  : 0.3683 
cluster  6  : 0.4116 
cluster  7  : 0.3830 

--------------------------------------------
Estimated Ln Prob of Data   = -200385.5
Mean value of ln likelihood = -132538.3
Variance of ln likelihood   = 135694.3
Mean value of alpha         = 1.0000

Mean value of Fst_1         = 0.1521
Mean value of Fst_2         = 0.1677
Mean value of Fst_3         = 0.2097
Mean value of Fst_4         = 0.1741
Mean value of Fst_5         = 0.2339
Mean value of Fst_6         = 0.1255
Mean value of Fst_7         = 0.1674


Inferred ancestry of individuals:
        Label (%Miss) Pop:  Inferred clusters
  1   207778    (2)    2 :  0.300 0.107 0.098 0.092 0.185 0.136 0.082 
  2 z0005757    (7)    3 :  0.200 0.074 0.173 0.116 0.090 0.164 0.183 
  3 z0005758    (0)    3 :  0.064 0.420 0.178 0.076 0.070 0.097 0.095 
  4 z0011944    (0)    1 :  0.103 0.050 0.065 0.047 0.082 0.098 0.556 
  5 z0012702   (10)    4 :  0.330 0.041 0.042 0.040 0.262 0.172 0.113 
  6 z0016577    (2)    3 :  0.186 0.191 0.083 0.143 0.129 0.185 0.083 
  7 z0016578   (21)    1 :  0.099 0.106 0.067 0.441 0.037 0.138 0.111 
  8 z0016579    (1)    3 :  0.160 0.158 0.114 0.099 0.072 0.240 0.158 
  9 z0018264    (0)    1 :  0.115 0.048 0.082 0.043 0.061 0.173 0.478 
 10 z0029828    (2)    3 :  0.137 0.087 0.086 0.436 0.084 0.119 0.050 
 11 z0029829   (14)    1 :  0.101 0.083 0.111 0.496 0.068 0.083 0.058 
 12 z0029846   (14)    1 :  0.100 0.247 0.110 0.232 0.102 0.073 0.136 
 13 z0029860    (1)    3 :  0.121 0.149 0.114 0.414 0.071 0.073 0.058 
 14 z0029863    (2)    1 :  0.120 0.262 0.057 0.126 0.084 0.119 0.232 
 15 z0029864    (8)    1 :  0.100 0.315 0.150 0.100 0.086 0.092 0.158 
 16 z0029865   (13)    3 :  0.096 0.393 0.182 0.082 0.060 0.106 0.082 
 17 z0037607    (2)    3 :  0.118 0.291 0.052 0.106 0.127 0.130 0.175 
 18 z0037609   (25)    3 :  0.110 0.302 0.086 0.142 0.084 0.129 0.146 
 19 z0037624   (21)    1 :  0.128 0.231 0.252 0.074 0.081 0.153 0.081 
 20 z0038417    (8)    2 :  0.143 0.059 0.067 0.062 0.365 0.179 0.125 
 21 z0040275    (9)    2 :  0.154 0.113 0.059 0.064 0.256 0.157 0.197 
 22 z0040287    (3)    2 :  0.162 0.108 0.086 0.121 0.168 0.178 0.177 
 23 z0040308    (1)    2 :  0.173 0.095 0.064 0.059 0.158 0.390 0.060 
 24 z0040333    (1)    2 :  0.174 0.101 0.107 0.069 0.156 0.282 0.112 
 25 z0040334    (1)    2 :  0.114 0.041 0.054 0.034 0.403 0.265 0.090 
 26 z0040337    (6)    2 :  0.143 0.156 0.085 0.109 0.129 0.260 0.118 
 27 z0040345    (1)    2 :  0.206 0.071 0.047 0.042 0.248 0.259 0.126 
 28 z0040357    (5)    2 :  0.105 0.149 0.078 0.065 0.334 0.162 0.107 
 29 z0040363   (20)    2 :  0.127 0.104 0.152 0.079 0.244 0.210 0.084 
 30 z0040364    (0)    2 :  0.161 0.071 0.089 0.077 0.429 0.099 0.074 
 31 z0040387    (1)    2 :  0.177 0.097 0.084 0.086 0.327 0.133 0.097 
 32 z0040403   (15)    2 :  0.220 0.101 0.103 0.125 0.217 0.146 0.087 
 33 z0040413   (43)    2 :  0.220 0.094 0.087 0.079 0.154 0.250 0.116 
 34 z0040439    (0)    2 :  0.089 0.072 0.044 0.058 0.520 0.114 0.102 
 35 z0040465   (20)    2 :  0.158 0.143 0.068 0.217 0.168 0.162 0.083 
 36 z0040513   (17)    3 :  0.269 0.066 0.178 0.168 0.114 0.125 0.079 
 37 z0040961   (12)    2 :  0.197 0.056 0.099 0.087 0.208 0.129 0.224 
 38 z0040985   (16)    2 :  0.153 0.103 0.057 0.078 0.123 0.350 0.136 
 39 z0041026    (0)    2 :  0.123 0.054 0.076 0.124 0.385 0.146 0.092 
 40 z0041051   (28)    2 :  0.149 0.088 0.071 0.063 0.227 0.171 0.230 
 41 z0041115    (7)    2 :  0.103 0.073 0.131 0.073 0.335 0.172 0.112 
 42 z0041153   (23)    2 :  0.159 0.133 0.079 0.096 0.156 0.196 0.182 
 43 z0041233    (4)    2 :  0.200 0.163 0.120 0.097 0.167 0.158 0.095 
 44 z0041243    (1)    2 :  0.145 0.199 0.086 0.066 0.217 0.144 0.144 
 45 z0041248    (6)    2 :  0.083 0.128 0.141 0.051 0.340 0.170 0.088 
 46 z0041250    (1)    2 :  0.272 0.097 0.043 0.074 0.322 0.092 0.100 
 47 z0041274    (2)    2 :  0.248 0.050 0.038 0.199 0.182 0.125 0.158 
 48 z0041465   (15)    2 :  0.083 0.082 0.151 0.134 0.381 0.120 0.049 
 49 z0041472    (2)    2 :  0.103 0.088 0.151 0.073 0.272 0.231 0.082 
 50 z0041480   (10)    2 :  0.118 0.138 0.133 0.084 0.114 0.320 0.093 
 51 z0041483    (0)    2 :  0.100 0.066 0.079 0.088 0.433 0.122 0.112 
 52 z0041494   (12)    2 :  0.192 0.074 0.050 0.082 0.144 0.353 0.105 
 53 z0041498    (1)    2 :  0.090 0.091 0.118 0.129 0.303 0.144 0.125 
 54 z0041501    (1)    2 :  0.315 0.065 0.030 0.068 0.319 0.133 0.069 
 55 z0041507    (7)    2 :  0.141 0.092 0.076 0.081 0.269 0.241 0.100 
 56 z0041512    (0)    2 :  0.132 0.096 0.077 0.081 0.444 0.097 0.073 
 57 z0041522   (17)    2 :  0.066 0.101 0.094 0.143 0.358 0.127 0.111 
 58 z0041526    (1)    3 :  0.070 0.174 0.098 0.108 0.419 0.072 0.060 
 59 z0041527   (16)    2 :  0.232 0.082 0.093 0.113 0.277 0.116 0.087 
 60 z0043243    (2)    2 :  0.155 0.162 0.205 0.085 0.065 0.109 0.220 
 61 z0043278    (2)    2 :  0.083 0.046 0.043 0.067 0.307 0.310 0.143 
 62 z0043475   (17)    3 :  0.161 0.093 0.135 0.129 0.163 0.196 0.122 
 63 z0043477    (0)    2 :  0.130 0.261 0.048 0.071 0.203 0.167 0.120 
 64 z0043478    (2)    2 :  0.060 0.077 0.072 0.054 0.533 0.146 0.057 
 65 z0043481    (0)    2 :  0.140 0.115 0.072 0.079 0.233 0.275 0.087 
 66 z0043489    (7)    2 :  0.187 0.055 0.041 0.054 0.345 0.182 0.136 
 67 z0043491   (13)    2 :  0.106 0.156 0.072 0.080 0.226 0.204 0.155 
 68 z0043493    (3)    2 :  0.300 0.192 0.041 0.058 0.113 0.164 0.132 
 69 z0043494    (2)    2 :  0.126 0.102 0.087 0.146 0.152 0.213 0.174 
 70 z0043498    (2)    2 :  0.098 0.055 0.116 0.083 0.394 0.178 0.076 
 71 z0043504    (7)    2 :  0.121 0.267 0.075 0.052 0.173 0.167 0.145 
 72 z0043526    (3)    4 :  0.350 0.095 0.092 0.082 0.109 0.161 0.112 
 73 z0043566    (3)    2 :  0.133 0.113 0.148 0.066 0.239 0.225 0.076 
 74 z0043572    (0)    2 :  0.085 0.138 0.068 0.109 0.355 0.169 0.077 
 75 z0043599    (5)    2 :  0.210 0.157 0.059 0.178 0.200 0.109 0.087 
 76 z0043642    (1)    2 :  0.183 0.159 0.059 0.236 0.161 0.112 0.091 
 77 z0043649    (1)    2 :  0.260 0.076 0.066 0.067 0.326 0.101 0.103 
 78 z0043652    (1)    2 :  0.253 0.087 0.064 0.184 0.118 0.147 0.146 
 79 z0043668    (1)    2 :  0.230 0.064 0.237 0.068 0.095 0.167 0.138 
 80 z0043674    (1)    4 :  0.127 0.161 0.110 0.361 0.052 0.068 0.120 
 81 z0043686    (1)    2 :  0.111 0.134 0.151 0.088 0.191 0.163 0.163 
 82 z0043693    (1)    2 :  0.255 0.062 0.139 0.152 0.160 0.123 0.110 
 83 z0043704   (15)    2 :  0.099 0.085 0.045 0.107 0.528 0.069 0.066 
 84 z0043807    (1)    2 :  0.121 0.128 0.079 0.168 0.223 0.198 0.081 
 85 z0043819    (1)    2 :  0.322 0.142 0.064 0.137 0.055 0.143 0.136 
 86 z0043876    (7)    2 :  0.124 0.247 0.166 0.112 0.129 0.134 0.089 
 87 z0043877   (33)    2 :  0.191 0.085 0.216 0.088 0.209 0.134 0.077 
 88 z0043891   (21)    4 :  0.097 0.175 0.143 0.131 0.126 0.168 0.158 
 89 z0043915   (33)    2 :  0.140 0.088 0.125 0.105 0.110 0.162 0.269 
 90 z0043940   (10)    2 :  0.210 0.188 0.069 0.154 0.043 0.203 0.131 
 91 z0043954    (2)    2 :  0.171 0.082 0.122 0.089 0.141 0.209 0.186 
 92 z0043966    (5)    2 :  0.078 0.091 0.073 0.098 0.405 0.175 0.079 
 93 z0043980    (0)    2 :  0.155 0.059 0.132 0.143 0.143 0.259 0.109 
 94 z0043994    (1)    3 :  0.100 0.054 0.045 0.051 0.313 0.321 0.116 
 95 z0044017   (12)    2 :  0.204 0.079 0.080 0.083 0.155 0.161 0.238 
 96 z0044019   (14)    2 :  0.130 0.064 0.190 0.070 0.211 0.217 0.118 
 97 z0044023   (36)    2 :  0.065 0.064 0.170 0.047 0.507 0.097 0.049 
 98 z0044033    (0)    2 :  0.081 0.037 0.053 0.073 0.567 0.146 0.043 
 99 z0044042    (3)    2 :  0.085 0.069 0.135 0.056 0.430 0.122 0.102 
100 z0044047   (25)    2 :  0.349 0.063 0.067 0.078 0.168 0.153 0.123 
101 z0044064   (13)    2 :  0.142 0.090 0.045 0.101 0.142 0.299 0.181 
102 z0044432   (14)    2 :  0.262 0.071 0.139 0.120 0.115 0.166 0.128 
103 z0045326    (0)    3 :  0.074 0.303 0.081 0.271 0.156 0.061 0.054 
104 z0045331    (5)    1 :  0.061 0.149 0.102 0.266 0.088 0.179 0.155 
105 z0045332    (2)    1 :  0.240 0.066 0.087 0.235 0.088 0.111 0.173 
106 z0045333    (6)    1 :  0.130 0.186 0.307 0.129 0.094 0.081 0.073 
107 z0045337    (5)    1 :  0.065 0.085 0.457 0.094 0.095 0.108 0.095 
108 z0045342   (13)    1 :  0.182 0.050 0.187 0.312 0.074 0.119 0.077 
109 z0045347    (1)    3 :  0.176 0.208 0.083 0.111 0.099 0.129 0.194 
110 z0045350    (0)    1 :  0.138 0.078 0.114 0.190 0.079 0.176 0.224 
111 z0045370    (1)    1 :  0.067 0.203 0.145 0.438 0.032 0.056 0.059 
112 z0045371    (1)    3 :  0.141 0.226 0.106 0.131 0.138 0.136 0.121 
113 z0045398    (1)    3 :  0.105 0.403 0.093 0.173 0.038 0.091 0.097 
114 z0045399    (1)    3 :  0.104 0.128 0.201 0.120 0.038 0.124 0.286 
115 z0045401   (26)    1 :  0.191 0.093 0.088 0.275 0.067 0.179 0.108 
116 z0045404    (0)    3 :  0.085 0.250 0.107 0.351 0.041 0.096 0.069 
117 z0045405    (5)    3 :  0.136 0.205 0.056 0.286 0.053 0.128 0.136 
118 z0045407    (2)    3 :  0.113 0.343 0.064 0.119 0.076 0.093 0.192 
119 z0045719    (0)    2 :  0.146 0.083 0.036 0.122 0.299 0.237 0.077 
120 z0045720    (1)    2 :  0.207 0.115 0.049 0.155 0.141 0.191 0.143 
121 z0045728    (1)    2 :  0.060 0.095 0.110 0.043 0.280 0.332 0.080 
122 z0045731    (1)    2 :  0.273 0.167 0.045 0.099 0.175 0.132 0.110 
123 z0045733    (0)    2 :  0.182 0.063 0.099 0.179 0.103 0.237 0.136 
124 z0045736    (1)    2 :  0.199 0.091 0.084 0.138 0.103 0.208 0.177 
125 z0045739    (1)    2 :  0.114 0.294 0.068 0.129 0.092 0.198 0.105 
126 z0045740    (1)    2 :  0.221 0.072 0.075 0.058 0.314 0.180 0.079 
127 z0045741    (0)    2 :  0.402 0.091 0.032 0.094 0.219 0.094 0.070 
128 z0045742    (0)    2 :  0.232 0.068 0.078 0.193 0.293 0.076 0.061 
129 z0045776    (1)    3 :  0.587 0.037 0.071 0.064 0.077 0.085 0.080 
130 z0045779    (0)    2 :  0.047 0.056 0.135 0.049 0.507 0.136 0.069 
131 z0045781    (0)    2 :  0.086 0.277 0.040 0.052 0.304 0.163 0.078 
132 z0045788    (5)    2 :  0.110 0.052 0.068 0.056 0.492 0.095 0.126 
133 z0045789    (2)    2 :  0.080 0.063 0.067 0.109 0.504 0.081 0.096 
134 z0045791    (5)    2 :  0.121 0.054 0.077 0.136 0.360 0.110 0.141 
135 z0045792   (23)    1 :  0.102 0.192 0.204 0.087 0.165 0.163 0.087 
136 z0045793    (0)    3 :  0.049 0.081 0.212 0.282 0.147 0.165 0.063 
137 z0047562   (15)    2 :  0.162 0.058 0.069 0.098 0.190 0.285 0.139 
138 z0047854    (1)    2 :  0.131 0.154 0.086 0.081 0.238 0.195 0.115 
139 z0051185    (1)    1 :  0.084 0.347 0.071 0.266 0.050 0.107 0.075 
140 z0051324    (6)    1 :  0.064 0.273 0.243 0.123 0.072 0.107 0.118 
141 z0051326    (0)    1 :  0.071 0.298 0.230 0.131 0.060 0.102 0.109 
142 z0051327    (4)    3 :  0.118 0.237 0.081 0.116 0.181 0.169 0.097 
143 z0051328    (3)    1 :  0.085 0.198 0.245 0.169 0.099 0.120 0.084 
144 z0051380    (0)    1 :  0.070 0.348 0.356 0.063 0.031 0.070 0.062 
145 z0051400    (0)    3 :  0.172 0.094 0.177 0.220 0.102 0.162 0.073 
146 z0051431   (23)    3 :  0.133 0.161 0.059 0.151 0.174 0.251 0.072 
147 z0051840   (34)    2 :  0.079 0.048 0.087 0.139 0.310 0.155 0.182 
148 z0051844   (27)    2 :  0.273 0.120 0.061 0.061 0.206 0.096 0.182 
149 z0051875   (29)    3 :  0.074 0.116 0.134 0.257 0.055 0.270 0.094 
150 z0051885    (8)    3 :  0.085 0.148 0.079 0.119 0.412 0.073 0.084 
151 z0051888    (1)    2 :  0.093 0.054 0.115 0.275 0.332 0.061 0.070 
152 z0051891    (1)    1 :  0.278 0.143 0.103 0.163 0.092 0.102 0.118 
153 z0051893    (4)    1 :  0.103 0.128 0.221 0.245 0.075 0.120 0.108 
154 z0051895    (0)    3 :  0.065 0.156 0.185 0.314 0.077 0.119 0.082 
155 z0051918    (1)    3 :  0.135 0.121 0.049 0.063 0.221 0.134 0.278 
156 z0051929    (1)    1 :  0.076 0.350 0.202 0.138 0.084 0.088 0.063 
157 z0051939   (12)    3 :  0.119 0.108 0.078 0.231 0.230 0.128 0.105 
158 z0051947    (3)    1 :  0.075 0.054 0.609 0.050 0.060 0.100 0.052 
159 z0051959    (2)    3 :  0.110 0.321 0.091 0.071 0.131 0.141 0.135 
160 z0052846    (0)    4 :  0.170 0.118 0.076 0.235 0.178 0.138 0.085 
161 z0052882    (1)    2 :  0.152 0.083 0.172 0.125 0.188 0.149 0.131 
162 z0053020   (22)    2 :  0.368 0.103 0.045 0.071 0.089 0.176 0.147 
163 z0053024   (13)    2 :  0.083 0.177 0.110 0.106 0.106 0.297 0.121 
164 z0053025    (5)    2 :  0.061 0.143 0.034 0.062 0.567 0.075 0.059 
165 z0053031    (0)    2 :  0.152 0.134 0.122 0.089 0.139 0.191 0.173 
166 z0053032    (1)    2 :  0.301 0.080 0.130 0.060 0.161 0.129 0.141 
167 z0053040    (5)    2 :  0.160 0.084 0.082 0.108 0.132 0.305 0.129 
168 z0053051    (1)    3 :  0.247 0.135 0.074 0.287 0.051 0.080 0.127 
169 z0053054    (6)    3 :  0.162 0.194 0.097 0.256 0.048 0.158 0.086 
170 z0053071    (3)    2 :  0.150 0.064 0.105 0.101 0.321 0.186 0.072 
171 z0053073    (2)    2 :  0.253 0.183 0.128 0.104 0.066 0.139 0.127 
172 z0053078    (1)    3 :  0.149 0.080 0.034 0.051 0.190 0.111 0.384 
173 z0053082    (2)    3 :  0.218 0.088 0.073 0.109 0.193 0.230 0.090 
174 z0053083   (12)    2 :  0.161 0.136 0.097 0.086 0.177 0.201 0.142 
175 z0053090   (11)    3 :  0.215 0.134 0.077 0.055 0.241 0.141 0.138 
176 z0053096    (0)    2 :  0.122 0.041 0.043 0.095 0.409 0.084 0.205 
177 z0053100    (8)    2 :  0.126 0.071 0.065 0.079 0.125 0.455 0.079 
178 z0053101    (0)    2 :  0.092 0.093 0.076 0.059 0.278 0.139 0.262 
179 z0053102    (9)    2 :  0.123 0.058 0.053 0.106 0.149 0.411 0.099 
180 z0053103    (1)    2 :  0.137 0.074 0.068 0.065 0.522 0.074 0.060 
181 z0053111    (2)    3 :  0.132 0.191 0.130 0.167 0.088 0.161 0.131 
182 z0053131    (0)    2 :  0.097 0.130 0.129 0.131 0.282 0.108 0.122 
183 z0053132    (0)    2 :  0.141 0.041 0.036 0.081 0.138 0.202 0.360 
184 z0053133    (1)    2 :  0.153 0.129 0.108 0.166 0.071 0.180 0.194 
185 z0053138    (0)    2 :  0.077 0.248 0.143 0.117 0.184 0.150 0.082 
186 z0053142    (3)    2 :  0.098 0.110 0.155 0.088 0.384 0.077 0.088 
187 z0053149    (1)    2 :  0.152 0.113 0.108 0.057 0.307 0.146 0.117 
188 z0053754    (1)    1 :  0.066 0.380 0.144 0.069 0.083 0.109 0.149 
189 z0053756    (2)    1 :  0.073 0.396 0.071 0.095 0.065 0.125 0.175 
190 z0053758   (17)    1 :  0.052 0.067 0.189 0.475 0.051 0.048 0.118 
191 z0053759    (1)    1 :  0.086 0.167 0.327 0.131 0.076 0.098 0.114 
192 z0053760    (0)    1 :  0.113 0.232 0.116 0.264 0.097 0.071 0.107 
193 z0053842    (2)    1 :  0.185 0.411 0.073 0.080 0.080 0.117 0.054 
194 z0053843    (6)    1 :  0.055 0.090 0.185 0.421 0.080 0.084 0.085 
195 z0053844    (9)    1 :  0.114 0.206 0.150 0.239 0.104 0.101 0.085 
196 z0053846    (3)    1 :  0.049 0.058 0.347 0.388 0.039 0.055 0.065 
197 z0053847    (1)    1 :  0.059 0.034 0.635 0.032 0.082 0.086 0.072 
198 z0053849    (1)    1 :  0.161 0.404 0.086 0.068 0.078 0.090 0.113 
199 z0055903    (1)    4 :  0.311 0.110 0.093 0.141 0.062 0.152 0.131 
200 z0055910   (35)    4 :  0.184 0.098 0.095 0.164 0.209 0.117 0.134 
201 z0055912    (7)    4 :  0.140 0.116 0.069 0.072 0.137 0.226 0.240 
202 z0055916   (17)    4 :  0.213 0.243 0.104 0.142 0.143 0.065 0.091 
203 z0055931    (4)    4 :  0.122 0.068 0.079 0.064 0.292 0.292 0.083 
204 z0055944    (4)    4 :  0.229 0.138 0.132 0.093 0.112 0.171 0.126 
205 z0055947   (10)    4 :  0.158 0.210 0.051 0.222 0.135 0.116 0.109 
206 z0055962    (6)    4 :  0.088 0.293 0.076 0.108 0.214 0.142 0.079 
207 z0055963   (21)    4 :  0.133 0.076 0.124 0.181 0.190 0.154 0.141 
208 z0055965   (26)    4 :  0.198 0.104 0.208 0.092 0.057 0.107 0.233 
209 z0055970   (16)    4 :  0.194 0.114 0.170 0.072 0.118 0.245 0.087 
210 z0055971    (8)    4 :  0.146 0.127 0.231 0.089 0.111 0.145 0.151 
211 z0055977    (6)    4 :  0.127 0.175 0.061 0.094 0.260 0.154 0.129 
212 z0055986   (21)    4 :  0.186 0.115 0.164 0.209 0.113 0.121 0.091 
213 z0055990    (7)    4 :  0.109 0.085 0.067 0.119 0.364 0.122 0.134 
214 z0055996    (3)    4 :  0.092 0.161 0.094 0.170 0.132 0.279 0.071 
215 z0055997    (4)    4 :  0.112 0.074 0.147 0.115 0.168 0.315 0.069 
216 z0055998    (5)    4 :  0.160 0.202 0.076 0.115 0.101 0.117 0.230 
217 z0055999    (3)    4 :  0.124 0.115 0.200 0.190 0.085 0.110 0.177 
218 z0056011    (9)    4 :  0.218 0.222 0.062 0.115 0.051 0.222 0.110 
219 z0056029    (5)    4 :  0.223 0.154 0.091 0.106 0.073 0.279 0.074 
220 z0056034    (2)    4 :  0.164 0.140 0.061 0.068 0.250 0.216 0.102 
221 z0056056   (26)    3 :  0.161 0.180 0.158 0.121 0.135 0.138 0.108 
222 z0056058    (5)    3 :  0.098 0.120 0.484 0.114 0.038 0.081 0.065 
223 z0056059    (8)    3 :  0.241 0.100 0.127 0.082 0.042 0.240 0.169 
224 z0056062    (1)    3 :  0.390 0.072 0.185 0.060 0.085 0.079 0.129 
225 z0056063    (4)    3 :  0.165 0.174 0.084 0.202 0.068 0.189 0.117 
226 z0056064    (0)    3 :  0.163 0.085 0.206 0.116 0.077 0.119 0.235 
227 z0056065    (0)    3 :  0.139 0.104 0.204 0.266 0.064 0.100 0.124 
228 z0056069    (1)    3 :  0.588 0.044 0.068 0.064 0.079 0.081 0.077 
229 z0056073    (0)    3 :  0.136 0.351 0.098 0.187 0.044 0.116 0.068 
230 z0056076    (5)    3 :  0.080 0.032 0.383 0.084 0.133 0.151 0.136 
231 z0056079   (10)    3 :  0.141 0.219 0.149 0.222 0.047 0.095 0.127 
232 z0056085    (1)    3 :  0.075 0.190 0.176 0.244 0.065 0.120 0.131 
233 z0056092    (1)    3 :  0.118 0.180 0.106 0.198 0.075 0.131 0.193 
234 z0056095    (1)    3 :  0.166 0.078 0.186 0.168 0.054 0.142 0.206 
235 z0056103    (8)    3 :  0.149 0.218 0.264 0.087 0.051 0.101 0.129 
236 z0056374    (8)    1 :  0.150 0.201 0.298 0.126 0.053 0.091 0.081 
237 z0056375    (0)    1 :  0.140 0.117 0.229 0.240 0.061 0.127 0.087 
238 z0056377    (0)    1 :  0.105 0.383 0.162 0.049 0.053 0.141 0.107 
239 z0056378    (2)    1 :  0.179 0.071 0.419 0.094 0.091 0.094 0.052 
240 z0056382    (1)    1 :  0.054 0.056 0.198 0.444 0.045 0.096 0.107 
241 z0056384    (3)    1 :  0.115 0.102 0.275 0.121 0.097 0.103 0.186 
242 z0056386    (8)    1 :  0.054 0.086 0.235 0.407 0.057 0.062 0.099 
243 z0056389    (1)    1 :  0.038 0.042 0.128 0.632 0.040 0.058 0.061 
244 z0056391    (2)    1 :  0.030 0.111 0.459 0.313 0.020 0.033 0.033 
245 z0056392   (12)    1 :  0.060 0.325 0.240 0.143 0.065 0.111 0.056 
246 z0056393    (9)    1 :  0.138 0.320 0.070 0.166 0.097 0.103 0.107 
247 z0056394    (1)    1 :  0.091 0.406 0.100 0.199 0.056 0.077 0.071 
248 z0056395    (2)    1 :  0.126 0.286 0.222 0.046 0.079 0.127 0.114 
249 z0056397    (1)    1 :  0.105 0.299 0.079 0.081 0.187 0.114 0.135 
250 z0061527    (3)    3 :  0.172 0.168 0.108 0.089 0.288 0.096 0.079 
251 z0061967    (1)    3 :  0.115 0.222 0.137 0.139 0.119 0.188 0.081 
252 z0061969    (1)    3 :  0.119 0.195 0.108 0.138 0.203 0.181 0.056 
253 z0061980    (1)    1 :  0.068 0.195 0.179 0.176 0.168 0.114 0.100 
254 z0066166    (3)    3 :  0.084 0.223 0.189 0.220 0.129 0.051 0.103 
255 z0066792    (2)    1 :  0.067 0.044 0.118 0.097 0.092 0.069 0.513 
256 z0066805    (2)    1 :  0.119 0.056 0.074 0.102 0.066 0.091 0.491 
257 z0068471    (3)    3 :  0.098 0.120 0.414 0.052 0.075 0.135 0.107 
258 z0075696    (7)    5 :  0.109 0.040 0.035 0.090 0.058 0.098 0.569 
259 z0101084    (8)    1 :  0.104 0.063 0.397 0.205 0.078 0.091 0.062 
260 z0107099    (3)    3 :  0.095 0.194 0.324 0.233 0.023 0.064 0.067 
261 z0107101    (0)    1 :  0.032 0.046 0.660 0.150 0.037 0.037 0.039 
262 z0108489    (1)    1 :  0.251 0.126 0.182 0.056 0.098 0.156 0.130 
263 z0108513    (0)    1 :  0.035 0.114 0.340 0.264 0.149 0.050 0.049 
264 z0108528    (1)    3 :  0.139 0.182 0.138 0.146 0.148 0.154 0.093 
265 z0113628    (2)    3 :  0.206 0.142 0.051 0.160 0.073 0.183 0.185 
266 z0133302   (18)    1 :  0.100 0.065 0.377 0.091 0.101 0.161 0.104 
267 z0173485    (0)    1 :  0.201 0.137 0.067 0.152 0.104 0.243 0.095 
268 z0175371    (1)    3 :  0.100 0.165 0.055 0.092 0.167 0.142 0.279 
269 z0175378    (0)    2 :  0.111 0.053 0.049 0.141 0.318 0.284 0.043 
270 z0175912    (6)    1 :  0.129 0.201 0.281 0.064 0.100 0.122 0.103 
271 z0175916    (3)    1 :  0.101 0.113 0.114 0.128 0.223 0.156 0.166 
272 z0175937    (1)    1 :  0.117 0.211 0.161 0.281 0.069 0.069 0.093 
273 z0178348   (13)    1 :  0.071 0.318 0.310 0.067 0.068 0.093 0.074 
274 z0187857    (3)    1 :  0.129 0.090 0.443 0.131 0.082 0.073 0.052 
275 z0187860    (0)    1 :  0.230 0.074 0.161 0.164 0.113 0.153 0.105 
276 z0187885    (0)    2 :  0.125 0.073 0.078 0.099 0.181 0.174 0.270 
277 z0187906   (10)    1 :  0.180 0.107 0.085 0.120 0.054 0.195 0.259 
278 z0195655    (0)    2 :  0.071 0.080 0.087 0.059 0.540 0.101 0.062 
279 z0195663    (1)    3 :  0.218 0.141 0.041 0.108 0.237 0.169 0.086 
280 z0195683    (1)    3 :  0.165 0.146 0.229 0.286 0.053 0.069 0.052 
281 z0195687   (22)    3 :  0.070 0.221 0.130 0.302 0.034 0.153 0.091 
282 z0195688    (0)    2 :  0.144 0.115 0.062 0.126 0.132 0.225 0.196 
283 z0195691    (1)    3 :  0.266 0.172 0.052 0.141 0.051 0.130 0.188 
284 z0195699    (0)    3 :  0.135 0.266 0.048 0.333 0.076 0.082 0.059 
285 z0195701    (8)    3 :  0.091 0.107 0.297 0.194 0.100 0.091 0.120 
286 z0195702    (0)    3 :  0.132 0.141 0.166 0.092 0.099 0.162 0.207 
287 z0195704    (1)    3 :  0.135 0.123 0.337 0.072 0.114 0.113 0.107 
288 z0195705    (1)    3 :  0.321 0.115 0.042 0.087 0.211 0.150 0.074 
289 z0195711    (0)    3 :  0.133 0.148 0.064 0.200 0.060 0.098 0.296 
290 z0195716    (0)    3 :  0.093 0.179 0.184 0.122 0.079 0.144 0.198 
291 z0195718   (13)    3 :  0.121 0.125 0.195 0.237 0.046 0.104 0.173 
292 z0195725    (5)    3 :  0.109 0.266 0.165 0.083 0.209 0.097 0.071 
293 z0195726   (17)    1 :  0.217 0.327 0.071 0.095 0.068 0.100 0.123 
294 z0195728   (14)    3 :  0.084 0.072 0.213 0.482 0.035 0.048 0.066 
295 z0195732   (16)    3 :  0.135 0.306 0.116 0.219 0.039 0.086 0.099 
296 z0195737    (1)    3 :  0.197 0.059 0.080 0.176 0.176 0.167 0.145 
297 z0195740   (30)    3 :  0.187 0.255 0.076 0.160 0.090 0.118 0.114 
298 z0195751    (1)    3 :  0.105 0.088 0.158 0.433 0.069 0.073 0.074 
299 z0195762    (2)    3 :  0.090 0.287 0.129 0.093 0.058 0.075 0.267 
300 z0195784    (0)    3 :  0.186 0.095 0.147 0.307 0.044 0.087 0.135 
301 z0196686    (0)    5 :  0.078 0.034 0.076 0.047 0.030 0.071 0.663 
302 z0196687    (0)    5 :  0.072 0.091 0.087 0.055 0.083 0.114 0.499 
303 z0196689    (1)    5 :  0.086 0.099 0.037 0.062 0.065 0.080 0.570 
304 z0196690    (3)    5 :  0.080 0.048 0.165 0.070 0.038 0.101 0.498 
305 z0196691    (9)    5 :  0.120 0.074 0.066 0.065 0.039 0.106 0.530 
306 z0196692    (1)    5 :  0.106 0.097 0.090 0.075 0.089 0.086 0.456 
307 z0196693    (2)    5 :  0.072 0.113 0.103 0.068 0.065 0.072 0.508 
308 z0196694    (3)    5 :  0.117 0.055 0.074 0.075 0.074 0.110 0.495 
309 z0196710    (0)    3 :  0.138 0.181 0.113 0.120 0.185 0.103 0.159 
310 z0196715   (23)    3 :  0.099 0.274 0.118 0.259 0.055 0.125 0.068 
311 z0196719    (0)    3 :  0.102 0.286 0.080 0.223 0.115 0.090 0.104 
312 z0196724   (20)    3 :  0.105 0.253 0.141 0.152 0.065 0.199 0.084 
313 z0196725    (1)    3 :  0.188 0.087 0.350 0.107 0.060 0.101 0.106 
314 z0196729    (3)    3 :  0.075 0.219 0.124 0.182 0.113 0.181 0.106 
315 z0196730    (3)    1 :  0.069 0.058 0.531 0.051 0.075 0.077 0.139 
316 z0196731    (1)    3 :  0.092 0.299 0.162 0.153 0.036 0.160 0.097 
317 z0196733   (17)    1 :  0.101 0.415 0.101 0.150 0.051 0.093 0.090 
318 z0196734    (2)    3 :  0.203 0.184 0.091 0.168 0.091 0.170 0.092 
319 z0196739   (18)    3 :  0.094 0.128 0.279 0.101 0.119 0.208 0.071 
320 z0196740   (10)    3 :  0.065 0.367 0.143 0.099 0.086 0.078 0.163 
321 z0196746    (3)    1 :  0.144 0.056 0.416 0.118 0.063 0.093 0.110 
322 z0196751    (0)    3 :  0.107 0.109 0.236 0.177 0.156 0.090 0.125 
323 z0196752    (0)    3 :  0.081 0.138 0.122 0.132 0.053 0.121 0.352 
324 z0196754    (0)    3 :  0.157 0.126 0.136 0.324 0.075 0.096 0.086 
325 z0196758    (2)    1 :  0.091 0.209 0.240 0.133 0.081 0.109 0.137 
326 z0196763    (2)    3 :  0.214 0.259 0.069 0.179 0.048 0.126 0.104 
327 z0196764    (1)    3 :  0.114 0.213 0.071 0.246 0.125 0.111 0.120 
328 z0196766    (0)    3 :  0.110 0.109 0.191 0.226 0.084 0.147 0.133 
329 z0196769    (1)    3 :  0.084 0.145 0.159 0.305 0.061 0.099 0.147 
330 z0196774    (1)    3 :  0.073 0.154 0.174 0.190 0.064 0.083 0.263 
331 z0196783    (0)    1 :  0.042 0.057 0.487 0.266 0.032 0.055 0.061 
332 z0196794    (2)    1 :  0.059 0.094 0.309 0.325 0.044 0.052 0.117 
333 z0196804   (15)    1 :  0.074 0.321 0.108 0.205 0.063 0.148 0.080 
334 z0196809   (15)    3 :  0.080 0.493 0.070 0.132 0.056 0.052 0.117 
335 z0196810    (2)    1 :  0.116 0.355 0.148 0.067 0.058 0.118 0.136 
336 z0196811    (1)    1 :  0.104 0.518 0.138 0.078 0.036 0.061 0.065 
337 z0196824    (0)    3 :  0.164 0.113 0.116 0.110 0.122 0.211 0.163 
338 z0196825    (1)    3 :  0.156 0.200 0.115 0.196 0.137 0.135 0.061 
339 z0196828    (1)    2 :  0.132 0.289 0.117 0.158 0.098 0.120 0.086 
340 z0196829    (0)    3 :  0.142 0.324 0.085 0.103 0.090 0.179 0.078 
341 z0196834   (28)    3 :  0.092 0.135 0.244 0.116 0.122 0.168 0.122 
342 z0196835    (0)    3 :  0.100 0.133 0.288 0.240 0.078 0.118 0.043 
343 z0196838    (2)    1 :  0.079 0.523 0.087 0.120 0.040 0.052 0.098 
344 z0196841   (22)    3 :  0.093 0.159 0.233 0.144 0.056 0.140 0.175 
345 z0196843   (27)    3 :  0.180 0.169 0.324 0.102 0.056 0.082 0.087 
346 z0196849    (1)    3 :  0.073 0.135 0.118 0.336 0.071 0.157 0.110 
347 z0196852    (1)    2 :  0.165 0.128 0.060 0.142 0.090 0.230 0.186 
348 z0196855    (0)    2 :  0.146 0.215 0.100 0.107 0.130 0.136 0.166 
349 z0196856    (1)    3 :  0.195 0.170 0.076 0.114 0.126 0.176 0.145 
350 z0196857    (0)    2 :  0.087 0.064 0.123 0.271 0.320 0.063 0.071 
351 z0196864    (2)    3 :  0.220 0.137 0.054 0.113 0.130 0.207 0.140 
352 z0196894    (0)    3 :  0.218 0.199 0.159 0.135 0.049 0.082 0.157 
353 z0197662    (3)    1 :  0.211 0.194 0.121 0.073 0.124 0.172 0.105 
354 z0197665    (2)    1 :  0.051 0.101 0.481 0.097 0.089 0.057 0.124 
355 z0197668   (20)    3 :  0.120 0.146 0.062 0.157 0.073 0.116 0.325 
356 z0197669    (1)    3 :  0.302 0.082 0.064 0.137 0.119 0.158 0.138 
357 z0197672    (1)    3 :  0.086 0.104 0.119 0.312 0.098 0.143 0.138 


Estimated Allele Frequencies in each cluster
First column gives estimated ancestral frequencies


Locus 1 : HI.v.HI.SEAK 
5 alleles
66.2% missing data
   0   (0.222) 0.297 0.097 0.128 0.111 0.175 0.215 0.295 
   4   (0.351) 0.190 0.741 0.533 0.721 0.041 0.187 0.332 
   1   (0.234) 0.257 0.080 0.090 0.080 0.750 0.431 0.198 
   2   (0.054) 0.032 0.014 0.014 0.012 0.014 0.083 0.026 
   3   (0.140) 0.224 0.069 0.235 0.076 0.020 0.083 0.148 

Locus 2 : Mnov_gtseq_1 
2 alleles
0.0% missing data
   0   (0.415) 0.504 0.413 0.346 0.377 0.280 0.362 0.498 
   1   (0.585) 0.496 0.587 0.654 0.623 0.720 0.638 0.502 

Locus 3 : Mnov_gtseq_10 
2 alleles
0.3% missing data
   0   (0.821) 0.925 0.661 0.822 0.649 0.962 0.824 0.932 
   1   (0.179) 0.075 0.339 0.178 0.351 0.038 0.176 0.068 

Locus 4 : Mnov_gtseq_102 
2 alleles
0.8% missing data
   0   (0.558) 0.636 0.697 0.319 0.562 0.851 0.440 0.535 
   1   (0.442) 0.364 0.303 0.681 0.438 0.149 0.560 0.465 

Locus 5 : Mnov_gtseq_104 
2 alleles
0.3% missing data
   0   (0.868) 0.937 0.876 0.614 0.764 0.960 0.940 0.965 
   1   (0.132) 0.063 0.124 0.386 0.236 0.040 0.060 0.035 

Locus 6 : Mnov_gtseq_106 
2 alleles
15.4% missing data
   1   (0.751) 0.840 0.759 0.709 0.867 0.766 0.810 0.698 
   0   (0.249) 0.160 0.241 0.291 0.133 0.234 0.190 0.302 

Locus 7 : Mnov_gtseq_107 
2 alleles
37.8% missing data
   1   (0.234) 0.492 0.106 0.209 0.088 0.424 0.308 0.105 
   0   (0.766) 0.508 0.894 0.791 0.912 0.576 0.692 0.895 

Locus 8 : Mnov_gtseq_111 
2 alleles
39.2% missing data
   1   (0.690) 0.837 0.816 0.719 0.472 0.456 0.551 0.850 
   0   (0.310) 0.163 0.184 0.281 0.528 0.544 0.449 0.150 

Locus 9 : Mnov_gtseq_112 
2 alleles
1.1% missing data
   0   (0.592) 0.596 0.491 0.722 0.754 0.784 0.621 0.371 
   1   (0.408) 0.404 0.509 0.278 0.246 0.216 0.379 0.629 

Locus 10 : Mnov_gtseq_113 
2 alleles
1.7% missing data
   1   (0.701) 0.775 0.717 0.741 0.835 0.573 0.738 0.648 
   0   (0.299) 0.225 0.283 0.259 0.165 0.427 0.262 0.352 

Locus 11 : Mnov_gtseq_114 
2 alleles
4.5% missing data
   0   (0.536) 0.651 0.648 0.471 0.694 0.185 0.546 0.412 
   1   (0.464) 0.349 0.352 0.529 0.306 0.815 0.454 0.588 

Locus 12 : Mnov_gtseq_117 
2 alleles
27.2% missing data
   0   (0.644) 0.537 0.585 0.563 0.547 0.913 0.746 0.675 
   1   (0.356) 0.463 0.415 0.437 0.453 0.087 0.254 0.325 

Locus 13 : Mnov_gtseq_118 
2 alleles
8.1% missing data
   0   (0.729) 0.771 0.760 0.265 0.825 0.924 0.772 0.773 
   1   (0.271) 0.229 0.240 0.735 0.175 0.076 0.228 0.227 

Locus 14 : Mnov_gtseq_12 
2 alleles
0.3% missing data
   0   (0.444) 0.333 0.400 0.288 0.774 0.314 0.252 0.732 
   1   (0.556) 0.667 0.600 0.712 0.226 0.686 0.748 0.268 

Locus 15 : Mnov_gtseq_124 
2 alleles
4.8% missing data
   1   (0.777) 0.857 0.529 0.747 0.776 0.904 0.825 0.906 
   0   (0.223) 0.143 0.471 0.253 0.224 0.096 0.175 0.094 

Locus 16 : Mnov_gtseq_125 
2 alleles
1.1% missing data
   1   (0.881) 0.874 0.916 0.984 0.977 0.558 0.838 0.956 
   0   (0.119) 0.126 0.084 0.016 0.023 0.442 0.162 0.044 

Locus 17 : Mnov_gtseq_126 
2 alleles
0.0% missing data
   0   (0.351) 0.462 0.496 0.096 0.131 0.234 0.395 0.577 
   1   (0.649) 0.538 0.504 0.904 0.869 0.766 0.605 0.423 

Locus 18 : Mnov_gtseq_127 
2 alleles
7.0% missing data
   0   (0.605) 0.561 0.626 0.652 0.794 0.365 0.621 0.640 
   1   (0.395) 0.439 0.374 0.348 0.206 0.635 0.379 0.360 

Locus 19 : Mnov_gtseq_128 
2 alleles
31.4% missing data
   0   (0.675) 0.620 0.738 0.864 0.757 0.658 0.652 0.646 
   1   (0.325) 0.380 0.262 0.136 0.243 0.342 0.348 0.354 

Locus 20 : Mnov_gtseq_129 
2 alleles
2.0% missing data
   0   (0.520) 0.768 0.481 0.536 0.382 0.491 0.670 0.251 
   1   (0.480) 0.232 0.519 0.464 0.618 0.509 0.330 0.749 

Locus 21 : Mnov_gtseq_13 
2 alleles
0.0% missing data
   0   (0.584) 0.702 0.367 0.655 0.405 0.631 0.490 0.840 
   1   (0.416) 0.298 0.633 0.345 0.595 0.369 0.510 0.160 

Locus 22 : Mnov_gtseq_130 
2 alleles
28.9% missing data
   1   (0.501) 0.336 0.602 0.496 0.429 0.551 0.431 0.689 
   0   (0.499) 0.664 0.398 0.504 0.571 0.449 0.569 0.311 

Locus 23 : Mnov_gtseq_135 
2 alleles
0.6% missing data
   1   (0.463) 0.550 0.339 0.320 0.577 0.603 0.495 0.352 
   0   (0.537) 0.450 0.661 0.680 0.423 0.397 0.505 0.648 

Locus 24 : Mnov_gtseq_138 
2 alleles
0.6% missing data
   0   (0.468) 0.564 0.529 0.473 0.425 0.267 0.549 0.383 
   1   (0.532) 0.436 0.471 0.527 0.575 0.733 0.451 0.617 

Locus 25 : Mnov_gtseq_140 
2 alleles
1.1% missing data
   0   (0.439) 0.569 0.417 0.176 0.632 0.629 0.541 0.188 
   1   (0.561) 0.431 0.583 0.824 0.368 0.371 0.459 0.812 

Locus 26 : Mnov_gtseq_141 
2 alleles
0.3% missing data
   0   (0.550) 0.607 0.574 0.869 0.477 0.549 0.477 0.377 
   1   (0.450) 0.393 0.426 0.131 0.523 0.451 0.523 0.623 

Locus 27 : Mnov_gtseq_143 
2 alleles
2.8% missing data
   1   (0.532) 0.599 0.666 0.784 0.607 0.538 0.368 0.303 
   0   (0.468) 0.401 0.334 0.216 0.393 0.462 0.632 0.697 

Locus 28 : Mnov_gtseq_145 
2 alleles
2.0% missing data
   0   (0.453) 0.293 0.306 0.717 0.564 0.622 0.373 0.369 
   1   (0.547) 0.707 0.694 0.283 0.436 0.378 0.627 0.631 

Locus 29 : Mnov_gtseq_147 
2 alleles
26.3% missing data
   0   (0.763) 0.812 0.943 0.848 0.884 0.366 0.648 0.721 
   1   (0.237) 0.188 0.057 0.152 0.116 0.634 0.352 0.279 

Locus 30 : Mnov_gtseq_148 
2 alleles
9.2% missing data
   0   (0.307) 0.309 0.432 0.165 0.252 0.091 0.236 0.480 
   1   (0.693) 0.691 0.568 0.835 0.748 0.909 0.764 0.520 

Locus 31 : Mnov_gtseq_149 
2 alleles
0.6% missing data
   0   (0.583) 0.660 0.675 0.634 0.591 0.603 0.485 0.537 
   1   (0.417) 0.340 0.325 0.366 0.409 0.397 0.515 0.463 

Locus 32 : Mnov_gtseq_15 
2 alleles
0.0% missing data
   0   (0.475) 0.317 0.353 0.406 0.767 0.408 0.507 0.505 
   1   (0.525) 0.683 0.647 0.594 0.233 0.592 0.493 0.495 

Locus 33 : Mnov_gtseq_152 
2 alleles
0.8% missing data
   0   (0.346) 0.500 0.153 0.382 0.347 0.364 0.329 0.244 
   1   (0.654) 0.500 0.847 0.618 0.653 0.636 0.671 0.756 

Locus 34 : Mnov_gtseq_154 
2 alleles
3.4% missing data
   0   (0.541) 0.547 0.533 0.691 0.627 0.441 0.381 0.592 
   1   (0.459) 0.453 0.467 0.309 0.373 0.559 0.619 0.408 

Locus 35 : Mnov_gtseq_155 
2 alleles
41.7% missing data
   0   (0.657) 0.768 0.632 0.669 0.683 0.664 0.687 0.632 
   1   (0.343) 0.232 0.368 0.331 0.317 0.336 0.313 0.368 

Locus 36 : Mnov_gtseq_157 
2 alleles
0.6% missing data
   1   (0.548) 0.654 0.535 0.566 0.526 0.700 0.485 0.492 
   0   (0.452) 0.346 0.465 0.434 0.474 0.300 0.515 0.508 

Locus 37 : Mnov_gtseq_158 
2 alleles
0.6% missing data
   0   (0.375) 0.184 0.484 0.795 0.577 0.046 0.273 0.393 
   1   (0.625) 0.816 0.516 0.205 0.423 0.954 0.727 0.607 

Locus 38 : Mnov_gtseq_159 
2 alleles
24.6% missing data
   0   (0.596) 0.640 0.855 0.635 0.667 0.290 0.542 0.472 
   1   (0.404) 0.360 0.145 0.365 0.333 0.710 0.458 0.528 

Locus 39 : Mnov_gtseq_16 
2 alleles
0.0% missing data
   0   (0.638) 0.700 0.491 0.541 0.847 0.508 0.564 0.807 
   1   (0.362) 0.300 0.509 0.459 0.153 0.492 0.436 0.193 

Locus 40 : Mnov_gtseq_160 
2 alleles
2.5% missing data
   0   (0.485) 0.457 0.656 0.489 0.512 0.358 0.453 0.423 
   1   (0.515) 0.543 0.344 0.511 0.488 0.642 0.547 0.577 

Locus 41 : Mnov_gtseq_161 
2 alleles
2.0% missing data
   1   (0.751) 0.851 0.692 0.776 0.740 0.780 0.808 0.818 
   0   (0.249) 0.149 0.308 0.224 0.260 0.220 0.192 0.182 

Locus 42 : Mnov_gtseq_162 
2 alleles
2.2% missing data
   1   (0.415) 0.520 0.215 0.710 0.529 0.553 0.307 0.227 
   0   (0.585) 0.480 0.785 0.290 0.471 0.447 0.693 0.773 

Locus 43 : Mnov_gtseq_167 
2 alleles
1.1% missing data
   1   (0.799) 0.907 0.818 0.502 0.878 0.853 0.847 0.872 
   0   (0.201) 0.093 0.182 0.498 0.122 0.147 0.153 0.128 

Locus 44 : Mnov_gtseq_17 
2 alleles
0.0% missing data
   0   (0.517) 0.389 0.427 0.693 0.523 0.449 0.546 0.594 
   1   (0.483) 0.611 0.573 0.307 0.477 0.551 0.454 0.406 

Locus 45 : Mnov_gtseq_170 
2 alleles
0.0% missing data
   0   (0.328) 0.385 0.310 0.186 0.321 0.155 0.311 0.330 
   1   (0.672) 0.615 0.690 0.814 0.679 0.845 0.689 0.670 

Locus 46 : Mnov_gtseq_171 
2 alleles
42.0% missing data
   1   (0.684) 0.781 0.783 0.598 0.521 0.742 0.680 0.774 
   0   (0.316) 0.219 0.217 0.402 0.479 0.258 0.320 0.226 

Locus 47 : Mnov_gtseq_173 
2 alleles
21.8% missing data
   1   (0.503) 0.508 0.397 0.153 0.302 0.804 0.625 0.745 
   0   (0.497) 0.492 0.603 0.847 0.698 0.196 0.375 0.255 

Locus 48 : Mnov_gtseq_174 
2 alleles
2.8% missing data
   0   (0.293) 0.275 0.194 0.383 0.166 0.598 0.241 0.245 
   1   (0.707) 0.725 0.806 0.617 0.834 0.402 0.759 0.755 

Locus 49 : Mnov_gtseq_180 
2 alleles
14.0% missing data
   0   (0.649) 0.716 0.747 0.443 0.675 0.941 0.756 0.263 
   1   (0.351) 0.284 0.253 0.557 0.325 0.059 0.244 0.737 

Locus 50 : Mnov_gtseq_182 
2 alleles
9.0% missing data
   0   (0.819) 0.896 0.891 0.663 0.694 0.813 0.873 0.946 
   1   (0.181) 0.104 0.109 0.337 0.306 0.187 0.127 0.054 

Locus 51 : Mnov_gtseq_186 
2 alleles
27.7% missing data
   0   (0.518) 0.412 0.550 0.588 0.491 0.516 0.468 0.622 
   1   (0.482) 0.588 0.450 0.412 0.509 0.484 0.532 0.378 

Locus 52 : Mnov_gtseq_187 
2 alleles
7.6% missing data
   1   (0.582) 0.348 0.577 0.459 0.730 0.839 0.670 0.529 
   0   (0.418) 0.652 0.423 0.541 0.270 0.161 0.330 0.471 

Locus 53 : Mnov_gtseq_188 
2 alleles
13.4% missing data
   0   (0.577) 0.668 0.225 0.423 0.629 0.777 0.460 0.861 
   1   (0.423) 0.332 0.775 0.577 0.371 0.223 0.540 0.139 

Locus 54 : Mnov_gtseq_189 
2 alleles
3.6% missing data
   0   (0.449) 0.537 0.387 0.733 0.399 0.395 0.547 0.189 
   1   (0.551) 0.463 0.613 0.267 0.601 0.605 0.453 0.811 

Locus 55 : Mnov_gtseq_19 
2 alleles
0.0% missing data
   1   (0.927) 0.969 0.982 0.991 0.991 0.672 0.962 0.827 
   0   (0.073) 0.031 0.018 0.009 0.009 0.328 0.038 0.173 

Locus 56 : Mnov_gtseq_190 
2 alleles
0.0% missing data
   1   (0.431) 0.387 0.413 0.315 0.462 0.221 0.569 0.413 
   0   (0.569) 0.613 0.587 0.685 0.538 0.779 0.431 0.587 

Locus 57 : Mnov_gtseq_191 
2 alleles
26.3% missing data
   0   (0.905) 0.962 0.777 0.841 0.967 0.990 0.966 0.825 
   1   (0.095) 0.038 0.223 0.159 0.033 0.010 0.034 0.175 

Locus 58 : Mnov_gtseq_192 
2 alleles
21.0% missing data
   0   (0.809) 0.876 0.743 0.838 0.840 0.773 0.861 0.903 
   1   (0.191) 0.124 0.257 0.162 0.160 0.227 0.139 0.097 

Locus 59 : Mnov_gtseq_193 
2 alleles
0.0% missing data
   0   (0.707) 0.869 0.672 0.714 0.821 0.736 0.734 0.552 
   1   (0.293) 0.131 0.328 0.286 0.179 0.264 0.266 0.448 

Locus 60 : Mnov_gtseq_195 
2 alleles
0.0% missing data
   0   (0.562) 0.670 0.569 0.352 0.464 0.442 0.565 0.768 
   1   (0.438) 0.330 0.431 0.648 0.536 0.558 0.435 0.232 

Locus 61 : Mnov_gtseq_196 
2 alleles
0.3% missing data
   0   (0.295) 0.270 0.234 0.576 0.343 0.132 0.128 0.488 
   1   (0.705) 0.730 0.766 0.424 0.657 0.868 0.872 0.512 

Locus 62 : Mnov_gtseq_197 
3 alleles
0.3% missing data
   1   (0.378) 0.412 0.295 0.617 0.367 0.300 0.252 0.362 
   0   (0.436) 0.453 0.553 0.271 0.530 0.656 0.564 0.182 
   2   (0.186) 0.136 0.151 0.112 0.102 0.044 0.184 0.457 

Locus 63 : Mnov_gtseq_2 
2 alleles
0.3% missing data
   0   (0.213) 0.234 0.272 0.049 0.116 0.156 0.337 0.150 
   1   (0.787) 0.766 0.728 0.951 0.884 0.844 0.663 0.850 

Locus 64 : Mnov_gtseq_200 
2 alleles
2.8% missing data
   0   (0.422) 0.554 0.310 0.301 0.351 0.726 0.522 0.248 
   1   (0.578) 0.446 0.690 0.699 0.649 0.274 0.478 0.752 

Locus 65 : Mnov_gtseq_201 
2 alleles
0.0% missing data
   0   (0.885) 0.963 0.842 0.555 0.913 0.984 0.944 0.923 
   1   (0.115) 0.037 0.158 0.445 0.087 0.016 0.056 0.077 

Locus 66 : Mnov_gtseq_202 
2 alleles
0.0% missing data
   0   (0.431) 0.311 0.448 0.317 0.509 0.688 0.504 0.275 
   1   (0.569) 0.689 0.552 0.683 0.491 0.312 0.496 0.725 

Locus 67 : Mnov_gtseq_204 
2 alleles
3.9% missing data
   0   (0.445) 0.333 0.369 0.572 0.392 0.716 0.353 0.472 
   1   (0.555) 0.667 0.631 0.428 0.608 0.284 0.647 0.528 

