

----------------------------------------------------
STRUCTURE by Pritchard, Stephens and Donnelly (2000)
     and Falush, Stephens and Pritchard (2003)
       Code by Pritchard, Falush and Hubisz
             Version 2.3.4 (Jul 2012)
----------------------------------------------------



Command line arguments:   structure -m wint.area.structureRun/wint.area.structureRun.k7.r4_mainparams -e wint.area.structureRun/wint.area.structureRun.k7.r4_extraparams -i wint.area.structureRun/wint.area.structureRun.k7.r4_data -o wint.area.structureRun/wint.area.structureRun.k7.r4_out 
Input File:    wint.area.structureRun/wint.area.structureRun.k7.r4_data

Run parameters:
   350 individuals
   298 loci
   7 populations assumed
   1000 Burn-in period
   10000 Reps


--------------------------------------------
Proportion of membership of each pre-defined
 population in each of the 7 clusters

Given    Inferred Clusters                                   Number of
 Pop       1      2      3      4      5      6      7      Individuals

  1:     0.077  0.149  0.095  0.138  0.184  0.144  0.213       77
  2:     0.262  0.115  0.187  0.109  0.102  0.131  0.095      124
  3:     0.105  0.166  0.126  0.134  0.170  0.166  0.134      113
  4:     0.161  0.128  0.165  0.126  0.131  0.169  0.120       27
  5:     0.060  0.069  0.068  0.572  0.072  0.077  0.080        9
--------------------------------------------

Allele-freq. divergence among pops (Net nucleotide distance),
computed using point estimates of P.

      1       2       3       4       5       6       7      
 1      -    0.0496  0.0407  0.0666  0.0640  0.0559  0.0709  
 2   0.0496     -    0.0246  0.0332  0.0274  0.0232  0.0340  
 3   0.0407  0.0246     -    0.0380  0.0358  0.0261  0.0468  
 4   0.0666  0.0332  0.0380     -    0.0436  0.0348  0.0505  
 5   0.0640  0.0274  0.0358  0.0436     -    0.0284  0.0405  
 6   0.0559  0.0232  0.0261  0.0348  0.0284     -    0.0341  
 7   0.0709  0.0340  0.0468  0.0505  0.0405  0.0341     -    

Average distances (expected heterozygosity) between individuals in same cluster:
cluster  1  : 0.3919 
cluster  2  : 0.4398 
cluster  3  : 0.4272 
cluster  4  : 0.4099 
cluster  5  : 0.4332 
cluster  6  : 0.4239 
cluster  7  : 0.4145 

--------------------------------------------
Estimated Ln Prob of Data   = -241156.9
Mean value of ln likelihood = -133888.9
Variance of ln likelihood   = 214536.1
Mean value of alpha         = 1.0000

Mean value of Fst_1         = 0.2331
Mean value of Fst_2         = 0.1083
Mean value of Fst_3         = 0.1445
Mean value of Fst_4         = 0.1565
Mean value of Fst_5         = 0.1412
Mean value of Fst_6         = 0.1367
Mean value of Fst_7         = 0.1831


Inferred ancestry of individuals:
        Label (%Miss) Pop:  Inferred clusters
  1   207778    (1)    2 :  0.310 0.073 0.151 0.079 0.083 0.209 0.095 
  2 z0005757    (7)    3 :  0.055 0.163 0.204 0.121 0.106 0.109 0.242 
  3 z0005758    (0)    3 :  0.105 0.130 0.069 0.127 0.075 0.304 0.189 
  4 z0011944    (0)    1 :  0.060 0.053 0.140 0.624 0.032 0.043 0.049 
  5 z0012702    (8)    4 :  0.176 0.036 0.578 0.094 0.044 0.040 0.032 
  6 z0016577    (1)    3 :  0.154 0.150 0.121 0.077 0.144 0.227 0.127 
  7 z0016578   (20)    1 :  0.049 0.173 0.063 0.085 0.464 0.095 0.071 
  8 z0016579    (1)    3 :  0.086 0.172 0.101 0.154 0.075 0.280 0.132 
  9 z0018264    (0)    1 :  0.066 0.097 0.096 0.549 0.056 0.058 0.077 
 10 z0029828    (2)    3 :  0.060 0.163 0.164 0.069 0.322 0.131 0.091 
 11 z0029829   (13)    1 :  0.047 0.146 0.091 0.059 0.423 0.107 0.127 
 12 z0029846    (0)    1 :  0.141 0.097 0.114 0.102 0.257 0.122 0.166 
 13 z0029860    (0)    3 :  0.090 0.073 0.147 0.071 0.355 0.147 0.118 
 14 z0029863    (1)    1 :  0.095 0.156 0.090 0.303 0.132 0.158 0.066 
 15 z0029864    (8)    1 :  0.089 0.071 0.096 0.293 0.240 0.140 0.071 
 16 z0029865   (12)    3 :  0.032 0.102 0.060 0.069 0.074 0.463 0.200 
 17 z0037607    (1)    3 :  0.126 0.166 0.132 0.231 0.127 0.174 0.045 
 18 z0037609   (23)    3 :  0.083 0.120 0.105 0.165 0.199 0.208 0.120 
 19 z0037624   (20)    1 :  0.090 0.277 0.096 0.064 0.061 0.221 0.191 
 20 z0038417    (7)    2 :  0.451 0.071 0.137 0.114 0.066 0.071 0.091 
 21 z0040275    (8)    2 :  0.368 0.099 0.156 0.154 0.103 0.066 0.054 
 22 z0040287    (3)    2 :  0.105 0.080 0.166 0.201 0.157 0.199 0.092 
 23 z0040308    (0)    2 :  0.279 0.079 0.196 0.041 0.057 0.257 0.091 
 24 z0040333    (1)    2 :  0.105 0.104 0.491 0.056 0.117 0.078 0.048 
 25 z0040334    (1)    2 :  0.405 0.081 0.268 0.073 0.045 0.082 0.046 
 26 z0040337    (4)    2 :  0.131 0.101 0.248 0.161 0.134 0.141 0.084 
 27 z0040345    (1)    2 :  0.356 0.051 0.172 0.111 0.049 0.184 0.079 
 28 z0040357    (5)    2 :  0.278 0.100 0.189 0.099 0.092 0.119 0.123 
 29 z0040363   (19)    2 :  0.256 0.144 0.232 0.093 0.064 0.104 0.107 
 30 z0040364    (0)    2 :  0.500 0.063 0.104 0.078 0.061 0.106 0.088 
 31 z0040387    (0)    2 :  0.177 0.072 0.381 0.103 0.063 0.090 0.114 
 32 z0040403   (15)    2 :  0.247 0.101 0.125 0.105 0.150 0.090 0.182 
 33 z0040439    (0)    2 :  0.504 0.059 0.088 0.162 0.077 0.062 0.048 
 34 z0040465   (20)    2 :  0.259 0.086 0.108 0.066 0.248 0.149 0.083 
 35 z0040513   (24)    3 :  0.082 0.125 0.260 0.099 0.170 0.148 0.117 
 36 z0040961   (11)    2 :  0.110 0.106 0.330 0.188 0.079 0.075 0.111 
 37 z0040985   (14)    2 :  0.133 0.186 0.153 0.103 0.083 0.227 0.115 
 38 z0041026    (0)    2 :  0.276 0.147 0.186 0.085 0.146 0.073 0.087 
 39 z0041051   (30)    2 :  0.344 0.133 0.101 0.192 0.060 0.086 0.083 
 40 z0041115    (7)    2 :  0.317 0.074 0.157 0.062 0.077 0.105 0.207 
 41 z0041153   (23)    2 :  0.186 0.122 0.177 0.143 0.098 0.163 0.110 
 42 z0041233    (3)    2 :  0.194 0.110 0.198 0.065 0.109 0.177 0.147 
 43 z0041243    (0)    2 :  0.280 0.072 0.131 0.108 0.077 0.247 0.085 
 44 z0041248    (5)    2 :  0.275 0.104 0.249 0.101 0.065 0.094 0.114 
 45 z0041250    (1)    2 :  0.426 0.105 0.122 0.096 0.062 0.127 0.062 
 46 z0041274    (1)    2 :  0.147 0.172 0.156 0.182 0.187 0.082 0.075 
 47 z0041465   (16)    2 :  0.386 0.068 0.070 0.037 0.152 0.085 0.202 
 48 z0041472    (2)    2 :  0.183 0.072 0.267 0.069 0.078 0.166 0.165 
 49 z0041480    (9)    2 :  0.273 0.102 0.126 0.073 0.129 0.159 0.137 
 50 z0041483    (0)    2 :  0.487 0.086 0.077 0.063 0.088 0.071 0.127 
 51 z0041494   (12)    2 :  0.121 0.149 0.456 0.065 0.081 0.085 0.042 
 52 z0041498    (1)    2 :  0.374 0.145 0.091 0.088 0.133 0.071 0.098 
 53 z0041501    (1)    2 :  0.130 0.050 0.594 0.066 0.045 0.086 0.030 
 54 z0041507    (6)    2 :  0.240 0.115 0.277 0.103 0.075 0.132 0.057 
 55 z0041512    (0)    2 :  0.332 0.064 0.265 0.093 0.112 0.082 0.051 
 56 z0041522   (15)    2 :  0.371 0.079 0.082 0.136 0.117 0.099 0.116 
 57 z0041526    (0)    3 :  0.476 0.066 0.116 0.045 0.092 0.097 0.107 
 58 z0041527   (14)    2 :  0.221 0.105 0.234 0.061 0.120 0.137 0.123 
 59 z0043243    (1)    2 :  0.081 0.075 0.143 0.225 0.096 0.125 0.254 
 60 z0043278    (0)    2 :  0.329 0.089 0.208 0.144 0.084 0.089 0.057 
 61 z0043475   (16)    3 :  0.133 0.256 0.234 0.076 0.092 0.113 0.096 
 62 z0043477    (0)    2 :  0.213 0.066 0.152 0.194 0.082 0.193 0.100 
 63 z0043478    (2)    2 :  0.493 0.068 0.097 0.092 0.045 0.102 0.102 
 64 z0043481    (0)    2 :  0.258 0.068 0.339 0.067 0.066 0.108 0.095 
 65 z0043489    (5)    2 :  0.298 0.077 0.304 0.121 0.048 0.093 0.059 
 66 z0043491   (12)    2 :  0.220 0.111 0.152 0.144 0.109 0.176 0.088 
 67 z0043493    (2)    2 :  0.114 0.081 0.138 0.123 0.064 0.400 0.079 
 68 z0043494    (1)    2 :  0.243 0.146 0.176 0.076 0.162 0.132 0.066 
 69 z0043498    (1)    2 :  0.331 0.136 0.259 0.050 0.096 0.067 0.061 
 70 z0043504    (7)    2 :  0.216 0.087 0.091 0.143 0.043 0.287 0.133 
 71 z0043526    (3)    4 :  0.066 0.069 0.430 0.158 0.062 0.140 0.075 
 72 z0043566    (2)    2 :  0.276 0.154 0.201 0.074 0.046 0.121 0.129 
 73 z0043572    (0)    2 :  0.338 0.127 0.196 0.071 0.084 0.105 0.080 
 74 z0043599    (2)    2 :  0.235 0.182 0.127 0.065 0.130 0.156 0.106 
 75 z0043642    (0)    2 :  0.262 0.112 0.194 0.090 0.184 0.095 0.063 
 76 z0043649    (1)    2 :  0.356 0.067 0.240 0.072 0.096 0.072 0.098 
 77 z0043652    (1)    2 :  0.080 0.114 0.215 0.128 0.208 0.155 0.099 
 78 z0043668    (0)    2 :  0.126 0.148 0.306 0.074 0.052 0.140 0.153 
 79 z0043674    (0)    4 :  0.050 0.069 0.101 0.101 0.359 0.125 0.195 
 80 z0043686    (1)    2 :  0.308 0.098 0.134 0.175 0.089 0.095 0.100 
 81 z0043693    (1)    2 :  0.131 0.128 0.389 0.064 0.149 0.071 0.070 
 82 z0043704   (14)    2 :  0.585 0.076 0.059 0.099 0.074 0.049 0.058 
 83 z0043807    (1)    2 :  0.213 0.220 0.168 0.107 0.135 0.099 0.058 
 84 z0043819    (0)    2 :  0.063 0.342 0.184 0.133 0.098 0.103 0.077 
 85 z0043876    (7)    2 :  0.111 0.151 0.136 0.046 0.052 0.301 0.203 
 86 z0043877   (32)    2 :  0.128 0.174 0.282 0.061 0.071 0.124 0.161 
 87 z0043891   (21)    4 :  0.195 0.119 0.108 0.179 0.128 0.130 0.141 
 88 z0043915   (31)    2 :  0.150 0.129 0.135 0.221 0.085 0.188 0.092 
 89 z0043940   (10)    2 :  0.052 0.112 0.127 0.197 0.214 0.166 0.131 
 90 z0043954    (1)    2 :  0.150 0.128 0.170 0.161 0.144 0.126 0.121 
 91 z0043966    (5)    2 :  0.401 0.122 0.091 0.085 0.127 0.112 0.063 
 92 z0043980    (1)    2 :  0.145 0.244 0.214 0.079 0.103 0.113 0.101 
 93 z0044017   (11)    2 :  0.266 0.072 0.246 0.123 0.117 0.090 0.086 
 94 z0044019   (14)    2 :  0.185 0.232 0.183 0.058 0.077 0.134 0.130 
 95 z0044023   (35)    2 :  0.514 0.112 0.086 0.060 0.066 0.061 0.102 
 96 z0044033    (0)    2 :  0.560 0.066 0.164 0.032 0.059 0.065 0.053 
 97 z0044042    (3)    2 :  0.491 0.071 0.099 0.092 0.043 0.098 0.107 
 98 z0044047   (24)    2 :  0.196 0.101 0.395 0.085 0.076 0.090 0.057 
 99 z0044064   (13)    2 :  0.270 0.128 0.154 0.116 0.117 0.163 0.052 
100 z0044432   (14)    2 :  0.070 0.157 0.308 0.154 0.081 0.125 0.106 
101 z0045326    (0)    3 :  0.141 0.071 0.086 0.065 0.380 0.131 0.125 
102 z0045331    (5)    1 :  0.142 0.102 0.080 0.097 0.407 0.099 0.073 
103 z0045332    (1)    1 :  0.070 0.191 0.123 0.156 0.311 0.089 0.060 
104 z0045333    (6)    1 :  0.058 0.217 0.078 0.093 0.080 0.112 0.362 
105 z0045337    (4)    1 :  0.064 0.064 0.092 0.121 0.076 0.084 0.500 
106 z0045342   (12)    1 :  0.050 0.438 0.157 0.044 0.158 0.087 0.068 
107 z0045347    (1)    3 :  0.076 0.089 0.119 0.221 0.084 0.235 0.175 
108 z0045350    (0)    1 :  0.060 0.223 0.145 0.145 0.180 0.125 0.122 
109 z0045370    (0)    1 :  0.031 0.052 0.068 0.073 0.533 0.123 0.120 
110 z0045371    (1)    3 :  0.118 0.168 0.113 0.144 0.197 0.146 0.114 
111 z0045398    (1)    3 :  0.020 0.083 0.071 0.178 0.098 0.434 0.116 
112 z0045399    (1)    3 :  0.048 0.234 0.115 0.228 0.138 0.138 0.100 
113 z0045401   (23)    1 :  0.087 0.232 0.109 0.068 0.264 0.108 0.131 
114 z0045404    (0)    3 :  0.054 0.080 0.078 0.073 0.523 0.119 0.074 
115 z0045405    (4)    3 :  0.074 0.095 0.174 0.136 0.231 0.205 0.084 
116 z0045407    (1)    3 :  0.103 0.170 0.120 0.239 0.157 0.135 0.077 
117 z0045719    (0)    2 :  0.258 0.156 0.140 0.120 0.112 0.175 0.039 
118 z0045720    (1)    2 :  0.098 0.132 0.154 0.159 0.153 0.202 0.103 
119 z0045728    (0)    2 :  0.301 0.121 0.182 0.078 0.059 0.121 0.137 
120 z0045731    (0)    2 :  0.112 0.108 0.301 0.109 0.113 0.202 0.055 
121 z0045733    (0)    2 :  0.105 0.132 0.207 0.089 0.180 0.157 0.129 
122 z0045736    (1)    2 :  0.134 0.227 0.196 0.079 0.122 0.150 0.091 
123 z0045739    (1)    2 :  0.108 0.193 0.147 0.102 0.190 0.190 0.071 
124 z0045740    (1)    2 :  0.396 0.101 0.148 0.090 0.074 0.102 0.090 
125 z0045741    (0)    2 :  0.108 0.069 0.455 0.089 0.111 0.120 0.047 
126 z0045742    (0)    2 :  0.328 0.080 0.142 0.063 0.227 0.068 0.092 
127 z0045776    (0)    3 :  0.139 0.125 0.222 0.123 0.102 0.143 0.146 
128 z0045779    (0)    2 :  0.582 0.039 0.056 0.060 0.052 0.046 0.164 
129 z0045781    (0)    2 :  0.287 0.079 0.210 0.103 0.088 0.177 0.056 
130 z0045788    (5)    2 :  0.467 0.068 0.213 0.111 0.034 0.050 0.056 
131 z0045789    (2)    2 :  0.496 0.084 0.055 0.151 0.092 0.070 0.052 
132 z0045791    (4)    2 :  0.332 0.093 0.181 0.140 0.097 0.085 0.072 
133 z0045792   (22)    1 :  0.124 0.142 0.129 0.114 0.073 0.217 0.200 
134 z0045793    (0)    3 :  0.165 0.128 0.066 0.041 0.436 0.058 0.105 
135 z0047562   (14)    2 :  0.237 0.105 0.230 0.086 0.130 0.131 0.080 
136 z0047854    (1)    2 :  0.311 0.123 0.127 0.101 0.105 0.139 0.093 
137 z0051185    (0)    1 :  0.048 0.153 0.077 0.087 0.244 0.296 0.094 
138 z0051324    (0)    1 :  0.080 0.128 0.066 0.104 0.182 0.240 0.199 
139 z0051327    (3)    3 :  0.160 0.254 0.102 0.060 0.133 0.218 0.073 
140 z0051328    (1)    1 :  0.100 0.085 0.102 0.117 0.066 0.236 0.294 
141 z0051380    (0)    1 :  0.027 0.063 0.039 0.071 0.056 0.116 0.628 
142 z0051400    (0)    3 :  0.134 0.113 0.164 0.099 0.185 0.097 0.209 
143 z0051431   (21)    3 :  0.193 0.169 0.124 0.077 0.196 0.191 0.050 
144 z0051840   (33)    2 :  0.242 0.169 0.154 0.129 0.166 0.080 0.061 
145 z0051844   (27)    2 :  0.175 0.112 0.263 0.123 0.099 0.161 0.067 
146 z0051875   (28)    3 :  0.062 0.197 0.115 0.078 0.311 0.138 0.101 
147 z0051885    (7)    3 :  0.366 0.169 0.064 0.101 0.189 0.054 0.057 
148 z0051888    (0)    2 :  0.327 0.116 0.144 0.073 0.145 0.099 0.096 
149 z0051891    (0)    1 :  0.089 0.198 0.145 0.125 0.152 0.198 0.093 
150 z0051893    (2)    1 :  0.070 0.113 0.163 0.114 0.136 0.181 0.223 
151 z0051895    (0)    3 :  0.067 0.130 0.131 0.103 0.216 0.188 0.165 
152 z0051918    (0)    3 :  0.216 0.127 0.119 0.296 0.060 0.121 0.060 
153 z0051929    (1)    1 :  0.068 0.103 0.084 0.067 0.108 0.274 0.296 
154 z0051939   (11)    3 :  0.191 0.167 0.121 0.115 0.257 0.086 0.064 
155 z0051947    (3)    1 :  0.063 0.442 0.062 0.055 0.057 0.054 0.268 
156 z0051959    (1)    3 :  0.162 0.090 0.074 0.254 0.072 0.244 0.103 
157 z0052846    (0)    4 :  0.124 0.074 0.131 0.138 0.236 0.155 0.141 
158 z0052882    (1)    2 :  0.201 0.221 0.116 0.093 0.158 0.123 0.088 
159 z0053020   (20)    2 :  0.148 0.058 0.284 0.165 0.081 0.170 0.095 
160 z0053024   (12)    2 :  0.166 0.120 0.140 0.110 0.108 0.263 0.094 
161 z0053025    (3)    2 :  0.581 0.057 0.054 0.086 0.086 0.095 0.041 
162 z0053031    (0)    2 :  0.152 0.110 0.108 0.196 0.179 0.134 0.121 
163 z0053032    (0)    2 :  0.228 0.207 0.113 0.111 0.048 0.182 0.112 
164 z0053040    (5)    2 :  0.167 0.119 0.192 0.104 0.121 0.189 0.109 
165 z0053051    (0)    3 :  0.051 0.212 0.128 0.169 0.249 0.132 0.058 
166 z0053054    (5)    3 :  0.044 0.192 0.121 0.084 0.233 0.226 0.100 
167 z0053071    (2)    2 :  0.431 0.095 0.166 0.062 0.105 0.077 0.064 
168 z0053073    (1)    2 :  0.097 0.287 0.120 0.118 0.059 0.184 0.136 
169 z0053078    (0)    3 :  0.286 0.071 0.148 0.301 0.075 0.076 0.044 
170 z0053082    (1)    3 :  0.175 0.139 0.311 0.056 0.201 0.054 0.065 
171 z0053083   (12)    2 :  0.191 0.095 0.219 0.121 0.091 0.172 0.111 
172 z0053090   (10)    3 :  0.151 0.106 0.389 0.090 0.046 0.155 0.064 
173 z0053096    (0)    2 :  0.415 0.063 0.203 0.189 0.053 0.041 0.035 
174 z0053100    (6)    2 :  0.220 0.205 0.225 0.057 0.050 0.184 0.059 
175 z0053101    (0)    2 :  0.314 0.144 0.114 0.178 0.067 0.102 0.081 
176 z0053102    (8)    2 :  0.175 0.112 0.421 0.053 0.084 0.105 0.049 
177 z0053103    (0)    2 :  0.491 0.078 0.143 0.047 0.086 0.094 0.060 
178 z0053111    (2)    3 :  0.094 0.253 0.090 0.137 0.106 0.245 0.077 
179 z0053131    (0)    2 :  0.335 0.120 0.075 0.077 0.122 0.165 0.105 
180 z0053132    (0)    2 :  0.131 0.091 0.291 0.295 0.091 0.055 0.045 
181 z0053133    (0)    2 :  0.062 0.146 0.258 0.149 0.197 0.118 0.069 
182 z0053138    (0)    2 :  0.212 0.117 0.117 0.082 0.144 0.189 0.139 
183 z0053142    (2)    2 :  0.232 0.088 0.107 0.143 0.104 0.117 0.210 
184 z0053149    (0)    2 :  0.308 0.067 0.164 0.153 0.072 0.063 0.173 
185 z0053754    (1)    1 :  0.157 0.070 0.058 0.297 0.105 0.110 0.204 
186 z0053756    (1)    1 :  0.074 0.131 0.078 0.339 0.090 0.119 0.169 
187 z0053758   (17)    1 :  0.086 0.068 0.068 0.062 0.497 0.054 0.166 
188 z0053759    (0)    1 :  0.056 0.235 0.064 0.133 0.100 0.146 0.264 
189 z0053842    (1)    1 :  0.065 0.087 0.094 0.063 0.089 0.507 0.094 
190 z0053843    (6)    1 :  0.040 0.100 0.115 0.106 0.437 0.096 0.105 
191 z0053844    (7)    1 :  0.095 0.176 0.098 0.107 0.213 0.166 0.144 
192 z0053846    (2)    1 :  0.041 0.103 0.090 0.083 0.500 0.058 0.125 
193 z0053847    (0)    1 :  0.061 0.633 0.055 0.038 0.024 0.045 0.145 
194 z0053849    (1)    1 :  0.074 0.082 0.083 0.201 0.182 0.289 0.089 
195 z0055903    (1)    4 :  0.051 0.136 0.185 0.113 0.093 0.242 0.179 
196 z0055910   (34)    4 :  0.167 0.111 0.084 0.157 0.076 0.267 0.138 
197 z0055912    (7)    4 :  0.134 0.127 0.143 0.235 0.098 0.183 0.081 
198 z0055916   (15)    4 :  0.155 0.121 0.124 0.158 0.086 0.234 0.121 
199 z0055931    (2)    4 :  0.334 0.132 0.176 0.092 0.085 0.097 0.083 
200 z0055944    (3)    4 :  0.109 0.094 0.151 0.114 0.151 0.195 0.187 
201 z0055947    (9)    4 :  0.152 0.054 0.106 0.122 0.307 0.181 0.078 
202 z0055962    (6)    4 :  0.282 0.153 0.141 0.066 0.090 0.197 0.071 
203 z0055963   (21)    4 :  0.261 0.126 0.141 0.117 0.111 0.171 0.073 
204 z0055965   (25)    4 :  0.052 0.270 0.122 0.243 0.078 0.117 0.118 
205 z0055970   (15)    4 :  0.134 0.160 0.201 0.093 0.070 0.170 0.171 
206 z0055971    (7)    4 :  0.161 0.098 0.163 0.160 0.112 0.155 0.151 
207 z0055977    (6)    4 :  0.221 0.109 0.141 0.129 0.125 0.219 0.054 
208 z0055986   (19)    4 :  0.089 0.214 0.102 0.081 0.195 0.114 0.205 
209 z0055990    (6)    4 :  0.363 0.152 0.121 0.090 0.128 0.077 0.068 
210 z0055996    (2)    4 :  0.232 0.125 0.099 0.054 0.200 0.207 0.082 
211 z0055997    (3)    4 :  0.162 0.262 0.149 0.070 0.103 0.113 0.140 
212 z0055998    (4)    4 :  0.128 0.204 0.084 0.226 0.098 0.139 0.120 
213 z0055999    (2)    4 :  0.078 0.094 0.148 0.133 0.233 0.104 0.210 
214 z0056011    (7)    4 :  0.060 0.092 0.205 0.109 0.081 0.361 0.091 
215 z0056029    (4)    4 :  0.136 0.105 0.205 0.072 0.093 0.261 0.129 
216 z0056034    (0)    4 :  0.286 0.152 0.106 0.092 0.091 0.177 0.096 
217 z0056056   (25)    3 :  0.091 0.153 0.147 0.080 0.147 0.182 0.200 
218 z0056058    (5)    3 :  0.032 0.090 0.050 0.032 0.059 0.070 0.667 
219 z0056059    (8)    3 :  0.059 0.348 0.189 0.077 0.084 0.164 0.078 
220 z0056062    (1)    3 :  0.065 0.090 0.207 0.216 0.081 0.105 0.236 
221 z0056063    (4)    3 :  0.050 0.200 0.136 0.100 0.138 0.285 0.089 
222 z0056064    (0)    3 :  0.063 0.150 0.170 0.268 0.124 0.114 0.111 
223 z0056065    (0)    3 :  0.059 0.198 0.106 0.159 0.190 0.094 0.194 
224 z0056073    (0)    3 :  0.048 0.122 0.128 0.081 0.168 0.331 0.123 
225 z0056076    (4)    3 :  0.070 0.631 0.059 0.100 0.034 0.044 0.062 
226 z0056079    (9)    3 :  0.049 0.160 0.097 0.145 0.083 0.311 0.155 
227 z0056085    (0)    3 :  0.095 0.181 0.090 0.177 0.293 0.090 0.074 
228 z0056092    (1)    3 :  0.055 0.157 0.093 0.222 0.221 0.140 0.112 
229 z0056095    (1)    3 :  0.048 0.246 0.093 0.208 0.195 0.083 0.126 
230 z0056103    (7)    3 :  0.039 0.172 0.100 0.117 0.068 0.196 0.307 
231 z0056374    (7)    1 :  0.042 0.099 0.062 0.053 0.087 0.132 0.525 
232 z0056375    (0)    1 :  0.057 0.065 0.096 0.099 0.355 0.107 0.222 
233 z0056377    (0)    1 :  0.095 0.184 0.100 0.110 0.112 0.261 0.138 
234 z0056378    (0)    1 :  0.055 0.223 0.141 0.063 0.062 0.071 0.386 
235 z0056382    (0)    1 :  0.039 0.119 0.104 0.122 0.500 0.065 0.052 
236 z0056384    (3)    1 :  0.080 0.179 0.098 0.246 0.072 0.087 0.238 
237 z0056386    (7)    1 :  0.052 0.240 0.063 0.109 0.338 0.075 0.122 
238 z0056389    (0)    1 :  0.037 0.120 0.056 0.044 0.629 0.044 0.071 
239 z0056391    (1)    1 :  0.029 0.080 0.045 0.039 0.415 0.059 0.332 
240 z0056392   (11)    1 :  0.060 0.099 0.076 0.087 0.184 0.088 0.406 
241 z0056393    (8)    1 :  0.072 0.076 0.107 0.061 0.235 0.242 0.209 
242 z0056394    (0)    1 :  0.061 0.069 0.087 0.066 0.193 0.324 0.200 
243 z0056395    (1)    1 :  0.096 0.184 0.118 0.151 0.055 0.129 0.267 
244 z0056397    (0)    1 :  0.197 0.079 0.091 0.218 0.073 0.173 0.168 
245 z0061527    (2)    3 :  0.383 0.212 0.099 0.083 0.061 0.099 0.063 
246 z0061967    (1)    3 :  0.106 0.245 0.094 0.107 0.118 0.247 0.084 
247 z0061969    (0)    3 :  0.291 0.149 0.078 0.055 0.193 0.144 0.090 
248 z0061980    (1)    1 :  0.096 0.121 0.111 0.185 0.161 0.113 0.213 
249 z0066166    (3)    3 :  0.195 0.066 0.097 0.093 0.240 0.107 0.204 
250 z0066792    (2)    1 :  0.108 0.077 0.069 0.538 0.080 0.058 0.071 
251 z0066805    (1)    1 :  0.051 0.070 0.119 0.549 0.067 0.055 0.089 
252 z0068471    (2)    3 :  0.081 0.176 0.096 0.146 0.060 0.092 0.348 
253 z0075696    (6)    5 :  0.046 0.050 0.055 0.639 0.099 0.076 0.035 
254 z0101084    (7)    1 :  0.059 0.067 0.116 0.076 0.134 0.103 0.445 
255 z0107099    (2)    3 :  0.027 0.090 0.094 0.077 0.252 0.174 0.287 
256 z0107101    (0)    1 :  0.042 0.079 0.063 0.042 0.198 0.044 0.532 
257 z0108489    (0)    1 :  0.083 0.154 0.157 0.173 0.076 0.162 0.195 
258 z0108513    (0)    1 :  0.127 0.097 0.051 0.066 0.326 0.056 0.279 
259 z0108528    (0)    3 :  0.149 0.189 0.132 0.062 0.172 0.140 0.156 
260 z0113628    (1)    3 :  0.093 0.180 0.207 0.161 0.104 0.186 0.070 
261 z0133302   (16)    1 :  0.060 0.577 0.067 0.080 0.065 0.067 0.084 
262 z0173485    (1)    1 :  0.154 0.252 0.173 0.067 0.096 0.200 0.059 
263 z0175371    (1)    3 :  0.157 0.195 0.105 0.247 0.118 0.108 0.070 
264 z0175378    (0)    2 :  0.383 0.175 0.118 0.035 0.120 0.121 0.048 
265 z0175912    (0)    1 :  0.097 0.076 0.074 0.080 0.051 0.161 0.462 
266 z0175916    (1)    1 :  0.222 0.214 0.083 0.150 0.078 0.128 0.125 
267 z0175937    (1)    1 :  0.053 0.070 0.110 0.139 0.353 0.115 0.159 
268 z0178348   (12)    1 :  0.083 0.059 0.087 0.096 0.078 0.171 0.427 
269 z0187819    (7)    3 :  0.070 0.084 0.150 0.091 0.158 0.109 0.337 
270 z0187857    (1)    1 :  0.088 0.107 0.097 0.047 0.162 0.117 0.382 
271 z0187860    (0)    1 :  0.098 0.295 0.121 0.065 0.104 0.157 0.159 
272 z0187885    (0)    2 :  0.218 0.109 0.178 0.272 0.106 0.060 0.056 
273 z0187906    (9)    1 :  0.068 0.119 0.226 0.206 0.096 0.187 0.098 
274 z0195655    (0)    2 :  0.574 0.093 0.060 0.066 0.057 0.089 0.061 
275 z0195663    (0)    3 :  0.277 0.113 0.158 0.152 0.113 0.138 0.049 
276 z0195683    (1)    3 :  0.056 0.305 0.122 0.058 0.227 0.130 0.101 
277 z0195688    (0)    2 :  0.197 0.092 0.124 0.171 0.173 0.138 0.104 
278 z0195691    (0)    3 :  0.077 0.246 0.189 0.143 0.123 0.151 0.072 
279 z0195699    (0)    3 :  0.087 0.119 0.133 0.077 0.251 0.251 0.081 
280 z0195701    (7)    3 :  0.063 0.215 0.109 0.133 0.216 0.100 0.164 
281 z0195702    (0)    3 :  0.114 0.380 0.115 0.112 0.070 0.139 0.069 
282 z0195704    (0)    3 :  0.155 0.083 0.119 0.098 0.058 0.085 0.403 
283 z0195705    (0)    3 :  0.244 0.076 0.300 0.071 0.061 0.175 0.073 
284 z0195711    (0)    3 :  0.068 0.112 0.116 0.229 0.128 0.255 0.091 
285 z0195716    (0)    3 :  0.078 0.279 0.091 0.226 0.113 0.097 0.116 
286 z0195718   (12)    3 :  0.046 0.281 0.077 0.140 0.166 0.096 0.193 
287 z0195725    (5)    3 :  0.219 0.075 0.114 0.065 0.056 0.212 0.258 
288 z0195726   (16)    1 :  0.038 0.144 0.128 0.085 0.066 0.445 0.093 
289 z0195728   (14)    3 :  0.029 0.188 0.053 0.062 0.509 0.075 0.085 
290 z0195732   (16)    3 :  0.031 0.098 0.083 0.110 0.221 0.355 0.102 
291 z0195737    (0)    3 :  0.134 0.142 0.325 0.097 0.112 0.101 0.089 
292 z0195740   (26)    3 :  0.093 0.113 0.131 0.174 0.102 0.276 0.111 
293 z0195751    (1)    3 :  0.041 0.258 0.084 0.073 0.370 0.101 0.074 
294 z0195762    (1)    3 :  0.052 0.057 0.083 0.394 0.150 0.171 0.094 
295 z0195784    (0)    3 :  0.039 0.128 0.148 0.150 0.181 0.182 0.171 
296 z0196686    (0)    5 :  0.039 0.055 0.051 0.693 0.035 0.043 0.085 
297 z0196687    (0)    5 :  0.078 0.048 0.099 0.579 0.060 0.065 0.071 
298 z0196689    (0)    5 :  0.089 0.065 0.062 0.602 0.053 0.092 0.039 
299 z0196690    (2)    5 :  0.042 0.058 0.085 0.519 0.100 0.047 0.148 
300 z0196691    (7)    5 :  0.026 0.078 0.093 0.562 0.056 0.107 0.078 
301 z0196692    (1)    5 :  0.100 0.077 0.056 0.489 0.088 0.089 0.101 
302 z0196693    (1)    5 :  0.063 0.116 0.052 0.540 0.101 0.058 0.069 
303 z0196694    (1)    5 :  0.058 0.073 0.061 0.531 0.060 0.119 0.098 
304 z0196710    (0)    3 :  0.103 0.223 0.093 0.246 0.091 0.109 0.135 
305 z0196715   (22)    3 :  0.047 0.123 0.071 0.052 0.260 0.261 0.186 
306 z0196719    (0)    3 :  0.090 0.086 0.135 0.087 0.311 0.166 0.125 
307 z0196724   (20)    3 :  0.076 0.132 0.119 0.061 0.229 0.293 0.090 
308 z0196725    (0)    3 :  0.061 0.177 0.121 0.103 0.080 0.073 0.385 
309 z0196729    (1)    3 :  0.074 0.363 0.084 0.097 0.158 0.091 0.132 
310 z0196730    (3)    1 :  0.095 0.100 0.060 0.052 0.044 0.048 0.600 
311 z0196731    (0)    3 :  0.048 0.140 0.076 0.094 0.189 0.298 0.154 
312 z0196733   (13)    1 :  0.091 0.130 0.088 0.119 0.154 0.298 0.119 
313 z0196734    (1)    3 :  0.071 0.166 0.205 0.082 0.163 0.247 0.067 
314 z0196739   (17)    3 :  0.117 0.217 0.201 0.063 0.105 0.150 0.148 
315 z0196740   (11)    3 :  0.075 0.074 0.076 0.311 0.225 0.136 0.103 
316 z0196746    (1)    1 :  0.033 0.099 0.146 0.123 0.141 0.082 0.376 
317 z0196751    (0)    3 :  0.074 0.500 0.076 0.093 0.116 0.067 0.073 
318 z0196752    (0)    3 :  0.036 0.231 0.065 0.430 0.066 0.071 0.100 
319 z0196754    (0)    3 :  0.059 0.056 0.195 0.066 0.409 0.108 0.108 
320 z0196758    (1)    1 :  0.111 0.084 0.088 0.185 0.168 0.111 0.252 
321 z0196763    (1)    3 :  0.062 0.073 0.197 0.123 0.213 0.245 0.088 
322 z0196764    (0)    3 :  0.073 0.102 0.070 0.133 0.290 0.214 0.118 
323 z0196766    (0)    3 :  0.059 0.357 0.071 0.121 0.153 0.071 0.168 
324 z0196769    (1)    3 :  0.046 0.104 0.076 0.156 0.247 0.210 0.160 
325 z0196774    (0)    3 :  0.038 0.163 0.094 0.286 0.136 0.085 0.198 
326 z0196783    (0)    1 :  0.039 0.076 0.070 0.072 0.254 0.082 0.409 
327 z0196794    (2)    1 :  0.041 0.208 0.078 0.119 0.274 0.070 0.211 
328 z0196804   (14)    1 :  0.058 0.075 0.074 0.110 0.216 0.256 0.211 
329 z0196809    (0)    3 :  0.060 0.098 0.068 0.194 0.300 0.178 0.102 
330 z0196810    (1)    1 :  0.057 0.271 0.079 0.217 0.078 0.133 0.165 
331 z0196811    (0)    1 :  0.046 0.072 0.064 0.161 0.229 0.320 0.108 
332 z0196824    (0)    3 :  0.165 0.252 0.141 0.121 0.099 0.136 0.087 
333 z0196825    (0)    3 :  0.087 0.225 0.145 0.057 0.125 0.195 0.166 
334 z0196828    (1)    2 :  0.133 0.092 0.100 0.094 0.108 0.330 0.143 
335 z0196829    (0)    3 :  0.083 0.122 0.102 0.067 0.089 0.361 0.176 
336 z0196834   (26)    3 :  0.143 0.271 0.105 0.081 0.203 0.111 0.086 
337 z0196835    (0)    3 :  0.060 0.149 0.077 0.057 0.205 0.166 0.287 
338 z0196841   (20)    3 :  0.063 0.325 0.110 0.176 0.124 0.102 0.100 
339 z0196843   (25)    3 :  0.077 0.093 0.086 0.076 0.069 0.216 0.384 
340 z0196849    (0)    3 :  0.066 0.132 0.087 0.086 0.385 0.171 0.073 
341 z0196852    (0)    2 :  0.135 0.138 0.134 0.131 0.105 0.289 0.069 
342 z0196855    (0)    2 :  0.196 0.103 0.146 0.150 0.080 0.204 0.122 
343 z0196856    (0)    3 :  0.192 0.134 0.141 0.160 0.081 0.235 0.057 
344 z0196864    (1)    3 :  0.203 0.087 0.152 0.111 0.073 0.314 0.060 
345 z0196894    (0)    3 :  0.061 0.121 0.081 0.264 0.196 0.129 0.148 
346 z0197662    (2)    1 :  0.195 0.162 0.103 0.094 0.049 0.258 0.139 
347 z0197665    (2)    1 :  0.044 0.083 0.052 0.107 0.110 0.068 0.537 
348 z0197668   (20)    3 :  0.083 0.052 0.104 0.377 0.171 0.139 0.074 
349 z0197669    (0)    3 :  0.213 0.098 0.263 0.119 0.142 0.104 0.061 
350 z0197672    (1)    3 :  0.072 0.186 0.137 0.109 0.251 0.175 0.069 


Estimated Allele Frequencies in each cluster
First column gives estimated ancestral frequencies


Locus 1 : Mnov_gtseq_1 
2 alleles
0.0% missing data
   0   (0.425) 0.171 0.381 0.451 0.490 0.352 0.613 0.361 
   1   (0.575) 0.829 0.619 0.549 0.510 0.648 0.387 0.639 

Locus 2 : Mnov_gtseq_10 
2 alleles
0.3% missing data
   0   (0.814) 0.966 0.819 0.920 0.923 0.659 0.756 0.724 
   1   (0.186) 0.034 0.181 0.080 0.077 0.341 0.244 0.276 

Locus 3 : Mnov_gtseq_102 
2 alleles
0.9% missing data
   0   (0.543) 0.828 0.309 0.699 0.600 0.624 0.480 0.464 
   1   (0.457) 0.172 0.691 0.301 0.400 0.376 0.520 0.536 

Locus 4 : Mnov_gtseq_104 
2 alleles
0.3% missing data
   0   (0.853) 0.962 0.793 0.939 0.961 0.760 0.923 0.699 
   1   (0.147) 0.038 0.207 0.061 0.039 0.240 0.077 0.301 

Locus 5 : Mnov_gtseq_106 
2 alleles
14.9% missing data
   1   (0.757) 0.745 0.684 0.878 0.665 0.840 0.845 0.775 
   0   (0.243) 0.255 0.316 0.122 0.335 0.160 0.155 0.225 

Locus 6 : Mnov_gtseq_107 
2 alleles
37.4% missing data
   1   (0.233) 0.437 0.314 0.423 0.081 0.104 0.181 0.151 
   0   (0.767) 0.563 0.686 0.577 0.919 0.896 0.819 0.849 

Locus 7 : Mnov_gtseq_112 
2 alleles
0.9% missing data
   0   (0.604) 0.733 0.601 0.650 0.323 0.731 0.706 0.571 
   1   (0.396) 0.267 0.399 0.350 0.677 0.269 0.294 0.429 

Locus 8 : Mnov_gtseq_113 
2 alleles
2.0% missing data
   1   (0.711) 0.579 0.621 0.696 0.679 0.832 0.809 0.837 
   0   (0.289) 0.421 0.379 0.304 0.321 0.168 0.191 0.163 

Locus 9 : Mnov_gtseq_114 
3 alleles
4.3% missing data
   0   (0.499) 0.194 0.491 0.445 0.382 0.646 0.675 0.629 
   1   (0.469) 0.746 0.500 0.543 0.610 0.344 0.311 0.365 
   2   (0.032) 0.059 0.009 0.012 0.008 0.010 0.014 0.006 

Locus 10 : Mnov_gtseq_117 
2 alleles
26.9% missing data
   0   (0.648) 0.916 0.775 0.643 0.659 0.505 0.592 0.478 
   1   (0.352) 0.084 0.225 0.357 0.341 0.495 0.408 0.522 

Locus 11 : Mnov_gtseq_12 
2 alleles
0.3% missing data
   0   (0.458) 0.270 0.362 0.307 0.768 0.789 0.311 0.266 
   1   (0.542) 0.730 0.638 0.693 0.232 0.211 0.689 0.734 

Locus 12 : Mnov_gtseq_124 
4 alleles
5.1% missing data
   3   (0.713) 0.914 0.800 0.762 0.845 0.777 0.676 0.560 
   2   (0.222) 0.061 0.177 0.217 0.124 0.170 0.305 0.427 
   1   (0.036) 0.021 0.013 0.012 0.012 0.041 0.009 0.005 
   0   (0.029) 0.003 0.010 0.010 0.019 0.012 0.010 0.007 

Locus 13 : Mnov_gtseq_125 
3 alleles
1.7% missing data
   1   (0.236) 0.406 0.124 0.362 0.232 0.300 0.106 0.085 
   2   (0.661) 0.115 0.815 0.521 0.727 0.677 0.779 0.893 
   0   (0.103) 0.479 0.061 0.117 0.041 0.023 0.114 0.022 

Locus 14 : Mnov_gtseq_126 
2 alleles
0.0% missing data
   0   (0.343) 0.271 0.272 0.291 0.652 0.145 0.532 0.222 
   1   (0.657) 0.729 0.728 0.709 0.348 0.855 0.468 0.778 

Locus 15 : Mnov_gtseq_127 
2 alleles
6.9% missing data
   0   (0.623) 0.335 0.706 0.560 0.657 0.779 0.603 0.604 
   1   (0.377) 0.665 0.294 0.440 0.343 0.221 0.397 0.396 

Locus 16 : Mnov_gtseq_128 
2 alleles
30.9% missing data
   0   (0.683) 0.641 0.602 0.693 0.655 0.766 0.715 0.850 
   1   (0.317) 0.359 0.398 0.307 0.345 0.234 0.285 0.150 

Locus 17 : Mnov_gtseq_129 
3 alleles
2.0% missing data
   0   (0.514) 0.454 0.581 0.764 0.219 0.397 0.674 0.514 
   1   (0.316) 0.441 0.323 0.160 0.192 0.482 0.220 0.335 
   2   (0.170) 0.105 0.096 0.076 0.589 0.121 0.106 0.152 

Locus 18 : Mnov_gtseq_13 
3 alleles
0.0% missing data
   1   (0.404) 0.407 0.384 0.280 0.147 0.576 0.627 0.489 
   2   (0.177) 0.079 0.217 0.201 0.377 0.059 0.133 0.076 
   0   (0.419) 0.515 0.399 0.519 0.475 0.364 0.240 0.435 

Locus 19 : Mnov_gtseq_130 
2 alleles
28.6% missing data
   1   (0.502) 0.602 0.539 0.346 0.649 0.462 0.514 0.427 
   0   (0.498) 0.398 0.461 0.654 0.351 0.538 0.486 0.573 

Locus 20 : Mnov_gtseq_135 
2 alleles
0.6% missing data
   0   (0.469) 0.592 0.512 0.459 0.357 0.486 0.473 0.328 
   1   (0.531) 0.408 0.488 0.541 0.643 0.514 0.527 0.672 

Locus 21 : Mnov_gtseq_138 
3 alleles
0.6% missing data
   0   (0.262) 0.162 0.307 0.441 0.127 0.210 0.156 0.394 
   1   (0.518) 0.776 0.500 0.429 0.656 0.558 0.449 0.435 
   2   (0.220) 0.062 0.193 0.129 0.217 0.232 0.395 0.171 

Locus 22 : Mnov_gtseq_140 
2 alleles
1.1% missing data
   0   (0.458) 0.554 0.521 0.652 0.211 0.587 0.485 0.167 
   1   (0.542) 0.446 0.479 0.348 0.789 0.413 0.515 0.833 

Locus 23 : Mnov_gtseq_141 
2 alleles
0.3% missing data
   0   (0.565) 0.497 0.669 0.562 0.428 0.451 0.521 0.806 
   1   (0.435) 0.503 0.331 0.438 0.572 0.549 0.479 0.194 

Locus 24 : Mnov_gtseq_143 
2 alleles
2.6% missing data
   1   (0.547) 0.536 0.621 0.462 0.318 0.630 0.535 0.734 
   0   (0.453) 0.464 0.379 0.538 0.682 0.370 0.465 0.266 

Locus 25 : Mnov_gtseq_145 
2 alleles
2.0% missing data
   0   (0.469) 0.579 0.685 0.317 0.303 0.453 0.324 0.594 
   1   (0.531) 0.421 0.315 0.683 0.697 0.547 0.676 0.406 

Locus 26 : Mnov_gtseq_147 
3 alleles
25.4% missing data
   0   (0.754) 0.394 0.774 0.711 0.787 0.839 0.881 0.882 
   2   (0.154) 0.055 0.193 0.113 0.130 0.135 0.080 0.096 
   1   (0.091) 0.551 0.032 0.176 0.083 0.025 0.039 0.022 

Locus 27 : Mnov_gtseq_148 
3 alleles
9.1% missing data
   0   (0.292) 0.109 0.372 0.148 0.539 0.241 0.391 0.147 
   1   (0.449) 0.518 0.347 0.750 0.340 0.282 0.421 0.582 
   2   (0.259) 0.373 0.281 0.102 0.121 0.478 0.188 0.271 

Locus 28 : Mnov_gtseq_149 
2 alleles
0.3% missing data
   0   (0.601) 0.465 0.635 0.687 0.539 0.512 0.705 0.671 
   1   (0.399) 0.535 0.365 0.313 0.461 0.488 0.295 0.329 

Locus 29 : Mnov_gtseq_15 
2 alleles
0.0% missing data
   0   (0.491) 0.319 0.546 0.555 0.468 0.757 0.330 0.295 
   1   (0.509) 0.681 0.454 0.445 0.532 0.243 0.670 0.705 

Locus 30 : Mnov_gtseq_152 
2 alleles
0.9% missing data
   0   (0.350) 0.306 0.519 0.527 0.194 0.316 0.240 0.211 
   1   (0.650) 0.694 0.481 0.473 0.806 0.684 0.760 0.789 

Locus 31 : Mnov_gtseq_154 
3 alleles
3.4% missing data
   0   (0.338) 0.103 0.267 0.228 0.363 0.401 0.428 0.584 
   2   (0.217) 0.364 0.363 0.115 0.248 0.137 0.167 0.076 
   1   (0.445) 0.532 0.370 0.656 0.390 0.462 0.406 0.340 

Locus 32 : Mnov_gtseq_157 
2 alleles
0.6% missing data
   1   (0.555) 0.655 0.559 0.662 0.463 0.554 0.573 0.473 
   0   (0.445) 0.345 0.441 0.338 0.537 0.446 0.427 0.527 

Locus 33 : Mnov_gtseq_158 
2 alleles
0.6% missing data
   0   (0.403) 0.054 0.520 0.167 0.380 0.603 0.377 0.727 
   1   (0.597) 0.946 0.480 0.833 0.620 0.397 0.623 0.273 

Locus 34 : Mnov_gtseq_159 
3 alleles
24.0% missing data
   0   (0.583) 0.306 0.612 0.531 0.567 0.728 0.720 0.644 
   1   (0.203) 0.481 0.188 0.292 0.152 0.081 0.095 0.272 
   2   (0.214) 0.213 0.200 0.177 0.280 0.192 0.185 0.084 

Locus 35 : Mnov_gtseq_16 
2 alleles
0.0% missing data
   0   (0.633) 0.523 0.588 0.697 0.710 0.794 0.589 0.559 
   1   (0.367) 0.477 0.412 0.303 0.290 0.206 0.411 0.441 

Locus 36 : Mnov_gtseq_160 
2 alleles
2.3% missing data
   0   (0.485) 0.347 0.391 0.487 0.420 0.516 0.600 0.613 
   1   (0.515) 0.653 0.609 0.513 0.580 0.484 0.400 0.387 

Locus 37 : Mnov_gtseq_161 
2 alleles
1.7% missing data
   1   (0.743) 0.839 0.677 0.810 0.750 0.844 0.725 0.800 
   0   (0.257) 0.161 0.323 0.190 0.250 0.156 0.275 0.200 

Locus 38 : Mnov_gtseq_167 
3 alleles
1.1% missing data
   2   (0.731) 0.799 0.649 0.824 0.885 0.859 0.767 0.508 
   0   (0.189) 0.140 0.313 0.082 0.094 0.095 0.137 0.472 
   1   (0.080) 0.061 0.039 0.093 0.022 0.046 0.096 0.020 

Locus 39 : Mnov_gtseq_17 
2 alleles
0.3% missing data
   0   (0.540) 0.299 0.666 0.663 0.575 0.485 0.472 0.496 
   1   (0.460) 0.701 0.334 0.337 0.425 0.515 0.528 0.504 

Locus 40 : Mnov_gtseq_170 
2 alleles
0.0% missing data
   0   (0.323) 0.193 0.422 0.236 0.301 0.281 0.405 0.170 
   1   (0.677) 0.807 0.578 0.764 0.699 0.719 0.595 0.830 

Locus 41 : Mnov_gtseq_171 
3 alleles
41.4% missing data
   2   (0.578) 0.689 0.547 0.556 0.720 0.561 0.602 0.634 
   0   (0.322) 0.171 0.327 0.379 0.210 0.409 0.344 0.292 
   1   (0.101) 0.141 0.127 0.065 0.070 0.030 0.054 0.074 

Locus 42 : Mnov_gtseq_173 
4 alleles
21.4% missing data
   3   (0.421) 0.618 0.307 0.537 0.705 0.235 0.500 0.181 
   1   (0.497) 0.187 0.665 0.369 0.252 0.743 0.476 0.805 
   2   (0.065) 0.193 0.023 0.090 0.040 0.019 0.021 0.013 
   0   (0.017) 0.001 0.005 0.003 0.002 0.004 0.004 0.002 

Locus 43 : Mnov_gtseq_174 
2 alleles
2.6% missing data
   0   (0.271) 0.629 0.226 0.248 0.295 0.133 0.127 0.430 
   1   (0.729) 0.371 0.774 0.752 0.705 0.867 0.873 0.570 

Locus 44 : Mnov_gtseq_180 
3 alleles
14.3% missing data
   1   (0.620) 0.955 0.444 0.715 0.300 0.733 0.756 0.633 
   2   (0.290) 0.036 0.385 0.255 0.659 0.168 0.193 0.303 
   0   (0.090) 0.008 0.170 0.030 0.042 0.099 0.051 0.065 

Locus 45 : Mnov_gtseq_182 
2 alleles
8.6% missing data
   0   (0.827) 0.861 0.902 0.818 0.946 0.635 0.932 0.689 
   1   (0.173) 0.139 0.098 0.182 0.054 0.365 0.068 0.311 

Locus 46 : Mnov_gtseq_186 
3 alleles
28.0% missing data
   1   (0.468) 0.444 0.405 0.582 0.475 0.555 0.403 0.510 
   2   (0.095) 0.014 0.129 0.043 0.093 0.046 0.077 0.077 
   0   (0.436) 0.542 0.466 0.375 0.432 0.399 0.520 0.413 

Locus 47 : Mnov_gtseq_187 
2 alleles
7.1% missing data
   1   (0.590) 0.839 0.700 0.537 0.556 0.708 0.484 0.352 
   0   (0.410) 0.161 0.300 0.463 0.444 0.292 0.516 0.648 

Locus 48 : Mnov_gtseq_188 
2 alleles
13.4% missing data
   0   (0.551) 0.749 0.485 0.589 0.839 0.480 0.343 0.502 
   1   (0.449) 0.251 0.515 0.411 0.161 0.520 0.657 0.498 

Locus 49 : Mnov_gtseq_189 
2 alleles
3.7% missing data
   0   (0.459) 0.421 0.623 0.458 0.161 0.432 0.492 0.597 
   1   (0.541) 0.579 0.377 0.542 0.839 0.568 0.508 0.403 

Locus 50 : Mnov_gtseq_19 
3 alleles
0.0% missing data
   1   (0.865) 0.658 0.937 0.819 0.788 0.957 0.952 0.852 
   2   (0.080) 0.010 0.050 0.165 0.023 0.036 0.035 0.137 
   0   (0.055) 0.332 0.013 0.016 0.189 0.007 0.012 0.011 

Locus 51 : Mnov_gtseq_190 
2 alleles
0.0% missing data
   1   (0.429) 0.269 0.468 0.397 0.364 0.372 0.630 0.320 
   0   (0.571) 0.731 0.532 0.603 0.636 0.628 0.370 0.680 

Locus 52 : Mnov_gtseq_192 
2 alleles
20.9% missing data
   0   (0.822) 0.774 0.917 0.894 0.886 0.681 0.794 0.892 
   1   (0.178) 0.226 0.083 0.106 0.114 0.319 0.206 0.108 

Locus 53 : Mnov_gtseq_193 
2 alleles
0.0% missing data
   0   (0.712) 0.762 0.747 0.820 0.508 0.823 0.770 0.644 
   1   (0.288) 0.238 0.253 0.180 0.492 0.177 0.230 0.356 

Locus 54 : Mnov_gtseq_195 
3 alleles
0.0% missing data
   1   (0.538) 0.500 0.437 0.675 0.769 0.523 0.495 0.454 
   2   (0.431) 0.498 0.531 0.314 0.218 0.471 0.495 0.541 
   0   (0.031) 0.002 0.032 0.011 0.012 0.006 0.010 0.006 

Locus 55 : Mnov_gtseq_196 
2 alleles
0.3% missing data
   0   (0.316) 0.118 0.304 0.136 0.573 0.370 0.256 0.425 
   1   (0.684) 0.882 0.696 0.864 0.427 0.630 0.744 0.575 

Locus 56 : Mnov_gtseq_197 
3 alleles
0.3% missing data
   1   (0.387) 0.292 0.350 0.362 0.386 0.329 0.306 0.580 
   0   (0.435) 0.665 0.371 0.487 0.193 0.581 0.559 0.355 
   2   (0.178) 0.044 0.279 0.151 0.421 0.089 0.134 0.065 

Locus 57 : Mnov_gtseq_2 
3 alleles
0.3% missing data
   0   (0.188) 0.210 0.117 0.292 0.106 0.094 0.371 0.073 
   2   (0.772) 0.786 0.868 0.695 0.716 0.894 0.615 0.919 
   1   (0.040) 0.003 0.015 0.013 0.178 0.012 0.013 0.008 

Locus 58 : Mnov_gtseq_200 
2 alleles
2.3% missing data
   0   (0.426) 0.734 0.543 0.559 0.218 0.285 0.354 0.333 
   1   (0.574) 0.266 0.457 0.441 0.782 0.715 0.646 0.667 

Locus 59 : Mnov_gtseq_201 
4 alleles
0.0% missing data
   0   (0.575) 0.552 0.553 0.723 0.797 0.423 0.674 0.405 
   2   (0.164) 0.242 0.207 0.147 0.050 0.183 0.117 0.060 
   3   (0.148) 0.186 0.108 0.093 0.083 0.328 0.139 0.044 
   1   (0.112) 0.021 0.131 0.037 0.070 0.066 0.070 0.491 

Locus 60 : Mnov_gtseq_202 
2 alleles
0.0% missing data
   0   (0.429) 0.665 0.420 0.323 0.241 0.452 0.496 0.441 
   1   (0.571) 0.335 0.580 0.677 0.759 0.548 0.504 0.559 

Locus 61 : Mnov_gtseq_204 
2 alleles
3.4% missing data
   0   (0.429) 0.722 0.315 0.383 0.504 0.450 0.237 0.615 
   1   (0.571) 0.278 0.685 0.617 0.496 0.550 0.763 0.385 

Locus 62 : Mnov_gtseq_205 
5 alleles
0.0% missing data
   0   (0.198) 0.255 0.123 0.170 0.206 0.557 0.114 0.063 
   4   (0.041) 0.214 0.013 0.020 0.009 0.007 0.034 0.007 
   3   (0.669) 0.438 0.825 0.772 0.725 0.409 0.804 0.891 
   1   (0.068) 0.091 0.035 0.035 0.057 0.020 0.039 0.031 
   2   (0.023) 0.002 0.005 0.004 0.004 0.006 0.010 0.008 

Locus 63 : Mnov_gtseq_208 
2 alleles
0.0% missing data
