

----------------------------------------------------
STRUCTURE by Pritchard, Stephens and Donnelly (2000)
     and Falush, Stephens and Pritchard (2003)
       Code by Pritchard, Falush and Hubisz
             Version 2.3.4 (Jul 2012)
----------------------------------------------------



Command line arguments:   structure -m wint.area.structureRun/wint.area.structureRun.k7.r3_mainparams -e wint.area.structureRun/wint.area.structureRun.k7.r3_extraparams -i wint.area.structureRun/wint.area.structureRun.k7.r3_data -o wint.area.structureRun/wint.area.structureRun.k7.r3_out 
Input File:    wint.area.structureRun/wint.area.structureRun.k7.r3_data

Run parameters:
   350 individuals
   298 loci
   7 populations assumed
   1000 Burn-in period
   10000 Reps


--------------------------------------------
Proportion of membership of each pre-defined
 population in each of the 7 clusters

Given    Inferred Clusters                                   Number of
 Pop       1      2      3      4      5      6      7      Individuals

  1:     0.183  0.089  0.075  0.150  0.224  0.141  0.137       77
  2:     0.102  0.191  0.259  0.117  0.091  0.132  0.108      124
  3:     0.172  0.126  0.104  0.168  0.133  0.167  0.130      113
  4:     0.131  0.170  0.159  0.136  0.114  0.164  0.127       27
  5:     0.073  0.055  0.059  0.073  0.077  0.071  0.592        9
--------------------------------------------

Allele-freq. divergence among pops (Net nucleotide distance),
computed using point estimates of P.

      1       2       3       4       5       6       7      
 1      -    0.0406  0.0651  0.0281  0.0443  0.0303  0.0469  
 2   0.0406     -    0.0470  0.0297  0.0573  0.0314  0.0455  
 3   0.0651  0.0470     -    0.0502  0.0754  0.0579  0.0706  
 4   0.0281  0.0297  0.0502     -    0.0382  0.0248  0.0364  
 5   0.0443  0.0573  0.0754  0.0382     -    0.0412  0.0577  
 6   0.0303  0.0314  0.0579  0.0248  0.0412     -    0.0393  
 7   0.0469  0.0455  0.0706  0.0364  0.0577  0.0393     -    

Average distances (expected heterozygosity) between individuals in same cluster:
cluster  1  : 0.4324 
cluster  2  : 0.4174 
cluster  3  : 0.3907 
cluster  4  : 0.4396 
cluster  5  : 0.4090 
cluster  6  : 0.4208 
cluster  7  : 0.4046 

--------------------------------------------
Estimated Ln Prob of Data   = -154666.5
Mean value of ln likelihood = -133775.8
Variance of ln likelihood   = 41781.4
Mean value of alpha         = 1.0000

Mean value of Fst_1         = 0.1393
Mean value of Fst_2         = 0.1660
Mean value of Fst_3         = 0.2361
Mean value of Fst_4         = 0.1081
Mean value of Fst_5         = 0.1923
Mean value of Fst_6         = 0.1442
Mean value of Fst_7         = 0.1659


Inferred ancestry of individuals:
        Label (%Miss) Pop:  Inferred clusters
  1   207778    (1)    2 :  0.095 0.179 0.301 0.077 0.110 0.159 0.079 
  2 z0005757    (7)    3 :  0.125 0.209 0.058 0.170 0.214 0.107 0.117 
  3 z0005758    (0)    3 :  0.076 0.051 0.099 0.167 0.171 0.326 0.110 
  4 z0011944    (0)    1 :  0.029 0.158 0.043 0.048 0.038 0.040 0.644 
  5 z0012702    (8)    4 :  0.040 0.644 0.143 0.034 0.029 0.034 0.076 
  6 z0016577    (1)    3 :  0.135 0.119 0.155 0.141 0.150 0.211 0.088 
  7 z0016578   (20)    1 :  0.499 0.055 0.044 0.148 0.075 0.081 0.097 
  8 z0016579    (1)    3 :  0.082 0.092 0.083 0.194 0.121 0.262 0.166 
  9 z0018264    (0)    1 :  0.052 0.092 0.066 0.104 0.076 0.057 0.553 
 10 z0029828    (2)    3 :  0.336 0.177 0.062 0.141 0.086 0.141 0.057 
 11 z0029829   (13)    1 :  0.447 0.100 0.045 0.130 0.115 0.113 0.049 
 12 z0029846    (0)    1 :  0.241 0.117 0.149 0.082 0.183 0.128 0.099 
 13 z0029860    (0)    3 :  0.393 0.152 0.091 0.065 0.116 0.121 0.061 
 14 z0029863    (1)    1 :  0.130 0.098 0.099 0.155 0.063 0.132 0.323 
 15 z0029864    (8)    1 :  0.189 0.091 0.087 0.073 0.088 0.173 0.299 
 16 z0029865   (12)    3 :  0.070 0.055 0.035 0.096 0.172 0.514 0.058 
 17 z0037607    (1)    3 :  0.140 0.108 0.130 0.167 0.039 0.167 0.248 
 18 z0037609   (23)    3 :  0.221 0.080 0.087 0.105 0.111 0.259 0.136 
 19 z0037624   (20)    1 :  0.063 0.079 0.090 0.308 0.178 0.227 0.055 
 20 z0038417    (7)    2 :  0.067 0.124 0.450 0.063 0.089 0.074 0.133 
 21 z0040275    (8)    2 :  0.124 0.130 0.356 0.092 0.049 0.099 0.149 
 22 z0040287    (3)    2 :  0.167 0.158 0.111 0.073 0.105 0.186 0.201 
 23 z0040308    (0)    2 :  0.048 0.180 0.275 0.102 0.084 0.268 0.042 
 24 z0040333    (1)    2 :  0.111 0.478 0.085 0.134 0.045 0.095 0.052 
 25 z0040334    (1)    2 :  0.044 0.251 0.407 0.069 0.047 0.116 0.067 
 26 z0040337    (4)    2 :  0.119 0.228 0.142 0.117 0.073 0.158 0.163 
 27 z0040345    (1)    2 :  0.044 0.169 0.359 0.052 0.068 0.196 0.112 
 28 z0040357    (5)    2 :  0.099 0.212 0.273 0.110 0.114 0.102 0.090 
 29 z0040363   (19)    2 :  0.068 0.256 0.262 0.143 0.102 0.093 0.078 
 30 z0040364    (0)    2 :  0.062 0.085 0.500 0.067 0.073 0.141 0.072 
 31 z0040387    (0)    2 :  0.058 0.451 0.151 0.060 0.110 0.078 0.091 
 32 z0040403   (15)    2 :  0.148 0.111 0.253 0.094 0.171 0.094 0.129 
 33 z0040439    (0)    2 :  0.069 0.083 0.508 0.054 0.043 0.069 0.174 
 34 z0040465   (20)    2 :  0.246 0.109 0.276 0.108 0.070 0.138 0.053 
 35 z0040513   (24)    3 :  0.146 0.323 0.076 0.111 0.128 0.124 0.091 
 36 z0040961   (11)    2 :  0.094 0.331 0.124 0.091 0.108 0.067 0.184 
 37 z0040985   (14)    2 :  0.107 0.148 0.128 0.168 0.105 0.248 0.096 
 38 z0041026    (0)    2 :  0.144 0.170 0.286 0.145 0.082 0.087 0.086 
 39 z0041051   (30)    2 :  0.061 0.094 0.332 0.117 0.083 0.095 0.218 
 40 z0041115    (7)    2 :  0.064 0.161 0.330 0.082 0.223 0.083 0.058 
 41 z0041153   (23)    2 :  0.098 0.168 0.191 0.150 0.100 0.141 0.152 
 42 z0041233    (3)    2 :  0.134 0.194 0.186 0.101 0.125 0.192 0.069 
 43 z0041243    (0)    2 :  0.073 0.109 0.281 0.074 0.075 0.288 0.100 
 44 z0041248    (5)    2 :  0.061 0.261 0.273 0.102 0.107 0.084 0.112 
 45 z0041250    (1)    2 :  0.075 0.123 0.434 0.105 0.054 0.119 0.091 
 46 z0041274    (1)    2 :  0.204 0.143 0.153 0.181 0.061 0.091 0.168 
 47 z0041465   (16)    2 :  0.151 0.056 0.398 0.065 0.202 0.090 0.037 
 48 z0041472    (2)    2 :  0.076 0.270 0.177 0.069 0.150 0.197 0.061 
 49 z0041480    (9)    2 :  0.126 0.103 0.268 0.106 0.149 0.187 0.062 
 50 z0041483    (0)    2 :  0.106 0.068 0.488 0.082 0.117 0.073 0.066 
 51 z0041494   (12)    2 :  0.079 0.491 0.105 0.150 0.040 0.079 0.057 
 52 z0041498    (1)    2 :  0.119 0.093 0.369 0.143 0.101 0.074 0.102 
 53 z0041501    (1)    2 :  0.038 0.697 0.095 0.042 0.028 0.055 0.045 
 54 z0041507    (6)    2 :  0.069 0.269 0.228 0.130 0.052 0.150 0.101 
 55 z0041512    (0)    2 :  0.097 0.275 0.323 0.068 0.047 0.094 0.096 
 56 z0041522   (15)    2 :  0.109 0.084 0.371 0.094 0.121 0.075 0.146 
 57 z0041526    (0)    3 :  0.089 0.138 0.469 0.070 0.100 0.088 0.046 
 58 z0041527   (14)    2 :  0.114 0.236 0.219 0.105 0.122 0.139 0.066 
 59 z0043243    (1)    2 :  0.106 0.151 0.083 0.085 0.268 0.096 0.210 
 60 z0043278    (0)    2 :  0.070 0.219 0.333 0.092 0.053 0.098 0.134 
 61 z0043475   (16)    3 :  0.081 0.236 0.129 0.284 0.088 0.112 0.070 
 62 z0043477    (0)    2 :  0.082 0.147 0.207 0.073 0.091 0.202 0.199 
 63 z0043478    (2)    2 :  0.042 0.099 0.486 0.068 0.108 0.113 0.083 
 64 z0043481    (0)    2 :  0.061 0.359 0.231 0.079 0.087 0.109 0.074 
 65 z0043489    (5)    2 :  0.056 0.324 0.287 0.079 0.047 0.087 0.119 
 66 z0043491   (12)    2 :  0.116 0.135 0.204 0.107 0.078 0.202 0.158 
 67 z0043493    (2)    2 :  0.068 0.114 0.110 0.085 0.066 0.434 0.124 
 68 z0043494    (1)    2 :  0.167 0.172 0.223 0.143 0.062 0.152 0.080 
 69 z0043498    (1)    2 :  0.094 0.284 0.332 0.116 0.057 0.064 0.053 
 70 z0043504    (7)    2 :  0.043 0.091 0.211 0.080 0.121 0.305 0.150 
 71 z0043526    (3)    4 :  0.055 0.510 0.051 0.068 0.075 0.119 0.122 
 72 z0043566    (2)    2 :  0.048 0.198 0.275 0.160 0.110 0.143 0.067 
 73 z0043572    (0)    2 :  0.075 0.207 0.324 0.154 0.072 0.095 0.072 
 74 z0043599    (2)    2 :  0.147 0.128 0.236 0.190 0.103 0.133 0.064 
 75 z0043642    (0)    2 :  0.188 0.231 0.249 0.108 0.054 0.083 0.086 
 76 z0043649    (1)    2 :  0.094 0.257 0.355 0.052 0.083 0.075 0.085 
 77 z0043652    (1)    2 :  0.209 0.235 0.076 0.106 0.086 0.161 0.126 
 78 z0043668    (0)    2 :  0.051 0.277 0.127 0.141 0.134 0.196 0.073 
 79 z0043674    (0)    4 :  0.385 0.079 0.048 0.074 0.194 0.108 0.112 
 80 z0043686    (1)    2 :  0.096 0.127 0.317 0.090 0.114 0.088 0.167 
 81 z0043693    (1)    2 :  0.135 0.424 0.117 0.119 0.082 0.062 0.061 
 82 z0043704   (14)    2 :  0.076 0.054 0.594 0.077 0.058 0.050 0.090 
 83 z0043807    (1)    2 :  0.133 0.146 0.223 0.224 0.053 0.114 0.108 
 84 z0043819    (0)    2 :  0.095 0.180 0.064 0.353 0.075 0.102 0.131 
 85 z0043876    (7)    2 :  0.054 0.128 0.108 0.154 0.173 0.339 0.043 
 86 z0043877   (32)    2 :  0.061 0.332 0.104 0.173 0.155 0.125 0.049 
 87 z0043891   (21)    4 :  0.114 0.101 0.194 0.133 0.139 0.134 0.185 
 88 z0043915   (31)    2 :  0.095 0.128 0.154 0.119 0.088 0.168 0.248 
 89 z0043940   (10)    2 :  0.246 0.104 0.053 0.130 0.132 0.156 0.180 
 90 z0043954    (1)    2 :  0.155 0.163 0.139 0.147 0.106 0.149 0.141 
 91 z0043966    (5)    2 :  0.119 0.086 0.390 0.118 0.060 0.138 0.088 
 92 z0043980    (1)    2 :  0.111 0.223 0.139 0.257 0.094 0.103 0.074 
 93 z0044017   (11)    2 :  0.122 0.287 0.231 0.060 0.079 0.083 0.138 
 94 z0044019   (14)    2 :  0.060 0.170 0.187 0.265 0.149 0.117 0.053 
 95 z0044023   (35)    2 :  0.055 0.085 0.517 0.133 0.089 0.063 0.058 
 96 z0044033    (0)    2 :  0.052 0.170 0.572 0.061 0.050 0.061 0.034 
 97 z0044042    (3)    2 :  0.034 0.107 0.475 0.066 0.113 0.114 0.091 
 98 z0044047   (24)    2 :  0.072 0.408 0.196 0.096 0.056 0.101 0.070 
 99 z0044064   (13)    2 :  0.116 0.151 0.266 0.137 0.044 0.180 0.107 
100 z0044432   (14)    2 :  0.089 0.308 0.072 0.150 0.108 0.116 0.158 
101 z0045326    (0)    3 :  0.380 0.082 0.147 0.064 0.149 0.121 0.057 
102 z0045331    (5)    1 :  0.402 0.056 0.150 0.116 0.075 0.106 0.094 
103 z0045332    (1)    1 :  0.317 0.120 0.074 0.204 0.055 0.092 0.137 
104 z0045333    (6)    1 :  0.085 0.072 0.064 0.216 0.396 0.089 0.077 
105 z0045337    (4)    1 :  0.071 0.081 0.062 0.059 0.551 0.064 0.112 
106 z0045342   (12)    1 :  0.167 0.149 0.048 0.434 0.057 0.104 0.041 
107 z0045347    (1)    3 :  0.089 0.121 0.078 0.103 0.174 0.226 0.210 
108 z0045350    (0)    1 :  0.185 0.134 0.052 0.253 0.122 0.118 0.136 
109 z0045370    (0)    1 :  0.525 0.087 0.032 0.042 0.142 0.111 0.060 
110 z0045371    (1)    3 :  0.202 0.107 0.121 0.161 0.123 0.144 0.141 
111 z0045398    (1)    3 :  0.098 0.072 0.022 0.070 0.103 0.471 0.163 
112 z0045399    (1)    3 :  0.147 0.130 0.047 0.241 0.106 0.106 0.225 
113 z0045401   (23)    1 :  0.298 0.105 0.079 0.201 0.132 0.106 0.079 
114 z0045404    (0)    3 :  0.563 0.069 0.050 0.064 0.069 0.118 0.067 
115 z0045405    (4)    3 :  0.250 0.179 0.070 0.097 0.070 0.213 0.120 
116 z0045407    (1)    3 :  0.158 0.103 0.102 0.192 0.070 0.108 0.267 
117 z0045719    (0)    2 :  0.118 0.141 0.256 0.164 0.036 0.152 0.133 
118 z0045720    (1)    2 :  0.148 0.126 0.107 0.161 0.086 0.213 0.160 
119 z0045728    (0)    2 :  0.057 0.183 0.294 0.127 0.141 0.123 0.075 
120 z0045731    (0)    2 :  0.107 0.337 0.107 0.095 0.047 0.203 0.104 
121 z0045733    (0)    2 :  0.174 0.178 0.107 0.147 0.113 0.200 0.082 
122 z0045736    (1)    2 :  0.138 0.199 0.130 0.231 0.090 0.134 0.077 
123 z0045739    (1)    2 :  0.173 0.146 0.096 0.234 0.070 0.172 0.109 
124 z0045740    (1)    2 :  0.074 0.146 0.395 0.109 0.084 0.104 0.089 
125 z0045741    (0)    2 :  0.092 0.547 0.083 0.068 0.037 0.090 0.084 
126 z0045742    (0)    2 :  0.234 0.149 0.332 0.068 0.101 0.051 0.063 
127 z0045776    (0)    3 :  0.110 0.236 0.124 0.165 0.139 0.114 0.112 
128 z0045779    (0)    2 :  0.055 0.050 0.590 0.049 0.158 0.046 0.051 
129 z0045781    (0)    2 :  0.087 0.235 0.280 0.079 0.062 0.162 0.094 
130 z0045788    (5)    2 :  0.036 0.207 0.476 0.071 0.054 0.056 0.100 
131 z0045789    (2)    2 :  0.096 0.058 0.480 0.095 0.048 0.064 0.160 
132 z0045791    (4)    2 :  0.100 0.208 0.327 0.097 0.076 0.061 0.131 
133 z0045792   (22)    1 :  0.075 0.144 0.108 0.135 0.218 0.205 0.115 
134 z0045793    (0)    3 :  0.426 0.050 0.168 0.146 0.107 0.067 0.036 
135 z0047562   (14)    2 :  0.133 0.223 0.238 0.096 0.078 0.152 0.080 
136 z0047854    (1)    2 :  0.109 0.123 0.302 0.120 0.092 0.168 0.086 
137 z0051185    (0)    1 :  0.248 0.065 0.043 0.152 0.086 0.323 0.083 
138 z0051324    (0)    1 :  0.161 0.055 0.077 0.146 0.213 0.237 0.111 
139 z0051327    (3)    3 :  0.130 0.102 0.173 0.245 0.067 0.232 0.049 
140 z0051328    (1)    1 :  0.066 0.104 0.090 0.081 0.322 0.231 0.107 
141 z0051380    (0)    1 :  0.050 0.034 0.030 0.059 0.666 0.093 0.068 
142 z0051400    (0)    3 :  0.213 0.175 0.130 0.104 0.215 0.072 0.091 
143 z0051431   (21)    3 :  0.212 0.125 0.194 0.147 0.048 0.210 0.064 
144 z0051840   (33)    2 :  0.163 0.155 0.240 0.188 0.058 0.077 0.120 
145 z0051844   (27)    2 :  0.086 0.304 0.152 0.110 0.064 0.158 0.125 
146 z0051875   (28)    3 :  0.305 0.101 0.065 0.213 0.085 0.170 0.060 
147 z0051885    (7)    3 :  0.177 0.071 0.376 0.183 0.054 0.045 0.095 
148 z0051888    (0)    2 :  0.142 0.144 0.339 0.108 0.110 0.094 0.063 
149 z0051891    (0)    1 :  0.148 0.172 0.082 0.212 0.096 0.157 0.132 
150 z0051893    (2)    1 :  0.129 0.150 0.068 0.112 0.271 0.152 0.118 
151 z0051895    (0)    3 :  0.199 0.123 0.063 0.144 0.159 0.216 0.097 
152 z0051918    (0)    3 :  0.053 0.145 0.202 0.123 0.055 0.124 0.297 
153 z0051929    (1)    1 :  0.106 0.073 0.067 0.110 0.299 0.282 0.064 
154 z0051939   (11)    3 :  0.256 0.119 0.182 0.198 0.053 0.084 0.107 
155 z0051947    (3)    1 :  0.058 0.038 0.064 0.447 0.299 0.052 0.042 
156 z0051959    (1)    3 :  0.068 0.075 0.159 0.117 0.107 0.224 0.250 
157 z0052846    (0)    4 :  0.265 0.134 0.123 0.081 0.121 0.131 0.146 
158 z0052882    (1)    2 :  0.155 0.098 0.203 0.239 0.082 0.134 0.088 
159 z0053020   (20)    2 :  0.075 0.299 0.143 0.049 0.086 0.188 0.162 
160 z0053024   (12)    2 :  0.109 0.129 0.160 0.130 0.103 0.263 0.107 
161 z0053025    (3)    2 :  0.084 0.046 0.581 0.060 0.035 0.099 0.095 
162 z0053031    (0)    2 :  0.182 0.092 0.154 0.112 0.126 0.133 0.201 
163 z0053032    (0)    2 :  0.049 0.117 0.228 0.196 0.123 0.158 0.128 
164 z0053040    (5)    2 :  0.133 0.207 0.151 0.111 0.101 0.180 0.118 
165 z0053051    (0)    3 :  0.269 0.122 0.049 0.222 0.062 0.113 0.162 
166 z0053054    (5)    3 :  0.224 0.134 0.045 0.198 0.105 0.223 0.072 
167 z0053071    (2)    2 :  0.101 0.197 0.419 0.081 0.061 0.076 0.065 
168 z0053073    (1)    2 :  0.063 0.121 0.094 0.286 0.119 0.190 0.127 
169 z0053078    (0)    3 :  0.075 0.153 0.270 0.067 0.039 0.057 0.338 
170 z0053082    (1)    3 :  0.187 0.302 0.157 0.171 0.066 0.070 0.047 
171 z0053083   (12)    2 :  0.093 0.241 0.178 0.100 0.104 0.176 0.109 
172 z0053090   (10)    3 :  0.042 0.414 0.144 0.103 0.055 0.158 0.085 
173 z0053096    (0)    2 :  0.049 0.227 0.405 0.062 0.031 0.040 0.186 
174 z0053100    (6)    2 :  0.050 0.230 0.216 0.228 0.053 0.167 0.057 
175 z0053101    (0)    2 :  0.067 0.098 0.327 0.152 0.076 0.085 0.195 
176 z0053102    (8)    2 :  0.079 0.425 0.167 0.104 0.044 0.126 0.054 
177 z0053103    (0)    2 :  0.075 0.132 0.509 0.081 0.064 0.092 0.047 
178 z0053111    (2)    3 :  0.108 0.091 0.090 0.307 0.071 0.208 0.125 
179 z0053131    (0)    2 :  0.126 0.057 0.337 0.127 0.103 0.174 0.076 
180 z0053132    (0)    2 :  0.090 0.324 0.127 0.077 0.038 0.058 0.287 
181 z0053133    (0)    2 :  0.180 0.283 0.053 0.168 0.063 0.127 0.125 
182 z0053138    (0)    2 :  0.135 0.110 0.223 0.106 0.144 0.201 0.081 
183 z0053142    (2)    2 :  0.097 0.149 0.220 0.087 0.207 0.106 0.133 
184 z0053149    (0)    2 :  0.062 0.167 0.301 0.082 0.160 0.067 0.161 
185 z0053754    (1)    1 :  0.091 0.051 0.153 0.073 0.234 0.084 0.312 
186 z0053756    (1)    1 :  0.076 0.070 0.076 0.150 0.182 0.085 0.362 
187 z0053758   (17)    1 :  0.497 0.049 0.091 0.057 0.192 0.048 0.065 
188 z0053759    (0)    1 :  0.079 0.051 0.059 0.262 0.268 0.157 0.124 
189 z0053842    (1)    1 :  0.077 0.078 0.061 0.074 0.063 0.602 0.045 
190 z0053843    (6)    1 :  0.454 0.097 0.041 0.109 0.109 0.083 0.107 
191 z0053844    (7)    1 :  0.226 0.091 0.100 0.174 0.168 0.146 0.095 
192 z0053846    (2)    1 :  0.560 0.071 0.040 0.091 0.130 0.041 0.067 
193 z0053847    (0)    1 :  0.025 0.030 0.060 0.651 0.158 0.037 0.040 
194 z0053849    (1)    1 :  0.179 0.087 0.075 0.065 0.101 0.283 0.210 
195 z0055903    (1)    4 :  0.096 0.211 0.048 0.120 0.179 0.220 0.125 
196 z0055910   (34)    4 :  0.073 0.094 0.169 0.119 0.136 0.239 0.170 
197 z0055912    (7)    4 :  0.094 0.122 0.139 0.142 0.079 0.170 0.254 
198 z0055916   (15)    4 :  0.091 0.123 0.142 0.125 0.097 0.265 0.155 
199 z0055931    (2)    4 :  0.085 0.161 0.345 0.153 0.076 0.085 0.095 
200 z0055944    (3)    4 :  0.141 0.158 0.102 0.100 0.196 0.209 0.094 
201 z0055947    (9)    4 :  0.325 0.090 0.147 0.059 0.068 0.201 0.110 
202 z0055962    (6)    4 :  0.081 0.159 0.286 0.154 0.061 0.193 0.068 
203 z0055963   (21)    4 :  0.103 0.151 0.244 0.160 0.064 0.154 0.123 
204 z0055965   (25)    4 :  0.079 0.106 0.046 0.292 0.103 0.110 0.265 
205 z0055970   (15)    4 :  0.064 0.208 0.134 0.161 0.150 0.190 0.092 
206 z0055971    (7)    4 :  0.096 0.134 0.168 0.115 0.149 0.172 0.165 
207 z0055977    (6)    4 :  0.129 0.155 0.224 0.097 0.048 0.226 0.121 
208 z0055986   (19)    4 :  0.199 0.099 0.103 0.220 0.189 0.113 0.077 
209 z0055990    (6)    4 :  0.127 0.100 0.369 0.157 0.065 0.087 0.095 
210 z0055996    (2)    4 :  0.210 0.087 0.230 0.145 0.082 0.195 0.052 
211 z0055997    (3)    4 :  0.094 0.161 0.167 0.264 0.154 0.086 0.074 
212 z0055998    (4)    4 :  0.099 0.076 0.127 0.215 0.123 0.124 0.237 
213 z0055999    (2)    4 :  0.228 0.135 0.079 0.095 0.200 0.116 0.147 
214 z0056011    (7)    4 :  0.098 0.231 0.071 0.088 0.067 0.350 0.095 
215 z0056029    (4)    4 :  0.082 0.246 0.125 0.103 0.137 0.237 0.070 
216 z0056034    (0)    4 :  0.080 0.109 0.268 0.197 0.094 0.157 0.095 
217 z0056056   (25)    3 :  0.133 0.161 0.082 0.164 0.203 0.169 0.087 
218 z0056058    (5)    3 :  0.056 0.040 0.033 0.075 0.700 0.066 0.031 
219 z0056059    (8)    3 :  0.096 0.176 0.059 0.342 0.070 0.174 0.083 
220 z0056062    (1)    3 :  0.072 0.203 0.066 0.101 0.239 0.123 0.197 
221 z0056063    (4)    3 :  0.107 0.159 0.049 0.218 0.108 0.261 0.097 
222 z0056064    (0)    3 :  0.117 0.191 0.052 0.161 0.105 0.121 0.253 
223 z0056065    (0)    3 :  0.190 0.108 0.060 0.191 0.196 0.105 0.150 
224 z0056073    (0)    3 :  0.179 0.114 0.052 0.119 0.106 0.355 0.074 
225 z0056076    (4)    3 :  0.032 0.040 0.072 0.662 0.053 0.045 0.096 
226 z0056079    (9)    3 :  0.084 0.107 0.050 0.132 0.144 0.341 0.143 
227 z0056085    (0)    3 :  0.316 0.085 0.089 0.183 0.077 0.087 0.163 
228 z0056092    (1)    3 :  0.218 0.080 0.059 0.194 0.103 0.124 0.221 
229 z0056095    (1)    3 :  0.183 0.082 0.044 0.263 0.140 0.084 0.203 
230 z0056103    (7)    3 :  0.066 0.080 0.037 0.171 0.333 0.196 0.116 
231 z0056374    (7)    1 :  0.080 0.057 0.044 0.087 0.572 0.110 0.049 
232 z0056375    (0)    1 :  0.353 0.134 0.054 0.076 0.215 0.087 0.080 
233 z0056377    (0)    1 :  0.102 0.094 0.080 0.205 0.155 0.244 0.121 
234 z0056378    (0)    1 :  0.069 0.135 0.060 0.202 0.396 0.071 0.066 
235 z0056382    (0)    1 :  0.535 0.100 0.040 0.099 0.047 0.069 0.110 
236 z0056384    (3)    1 :  0.061 0.089 0.072 0.212 0.227 0.093 0.245 
237 z0056386    (7)    1 :  0.338 0.061 0.054 0.234 0.140 0.074 0.099 
238 z0056389    (0)    1 :  0.653 0.055 0.043 0.087 0.081 0.043 0.037 
239 z0056391    (1)    1 :  0.410 0.043 0.030 0.067 0.367 0.049 0.033 
240 z0056392   (11)    1 :  0.189 0.058 0.066 0.096 0.437 0.080 0.074 
241 z0056393    (8)    1 :  0.229 0.133 0.068 0.072 0.216 0.221 0.061 
242 z0056394    (0)    1 :  0.179 0.106 0.052 0.067 0.205 0.332 0.059 
243 z0056395    (1)    1 :  0.059 0.117 0.088 0.217 0.279 0.101 0.139 
244 z0056397    (0)    1 :  0.072 0.076 0.191 0.095 0.158 0.167 0.242 
245 z0061527    (2)    3 :  0.068 0.105 0.367 0.217 0.054 0.115 0.074 
246 z0061967    (1)    3 :  0.128 0.103 0.116 0.256 0.105 0.193 0.099 
247 z0061969    (0)    3 :  0.193 0.079 0.278 0.139 0.090 0.170 0.050 
248 z0061980    (1)    1 :  0.160 0.094 0.105 0.129 0.230 0.080 0.202 
249 z0066166    (3)    3 :  0.216 0.082 0.213 0.063 0.217 0.140 0.069 
250 z0066792    (2)    1 :  0.070 0.053 0.105 0.075 0.063 0.068 0.566 
251 z0066805    (1)    1 :  0.070 0.099 0.057 0.077 0.085 0.046 0.565 
252 z0068471    (2)    3 :  0.051 0.093 0.084 0.176 0.360 0.085 0.150 
253 z0075696    (6)    5 :  0.105 0.048 0.043 0.053 0.031 0.078 0.642 
254 z0101084    (7)    1 :  0.127 0.092 0.061 0.058 0.490 0.097 0.076 
255 z0107099    (2)    3 :  0.269 0.067 0.029 0.077 0.328 0.145 0.083 
256 z0107101    (0)    1 :  0.189 0.066 0.047 0.051 0.575 0.038 0.035 
257 z0108489    (0)    1 :  0.073 0.190 0.077 0.157 0.186 0.144 0.172 
258 z0108513    (0)    1 :  0.297 0.042 0.136 0.106 0.290 0.055 0.075 
259 z0108528    (0)    3 :  0.182 0.136 0.155 0.182 0.133 0.148 0.064 
260 z0113628    (1)    3 :  0.093 0.225 0.076 0.200 0.055 0.197 0.154 
261 z0133302   (16)    1 :  0.069 0.057 0.056 0.577 0.087 0.081 0.072 
262 z0173485    (1)    1 :  0.079 0.171 0.144 0.311 0.059 0.181 0.056 
263 z0175371    (1)    3 :  0.133 0.106 0.154 0.184 0.069 0.105 0.249 
264 z0175378    (0)    2 :  0.114 0.107 0.396 0.185 0.051 0.109 0.037 
265 z0175912    (0)    1 :  0.054 0.069 0.094 0.064 0.491 0.138 0.090 
266 z0175916    (1)    1 :  0.092 0.073 0.207 0.243 0.109 0.118 0.158 
267 z0175937    (1)    1 :  0.367 0.095 0.050 0.083 0.155 0.112 0.139 
268 z0178348   (12)    1 :  0.064 0.072 0.084 0.056 0.448 0.177 0.099 
269 z0187819    (7)    3 :  0.133 0.154 0.065 0.109 0.330 0.113 0.095 
270 z0187857    (1)    1 :  0.154 0.104 0.090 0.088 0.413 0.104 0.048 
271 z0187860    (0)    1 :  0.116 0.116 0.093 0.282 0.150 0.173 0.070 
272 z0187885    (0)    2 :  0.096 0.172 0.215 0.123 0.046 0.068 0.280 
273 z0187906    (9)    1 :  0.092 0.217 0.069 0.115 0.097 0.197 0.214 
274 z0195655    (0)    2 :  0.055 0.052 0.572 0.088 0.065 0.095 0.072 
275 z0195663    (0)    3 :  0.091 0.178 0.261 0.119 0.044 0.154 0.153 
276 z0195683    (1)    3 :  0.256 0.107 0.052 0.310 0.101 0.126 0.049 
277 z0195688    (0)    2 :  0.168 0.114 0.204 0.107 0.102 0.127 0.178 
278 z0195691    (0)    3 :  0.149 0.188 0.075 0.233 0.056 0.165 0.136 
279 z0195699    (0)    3 :  0.253 0.145 0.093 0.086 0.078 0.271 0.074 
280 z0195701    (7)    3 :  0.220 0.094 0.066 0.210 0.166 0.114 0.132 
281 z0195702    (0)    3 :  0.078 0.101 0.118 0.381 0.071 0.130 0.121 
282 z0195704    (0)    3 :  0.049 0.121 0.165 0.087 0.396 0.091 0.091 
283 z0195705    (0)    3 :  0.066 0.339 0.256 0.074 0.045 0.152 0.068 
284 z0195711    (0)    3 :  0.120 0.124 0.062 0.109 0.084 0.262 0.239 
285 z0195716    (0)    3 :  0.126 0.072 0.074 0.293 0.114 0.086 0.234 
286 z0195718   (12)    3 :  0.168 0.066 0.045 0.283 0.200 0.095 0.143 
287 z0195725    (5)    3 :  0.057 0.112 0.227 0.059 0.284 0.202 0.060 
288 z0195726   (16)    1 :  0.063 0.095 0.036 0.137 0.051 0.531 0.087 
289 z0195728   (14)    3 :  0.563 0.045 0.029 0.170 0.074 0.070 0.049 
290 z0195732   (16)    3 :  0.215 0.084 0.029 0.081 0.090 0.407 0.095 
291 z0195737    (0)    3 :  0.124 0.350 0.123 0.142 0.084 0.090 0.087 
292 z0195740   (26)    3 :  0.108 0.139 0.103 0.085 0.088 0.303 0.174 
293 z0195751    (1)    3 :  0.401 0.085 0.039 0.215 0.089 0.106 0.066 
294 z0195762    (1)    3 :  0.119 0.066 0.049 0.062 0.091 0.204 0.409 
295 z0195784    (0)    3 :  0.199 0.148 0.039 0.099 0.163 0.212 0.140 
296 z0196686    (0)    5 :  0.030 0.038 0.039 0.067 0.069 0.039 0.719 
297 z0196687    (0)    5 :  0.051 0.093 0.075 0.053 0.068 0.053 0.607 
298 z0196689    (0)    5 :  0.047 0.051 0.083 0.084 0.034 0.084 0.617 
299 z0196690    (2)    5 :  0.097 0.058 0.047 0.062 0.160 0.044 0.534 
300 z0196691    (7)    5 :  0.060 0.072 0.026 0.084 0.077 0.092 0.588 
301 z0196692    (1)    5 :  0.101 0.045 0.092 0.073 0.098 0.074 0.516 
302 z0196693    (1)    5 :  0.109 0.043 0.059 0.121 0.067 0.060 0.540 
303 z0196694    (1)    5 :  0.059 0.048 0.065 0.059 0.088 0.116 0.564 
304 z0196710    (0)    3 :  0.083 0.106 0.103 0.234 0.122 0.118 0.234 
305 z0196715   (22)    3 :  0.258 0.066 0.052 0.120 0.205 0.239 0.060 
306 z0196719    (0)    3 :  0.316 0.129 0.098 0.072 0.127 0.180 0.079 
307 z0196724   (20)    3 :  0.224 0.140 0.077 0.154 0.076 0.271 0.058 
308 z0196725    (0)    3 :  0.084 0.123 0.057 0.190 0.407 0.054 0.084 
309 z0196729    (1)    3 :  0.152 0.074 0.089 0.364 0.137 0.097 0.086 
310 z0196730    (3)    1 :  0.039 0.053 0.090 0.085 0.629 0.038 0.065 
311 z0196731    (0)    3 :  0.193 0.067 0.053 0.137 0.160 0.299 0.091 
312 z0196733   (13)    1 :  0.158 0.070 0.098 0.144 0.132 0.271 0.127 
313 z0196734    (1)    3 :  0.159 0.216 0.070 0.187 0.061 0.231 0.076 
314 z0196739   (17)    3 :  0.102 0.213 0.113 0.194 0.129 0.192 0.057 
315 z0196740   (11)    3 :  0.198 0.063 0.075 0.087 0.125 0.137 0.316 
316 z0196746    (1)    1 :  0.144 0.133 0.031 0.108 0.407 0.077 0.100 
317 z0196751    (0)    3 :  0.099 0.072 0.074 0.490 0.084 0.080 0.100 
318 z0196752    (0)    3 :  0.066 0.055 0.039 0.246 0.100 0.060 0.435 
319 z0196754    (0)    3 :  0.414 0.196 0.065 0.064 0.099 0.102 0.058 
320 z0196758    (1)    1 :  0.151 0.090 0.113 0.093 0.267 0.094 0.192 
321 z0196763    (1)    3 :  0.219 0.225 0.054 0.084 0.077 0.216 0.124 
322 z0196764    (0)    3 :  0.293 0.081 0.071 0.096 0.109 0.208 0.142 
323 z0196766    (0)    3 :  0.138 0.050 0.058 0.366 0.176 0.081 0.131 
324 z0196769    (1)    3 :  0.268 0.066 0.046 0.107 0.172 0.189 0.152 
325 z0196774    (0)    3 :  0.133 0.073 0.045 0.200 0.213 0.072 0.265 
326 z0196783    (0)    1 :  0.271 0.047 0.038 0.065 0.454 0.067 0.058 
327 z0196794    (2)    1 :  0.257 0.064 0.041 0.193 0.255 0.067 0.123 
328 z0196804   (14)    1 :  0.213 0.073 0.056 0.080 0.192 0.271 0.114 
329 z0196809    (0)    3 :  0.280 0.048 0.058 0.104 0.110 0.213 0.186 
330 z0196810    (1)    1 :  0.060 0.076 0.057 0.304 0.165 0.146 0.192 
331 z0196811    (0)    1 :  0.219 0.075 0.044 0.060 0.135 0.300 0.167 
332 z0196824    (0)    3 :  0.087 0.132 0.156 0.263 0.099 0.124 0.139 
333 z0196825    (0)    3 :  0.124 0.140 0.082 0.234 0.163 0.204 0.054 
334 z0196828    (1)    2 :  0.127 0.112 0.119 0.089 0.158 0.284 0.112 
335 z0196829    (0)    3 :  0.090 0.116 0.079 0.132 0.155 0.363 0.064 
336 z0196834   (26)    3 :  0.192 0.081 0.134 0.281 0.093 0.144 0.075 
337 z0196835    (0)    3 :  0.210 0.066 0.070 0.129 0.310 0.168 0.046 
338 z0196841   (20)    3 :  0.113 0.101 0.059 0.355 0.100 0.097 0.175 
339 z0196843   (25)    3 :  0.076 0.080 0.081 0.082 0.389 0.227 0.066 
340 z0196849    (0)    3 :  0.403 0.077 0.066 0.141 0.066 0.175 0.071 
341 z0196852    (0)    2 :  0.118 0.140 0.138 0.123 0.067 0.292 0.122 
342 z0196855    (0)    2 :  0.083 0.160 0.193 0.108 0.123 0.173 0.161 
343 z0196856    (0)    3 :  0.077 0.133 0.192 0.147 0.060 0.230 0.160 
344 z0196864    (1)    3 :  0.069 0.167 0.200 0.096 0.063 0.288 0.116 
345 z0196894    (0)    3 :  0.217 0.070 0.057 0.105 0.154 0.122 0.276 
346 z0197662    (2)    1 :  0.047 0.096 0.175 0.177 0.116 0.313 0.077 
347 z0197665    (2)    1 :  0.093 0.040 0.046 0.073 0.590 0.053 0.105 
348 z0197668   (20)    3 :  0.177 0.102 0.080 0.050 0.057 0.122 0.412 
349 z0197669    (0)    3 :  0.155 0.263 0.207 0.106 0.050 0.098 0.120 
350 z0197672    (1)    3 :  0.226 0.150 0.069 0.190 0.071 0.184 0.110 


Estimated Allele Frequencies in each cluster
First column gives estimated ancestral frequencies


Locus 1 : Mnov_gtseq_1 
2 alleles
0.0% missing data
   0   (0.413) 0.353 0.498 0.164 0.342 0.351 0.619 0.490 
   1   (0.587) 0.647 0.502 0.836 0.658 0.649 0.381 0.510 

Locus 2 : Mnov_gtseq_10 
2 alleles
0.3% missing data
   0   (0.814) 0.659 0.940 0.965 0.825 0.695 0.756 0.929 
   1   (0.186) 0.341 0.060 0.035 0.175 0.305 0.244 0.071 

Locus 3 : Mnov_gtseq_102 
2 alleles
0.9% missing data
   0   (0.540) 0.619 0.723 0.828 0.297 0.433 0.523 0.588 
   1   (0.460) 0.381 0.277 0.172 0.703 0.567 0.477 0.412 

Locus 4 : Mnov_gtseq_104 
2 alleles
0.3% missing data
   0   (0.852) 0.758 0.946 0.956 0.809 0.683 0.925 0.968 
   1   (0.148) 0.242 0.054 0.044 0.191 0.317 0.075 0.032 

Locus 5 : Mnov_gtseq_106 
2 alleles
14.9% missing data
   1   (0.755) 0.842 0.885 0.744 0.680 0.769 0.862 0.658 
   0   (0.245) 0.158 0.115 0.256 0.320 0.231 0.138 0.342 

Locus 6 : Mnov_gtseq_107 
2 alleles
37.4% missing data
   1   (0.236) 0.101 0.436 0.429 0.306 0.153 0.194 0.077 
   0   (0.764) 0.899 0.564 0.571 0.694 0.847 0.806 0.923 

Locus 7 : Mnov_gtseq_112 
2 alleles
0.9% missing data
   0   (0.605) 0.748 0.644 0.742 0.574 0.557 0.748 0.302 
   1   (0.395) 0.252 0.356 0.258 0.426 0.443 0.252 0.698 

Locus 8 : Mnov_gtseq_113 
2 alleles
2.0% missing data
   1   (0.707) 0.833 0.693 0.585 0.614 0.842 0.810 0.677 
   0   (0.293) 0.167 0.307 0.415 0.386 0.158 0.190 0.323 

Locus 9 : Mnov_gtseq_114 
3 alleles
4.3% missing data
   0   (0.501) 0.652 0.466 0.190 0.506 0.620 0.658 0.372 
   1   (0.466) 0.339 0.525 0.746 0.483 0.374 0.329 0.622 
   2   (0.033) 0.009 0.009 0.065 0.010 0.006 0.014 0.006 

Locus 10 : Mnov_gtseq_117 
2 alleles
26.9% missing data
   0   (0.650) 0.513 0.626 0.915 0.765 0.464 0.630 0.655 
   1   (0.350) 0.487 0.374 0.085 0.235 0.536 0.370 0.345 

Locus 11 : Mnov_gtseq_12 
2 alleles
0.3% missing data
   0   (0.458) 0.792 0.262 0.290 0.341 0.257 0.352 0.776 
   1   (0.542) 0.208 0.738 0.710 0.659 0.743 0.648 0.224 

Locus 12 : Mnov_gtseq_124 
4 alleles
5.1% missing data
   3   (0.716) 0.795 0.745 0.911 0.774 0.532 0.727 0.853 
   2   (0.215) 0.155 0.237 0.060 0.201 0.455 0.251 0.118 
   1   (0.038) 0.037 0.010 0.026 0.014 0.004 0.011 0.011 
   0   (0.030) 0.013 0.008 0.003 0.011 0.009 0.011 0.018 

Locus 13 : Mnov_gtseq_125 
3 alleles
1.7% missing data
   1   (0.236) 0.305 0.355 0.405 0.136 0.080 0.098 0.238 
   2   (0.660) 0.672 0.516 0.112 0.800 0.902 0.798 0.721 
   0   (0.104) 0.023 0.129 0.483 0.064 0.019 0.104 0.041 

Locus 14 : Mnov_gtseq_126 
2 alleles
0.0% missing data
   0   (0.342) 0.124 0.306 0.264 0.292 0.213 0.522 0.667 
   1   (0.658) 0.876 0.694 0.736 0.708 0.787 0.478 0.333 

Locus 15 : Mnov_gtseq_127 
2 alleles
6.9% missing data
   0   (0.619) 0.762 0.577 0.330 0.716 0.616 0.590 0.648 
   1   (0.381) 0.238 0.423 0.670 0.284 0.384 0.410 0.352 

Locus 16 : Mnov_gtseq_128 
2 alleles
30.9% missing data
   0   (0.682) 0.770 0.714 0.645 0.597 0.866 0.690 0.641 
   1   (0.318) 0.230 0.286 0.355 0.403 0.134 0.310 0.359 

Locus 17 : Mnov_gtseq_129 
3 alleles
2.0% missing data
   0   (0.513) 0.408 0.807 0.435 0.576 0.498 0.689 0.186 
   1   (0.314) 0.464 0.130 0.457 0.328 0.342 0.214 0.212 
   2   (0.174) 0.128 0.063 0.108 0.095 0.160 0.097 0.602 

Locus 18 : Mnov_gtseq_13 
3 alleles
0.0% missing data
   1   (0.407) 0.556 0.294 0.412 0.386 0.503 0.627 0.138 
   2   (0.178) 0.056 0.187 0.071 0.232 0.062 0.148 0.383 
   0   (0.415) 0.388 0.519 0.517 0.383 0.435 0.225 0.478 

Locus 19 : Mnov_gtseq_130 
2 alleles
28.6% missing data
   1   (0.506) 0.471 0.325 0.591 0.537 0.418 0.550 0.652 
   0   (0.494) 0.529 0.675 0.409 0.463 0.582 0.450 0.348 

Locus 20 : Mnov_gtseq_135 
2 alleles
0.6% missing data
   0   (0.467) 0.487 0.495 0.590 0.506 0.332 0.442 0.354 
   1   (0.533) 0.513 0.505 0.410 0.494 0.668 0.558 0.646 

Locus 21 : Mnov_gtseq_138 
3 alleles
0.6% missing data
   0   (0.258) 0.211 0.467 0.161 0.285 0.409 0.155 0.107 
   1   (0.518) 0.556 0.417 0.776 0.511 0.441 0.433 0.674 
   2   (0.224) 0.233 0.116 0.062 0.204 0.150 0.412 0.220 

Locus 22 : Mnov_gtseq_140 
2 alleles
1.1% missing data
   0   (0.458) 0.581 0.693 0.551 0.531 0.154 0.471 0.196 
   1   (0.542) 0.419 0.307 0.449 0.469 0.846 0.529 0.804 

Locus 23 : Mnov_gtseq_141 
2 alleles
0.3% missing data
   0   (0.563) 0.438 0.586 0.487 0.681 0.832 0.484 0.418 
   1   (0.437) 0.562 0.414 0.513 0.319 0.168 0.516 0.582 

Locus 24 : Mnov_gtseq_143 
2 alleles
2.6% missing data
   1   (0.548) 0.628 0.470 0.530 0.619 0.742 0.542 0.302 
   0   (0.452) 0.372 0.530 0.470 0.381 0.258 0.458 0.698 

Locus 25 : Mnov_gtseq_145 
2 alleles
2.0% missing data
   0   (0.470) 0.458 0.285 0.596 0.689 0.593 0.345 0.285 
   1   (0.530) 0.542 0.715 0.404 0.311 0.407 0.655 0.715 

Locus 26 : Mnov_gtseq_147 
3 alleles
25.4% missing data
   0   (0.753) 0.836 0.724 0.387 0.775 0.879 0.880 0.783 
   2   (0.151) 0.138 0.114 0.052 0.186 0.103 0.074 0.135 
   1   (0.096) 0.026 0.163 0.560 0.039 0.019 0.046 0.083 

Locus 27 : Mnov_gtseq_148 
3 alleles
9.1% missing data
   0   (0.293) 0.262 0.138 0.106 0.356 0.143 0.378 0.565 
   1   (0.453) 0.281 0.785 0.500 0.354 0.563 0.425 0.335 
   2   (0.255) 0.458 0.076 0.395 0.290 0.293 0.197 0.100 

Locus 28 : Mnov_gtseq_149 
2 alleles
0.3% missing data
   0   (0.598) 0.508 0.713 0.463 0.627 0.673 0.703 0.526 
   1   (0.402) 0.492 0.287 0.537 0.373 0.327 0.297 0.474 

Locus 29 : Mnov_gtseq_15 
2 alleles
0.0% missing data
   0   (0.492) 0.769 0.571 0.324 0.554 0.288 0.316 0.443 
   1   (0.508) 0.231 0.429 0.676 0.446 0.712 0.684 0.557 

Locus 30 : Mnov_gtseq_152 
2 alleles
0.9% missing data
   0   (0.352) 0.305 0.567 0.287 0.520 0.201 0.222 0.210 
   1   (0.648) 0.695 0.433 0.713 0.480 0.799 0.778 0.790 

Locus 31 : Mnov_gtseq_154 
3 alleles
3.4% missing data
   0   (0.333) 0.411 0.224 0.107 0.262 0.593 0.407 0.362 
   2   (0.220) 0.147 0.102 0.371 0.366 0.073 0.168 0.245 
   1   (0.447) 0.442 0.673 0.523 0.372 0.334 0.425 0.393 

Locus 32 : Mnov_gtseq_157 
2 alleles
0.6% missing data
   1   (0.555) 0.552 0.668 0.654 0.555 0.486 0.577 0.450 
   0   (0.445) 0.448 0.332 0.346 0.445 0.514 0.423 0.550 

Locus 33 : Mnov_gtseq_158 
2 alleles
0.6% missing data
   0   (0.400) 0.620 0.125 0.053 0.534 0.767 0.346 0.366 
   1   (0.600) 0.380 0.875 0.947 0.466 0.233 0.654 0.634 

Locus 34 : Mnov_gtseq_159 
3 alleles
24.0% missing data
   0   (0.583) 0.688 0.540 0.303 0.643 0.651 0.735 0.548 
   1   (0.203) 0.085 0.295 0.483 0.169 0.272 0.086 0.171 
   2   (0.214) 0.226 0.165 0.214 0.187 0.078 0.180 0.282 

Locus 35 : Mnov_gtseq_16 
2 alleles
0.0% missing data
   0   (0.631) 0.797 0.726 0.499 0.572 0.556 0.584 0.730 
   1   (0.369) 0.203 0.274 0.501 0.428 0.444 0.416 0.270 

Locus 36 : Mnov_gtseq_160 
2 alleles
2.3% missing data
   0   (0.481) 0.497 0.490 0.337 0.372 0.640 0.584 0.453 
   1   (0.519) 0.503 0.510 0.663 0.628 0.360 0.416 0.547 

Locus 37 : Mnov_gtseq_161 
2 alleles
1.7% missing data
   1   (0.748) 0.864 0.803 0.844 0.673 0.766 0.745 0.750 
   0   (0.252) 0.136 0.197 0.156 0.327 0.234 0.255 0.250 

Locus 38 : Mnov_gtseq_167 
3 alleles
1.1% missing data
   2   (0.733) 0.856 0.865 0.792 0.665 0.490 0.739 0.888 
   0   (0.187) 0.094 0.061 0.154 0.295 0.495 0.134 0.092 
   1   (0.080) 0.050 0.075 0.054 0.040 0.015 0.127 0.020 

Locus 39 : Mnov_gtseq_17 
2 alleles
0.3% missing data
   0   (0.540) 0.486 0.687 0.297 0.652 0.516 0.452 0.566 
   1   (0.460) 0.514 0.313 0.703 0.348 0.484 0.548 0.434 

Locus 40 : Mnov_gtseq_170 
2 alleles
0.0% missing data
   0   (0.326) 0.304 0.221 0.184 0.432 0.160 0.411 0.291 
   1   (0.674) 0.696 0.779 0.816 0.568 0.840 0.589 0.709 

Locus 41 : Mnov_gtseq_171 
3 alleles
41.4% missing data
   2   (0.585) 0.553 0.561 0.685 0.552 0.648 0.600 0.717 
   0   (0.315) 0.418 0.376 0.176 0.309 0.287 0.343 0.213 
   1   (0.101) 0.029 0.062 0.138 0.138 0.065 0.057 0.070 

Locus 42 : Mnov_gtseq_173 
4 alleles
21.4% missing data
   3   (0.422) 0.232 0.539 0.607 0.329 0.156 0.502 0.731 
   1   (0.498) 0.746 0.365 0.195 0.640 0.832 0.476 0.231 
   2   (0.064) 0.018 0.093 0.197 0.026 0.011 0.019 0.036 
   0   (0.017) 0.004 0.003 0.001 0.005 0.002 0.004 0.002 

Locus 43 : Mnov_gtseq_174 
2 alleles
2.6% missing data
   0   (0.269) 0.114 0.242 0.640 0.223 0.440 0.123 0.306 
   1   (0.731) 0.886 0.758 0.360 0.777 0.560 0.877 0.694 

Locus 44 : Mnov_gtseq_180 
3 alleles
14.3% missing data
   1   (0.632) 0.751 0.689 0.959 0.455 0.621 0.784 0.285 
   2   (0.280) 0.159 0.293 0.033 0.352 0.308 0.169 0.682 
   0   (0.088) 0.090 0.018 0.008 0.193 0.071 0.047 0.034 

Locus 45 : Mnov_gtseq_182 
2 alleles
8.6% missing data
   0   (0.826) 0.643 0.816 0.857 0.897 0.679 0.943 0.950 
   1   (0.174) 0.357 0.184 0.143 0.103 0.321 0.057 0.050 

Locus 46 : Mnov_gtseq_186 
3 alleles
28.0% missing data
   1   (0.464) 0.561 0.637 0.440 0.389 0.521 0.361 0.467 
   2   (0.093) 0.041 0.034 0.015 0.143 0.081 0.063 0.101 
   0   (0.444) 0.398 0.329 0.545 0.468 0.398 0.576 0.432 

Locus 47 : Mnov_gtseq_187 
2 alleles
7.1% missing data
   1   (0.598) 0.726 0.522 0.835 0.702 0.358 0.467 0.569 
   0   (0.402) 0.274 0.478 0.165 0.298 0.642 0.533 0.431 

Locus 48 : Mnov_gtseq_188 
2 alleles
13.4% missing data
   0   (0.550) 0.511 0.619 0.734 0.466 0.488 0.318 0.857 
   1   (0.450) 0.489 0.381 0.266 0.534 0.512 0.682 0.143 

Locus 49 : Mnov_gtseq_189 
2 alleles
3.7% missing data
   0   (0.459) 0.454 0.438 0.439 0.613 0.616 0.477 0.144 
   1   (0.541) 0.546 0.562 0.561 0.387 0.384 0.523 0.856 

Locus 50 : Mnov_gtseq_19 
3 alleles
0.0% missing data
   1   (0.862) 0.955 0.808 0.655 0.936 0.860 0.959 0.783 
   2   (0.084) 0.038 0.181 0.009 0.051 0.129 0.031 0.020 
   0   (0.054) 0.007 0.011 0.337 0.013 0.011 0.009 0.198 

Locus 51 : Mnov_gtseq_190 
2 alleles
0.0% missing data
   1   (0.433) 0.368 0.399 0.249 0.500 0.314 0.645 0.346 
   0   (0.567) 0.632 0.601 0.751 0.500 0.686 0.355 0.654 

Locus 52 : Mnov_gtseq_192 
2 alleles
20.9% missing data
   0   (0.815) 0.703 0.906 0.775 0.911 0.883 0.768 0.883 
   1   (0.185) 0.297 0.094 0.225 0.089 0.117 0.232 0.117 

Locus 53 : Mnov_gtseq_193 
2 alleles
0.0% missing data
   0   (0.714) 0.838 0.851 0.756 0.735 0.649 0.750 0.493 
   1   (0.286) 0.162 0.149 0.244 0.265 0.351 0.250 0.507 

Locus 54 : Mnov_gtseq_195 
3 alleles
0.0% missing data
   1   (0.538) 0.540 0.691 0.480 0.440 0.433 0.488 0.782 
   2   (0.430) 0.453 0.299 0.519 0.529 0.561 0.501 0.206 
   0   (0.032) 0.007 0.010 0.002 0.031 0.005 0.011 0.012 

Locus 55 : Mnov_gtseq_196 
2 alleles
0.3% missing data
   0   (0.317) 0.379 0.113 0.116 0.275 0.436 0.279 0.584 
   1   (0.683) 0.621 0.887 0.884 0.725 0.564 0.721 0.416 

Locus 56 : Mnov_gtseq_197 
3 alleles
0.3% missing data
   1   (0.387) 0.303 0.391 0.276 0.358 0.596 0.293 0.392 
   0   (0.435) 0.609 0.478 0.683 0.353 0.346 0.569 0.174 
   2   (0.177) 0.088 0.131 0.041 0.289 0.058 0.138 0.434 

Locus 57 : Mnov_gtseq_2 
3 alleles
0.3% missing data
   0   (0.190) 0.092 0.291 0.207 0.111 0.066 0.390 0.112 
   2   (0.773) 0.897 0.702 0.790 0.873 0.929 0.598 0.698 
   1   (0.037) 0.010 0.007 0.003 0.015 0.004 0.012 0.190 

Locus 58 : Mnov_gtseq_200 
2 alleles
2.3% missing data
   0   (0.429) 0.288 0.560 0.741 0.559 0.322 0.346 0.212 
   1   (0.571) 0.712 0.440 0.259 0.441 0.678 0.654 0.788 

Locus 59 : Mnov_gtseq_201 
4 alleles
0.0% missing data
   0   (0.577) 0.424 0.758 0.517 0.565 0.378 0.686 0.808 
   2   (0.167) 0.184 0.124 0.256 0.208 0.060 0.130 0.042 
   3   (0.150) 0.333 0.096 0.209 0.094 0.035 0.129 0.081 
   1   (0.107) 0.059 0.023 0.018 0.133 0.526 0.055 0.069 

Locus 60 : Mnov_gtseq_202 
2 alleles
0.0% missing data
   0   (0.429) 0.448 0.331 0.687 0.413 0.442 0.476 0.243 
   1   (0.571) 0.552 0.669 0.313 0.587 0.558 0.524 0.757 

Locus 61 : Mnov_gtseq_204 
2 alleles
3.4% missing data
   0   (0.430) 0.422 0.380 0.722 0.336 0.643 0.214 0.514 
   1   (0.570) 0.578 0.620 0.278 0.664 0.357 0.786 0.486 

Locus 62 : Mnov_gtseq_205 
5 alleles
0.0% missing data
   0   (0.202) 0.540 0.148 0.276 0.131 0.064 0.120 0.206 
   4   (0.045) 0.008 0.034 0.204 0.016 0.007 0.029 0.010 
   3   (0.662) 0.425 0.786 0.427 0.810 0.889 0.807 0.718 
   1   (0.071) 0.022 0.030 0.092 0.039 0.029 0.034 0.062 
   2   (0.021) 0.006 0.002 0.002 0.005 0.010 0.008 0.003 

Locus 63 : Mnov_gtseq_208 
2 alleles
0.0% missing data
