

----------------------------------------------------
STRUCTURE by Pritchard, Stephens and Donnelly (2000)
     and Falush, Stephens and Pritchard (2003)
       Code by Pritchard, Falush and Hubisz
             Version 2.3.4 (Jul 2012)
----------------------------------------------------



Command line arguments:   structure -m wint.area.structureRun/wint.area.structureRun.k7.r2_mainparams -e wint.area.structureRun/wint.area.structureRun.k7.r2_extraparams -i wint.area.structureRun/wint.area.structureRun.k7.r2_data -o wint.area.structureRun/wint.area.structureRun.k7.r2_out 
Input File:    wint.area.structureRun/wint.area.structureRun.k7.r2_data

Run parameters:
   357 individuals
   328 loci
   7 populations assumed
   1000 Burn-in period
   10000 Reps


--------------------------------------------
Proportion of membership of each pre-defined
 population in each of the 7 clusters

Given    Inferred Clusters                                   Number of
 Pop       1      2      3      4      5      6      7      Individuals

  1:     0.228  0.131  0.077  0.123  0.177  0.162  0.102       80
  2:     0.089  0.142  0.254  0.118  0.113  0.114  0.169      126
  3:     0.147  0.162  0.106  0.117  0.159  0.172  0.137      115
  4:     0.105  0.170  0.154  0.114  0.137  0.146  0.174       27
  5:     0.083  0.076  0.057  0.588  0.071  0.067  0.059        9
--------------------------------------------

Allele-freq. divergence among pops (Net nucleotide distance),
computed using point estimates of P.

      1       2       3       4       5       6       7      
 1      -    0.0279  0.0804  0.0605  0.0372  0.0310  0.0542  
 2   0.0279     -    0.0398  0.0275  0.0094  0.0070  0.0160  
 3   0.0804  0.0398     -    0.0725  0.0603  0.0569  0.0506  
 4   0.0605  0.0275  0.0725     -    0.0421  0.0405  0.0460  
 5   0.0372  0.0094  0.0603  0.0421     -    0.0181  0.0332  
 6   0.0310  0.0070  0.0569  0.0405  0.0181     -    0.0290  
 7   0.0542  0.0160  0.0506  0.0460  0.0332  0.0290     -    

Average distances (expected heterozygosity) between individuals in same cluster:
cluster  1  : 0.3895 
cluster  2  : 0.4271 
cluster  3  : 0.3612 
cluster  4  : 0.3680 
cluster  5  : 0.3983 
cluster  6  : 0.4126 
cluster  7  : 0.3871 

--------------------------------------------
Estimated Ln Prob of Data   = -185563.4
Mean value of ln likelihood = -132769.3
Variance of ln likelihood   = 105588.2
Mean value of alpha         = 1.0000

Mean value of Fst_1         = 0.2113
Mean value of Fst_2         = 0.0083
Mean value of Fst_3         = 0.2529
Mean value of Fst_4         = 0.2074
Mean value of Fst_5         = 0.1357
Mean value of Fst_6         = 0.1125
Mean value of Fst_7         = 0.1786


Inferred ancestry of individuals:
        Label (%Miss) Pop:  Inferred clusters
  1   207778    (2)    2 :  0.101 0.129 0.191 0.068 0.117 0.108 0.286 
  2 z0005757    (7)    3 :  0.144 0.143 0.098 0.172 0.100 0.147 0.195 
  3 z0005758    (0)    3 :  0.187 0.162 0.058 0.093 0.333 0.098 0.068 
  4 z0011944    (0)    1 :  0.056 0.062 0.084 0.631 0.052 0.041 0.076 
  5 z0012702   (10)    4 :  0.040 0.054 0.285 0.098 0.051 0.046 0.426 
  6 z0016577    (2)    3 :  0.074 0.182 0.125 0.076 0.171 0.199 0.173 
  7 z0016578   (21)    1 :  0.082 0.139 0.034 0.106 0.128 0.418 0.093 
  8 z0016579    (1)    3 :  0.087 0.226 0.069 0.143 0.165 0.161 0.150 
  9 z0018264    (0)    1 :  0.075 0.075 0.077 0.558 0.058 0.050 0.108 
 10 z0029828    (2)    3 :  0.135 0.149 0.097 0.045 0.093 0.359 0.123 
 11 z0029829   (14)    1 :  0.180 0.138 0.071 0.047 0.074 0.390 0.100 
 12 z0029846   (14)    1 :  0.094 0.243 0.073 0.137 0.136 0.223 0.094 
 13 z0029860    (1)    3 :  0.149 0.117 0.087 0.043 0.179 0.316 0.109 
 14 z0029863    (2)    1 :  0.050 0.176 0.070 0.256 0.209 0.150 0.089 
 15 z0029864    (8)    1 :  0.191 0.146 0.063 0.191 0.231 0.090 0.087 
 16 z0029865   (13)    3 :  0.151 0.174 0.062 0.073 0.338 0.127 0.076 
 17 z0037607    (2)    3 :  0.059 0.157 0.099 0.169 0.240 0.161 0.115 
 18 z0037609   (25)    3 :  0.076 0.195 0.082 0.132 0.233 0.162 0.119 
 19 z0037624   (21)    1 :  0.168 0.129 0.092 0.060 0.293 0.104 0.155 
 20 z0038417    (8)    2 :  0.057 0.107 0.385 0.140 0.083 0.074 0.154 
 21 z0040275    (9)    2 :  0.054 0.147 0.235 0.196 0.123 0.075 0.169 
 22 z0040287    (3)    2 :  0.082 0.180 0.150 0.166 0.107 0.158 0.157 
 23 z0040308    (1)    2 :  0.073 0.190 0.206 0.042 0.129 0.082 0.277 
 24 z0040333    (1)    2 :  0.094 0.127 0.205 0.091 0.128 0.090 0.265 
 25 z0040334    (1)    2 :  0.052 0.087 0.436 0.099 0.057 0.064 0.206 
 26 z0040337    (6)    2 :  0.081 0.162 0.139 0.119 0.171 0.136 0.191 
 27 z0040345    (1)    2 :  0.043 0.136 0.269 0.127 0.086 0.059 0.280 
 28 z0040357    (5)    2 :  0.064 0.135 0.348 0.101 0.163 0.082 0.106 
 29 z0040363   (20)    2 :  0.151 0.156 0.262 0.074 0.114 0.084 0.161 
 30 z0040364    (0)    2 :  0.089 0.137 0.371 0.064 0.076 0.098 0.165 
 31 z0040387    (1)    2 :  0.079 0.117 0.334 0.083 0.101 0.104 0.181 
 32 z0040403   (15)    2 :  0.097 0.149 0.200 0.079 0.106 0.118 0.251 
 33 z0040413   (43)    2 :  0.070 0.152 0.141 0.109 0.116 0.126 0.286 
 34 z0040439    (0)    2 :  0.046 0.091 0.501 0.124 0.068 0.088 0.083 
 35 z0040465   (20)    2 :  0.070 0.206 0.161 0.072 0.123 0.203 0.164 
 36 z0040513   (17)    3 :  0.207 0.144 0.130 0.077 0.065 0.143 0.235 
 37 z0040961   (12)    2 :  0.090 0.129 0.194 0.213 0.063 0.106 0.204 
 38 z0040985   (16)    2 :  0.044 0.253 0.135 0.099 0.124 0.151 0.194 
 39 z0041026    (0)    2 :  0.083 0.117 0.402 0.093 0.064 0.121 0.121 
 40 z0041051   (28)    2 :  0.061 0.169 0.212 0.221 0.106 0.098 0.132 
 41 z0041115    (7)    2 :  0.125 0.124 0.362 0.115 0.081 0.092 0.101 
 42 z0041153   (23)    2 :  0.077 0.188 0.164 0.174 0.122 0.123 0.152 
 43 z0041233    (4)    2 :  0.106 0.193 0.152 0.080 0.146 0.144 0.178 
 44 z0041243    (1)    2 :  0.076 0.203 0.199 0.165 0.164 0.078 0.116 
 45 z0041248    (6)    2 :  0.139 0.097 0.370 0.085 0.148 0.055 0.104 
 46 z0041250    (1)    2 :  0.050 0.139 0.293 0.090 0.089 0.101 0.239 
 47 z0041274    (2)    2 :  0.046 0.152 0.179 0.158 0.078 0.184 0.204 
 48 z0041465   (15)    2 :  0.139 0.125 0.372 0.044 0.095 0.133 0.093 
 49 z0041472    (2)    2 :  0.155 0.116 0.320 0.070 0.112 0.073 0.155 
 50 z0041480   (10)    2 :  0.132 0.196 0.145 0.081 0.136 0.126 0.182 
 51 z0041483    (0)    2 :  0.077 0.128 0.429 0.105 0.069 0.091 0.101 
 52 z0041494   (12)    2 :  0.049 0.128 0.188 0.127 0.087 0.105 0.316 
 53 z0041498    (1)    2 :  0.123 0.141 0.310 0.121 0.102 0.132 0.072 
 54 z0041501    (1)    2 :  0.031 0.080 0.330 0.062 0.074 0.091 0.333 
 55 z0041507    (7)    2 :  0.076 0.141 0.293 0.108 0.103 0.089 0.189 
 56 z0041512    (0)    2 :  0.081 0.098 0.411 0.082 0.111 0.093 0.125 
 57 z0041522   (17)    2 :  0.094 0.118 0.355 0.102 0.120 0.150 0.060 
 58 z0041526    (1)    3 :  0.087 0.137 0.389 0.059 0.145 0.118 0.065 
 59 z0041527   (16)    2 :  0.101 0.119 0.248 0.082 0.095 0.122 0.233 
 60 z0043243    (2)    2 :  0.179 0.128 0.070 0.189 0.161 0.103 0.170 
 61 z0043278    (2)    2 :  0.054 0.084 0.437 0.173 0.065 0.071 0.116 
 62 z0043475   (17)    3 :  0.113 0.221 0.177 0.092 0.100 0.125 0.172 
 63 z0043477    (0)    2 :  0.048 0.117 0.208 0.118 0.282 0.094 0.132 
 64 z0043478    (2)    2 :  0.076 0.091 0.540 0.064 0.100 0.056 0.073 
 65 z0043481    (0)    2 :  0.058 0.150 0.294 0.092 0.127 0.097 0.182 
 66 z0043489    (7)    2 :  0.039 0.111 0.361 0.132 0.072 0.076 0.209 
 67 z0043491   (13)    2 :  0.078 0.111 0.255 0.201 0.154 0.103 0.099 
 68 z0043493    (3)    2 :  0.041 0.170 0.100 0.127 0.193 0.093 0.277 
 69 z0043494    (2)    2 :  0.078 0.212 0.146 0.170 0.092 0.158 0.145 
 70 z0043498    (2)    2 :  0.117 0.098 0.428 0.069 0.081 0.083 0.123 
 71 z0043504    (7)    2 :  0.069 0.128 0.174 0.141 0.264 0.095 0.129 
 72 z0043526    (3)    4 :  0.082 0.158 0.115 0.102 0.104 0.103 0.336 
 73 z0043566    (3)    2 :  0.119 0.164 0.242 0.076 0.121 0.108 0.169 
 74 z0043572    (0)    2 :  0.073 0.130 0.359 0.064 0.159 0.103 0.113 
 75 z0043599    (5)    2 :  0.057 0.172 0.159 0.085 0.149 0.184 0.193 
 76 z0043642    (1)    2 :  0.074 0.182 0.138 0.084 0.159 0.216 0.146 
 77 z0043649    (1)    2 :  0.062 0.113 0.324 0.112 0.073 0.077 0.239 
 78 z0043652    (1)    2 :  0.068 0.154 0.109 0.118 0.103 0.202 0.245 
 79 z0043668    (1)    2 :  0.194 0.109 0.100 0.125 0.089 0.093 0.290 
 80 z0043674    (1)    4 :  0.136 0.153 0.042 0.106 0.145 0.312 0.105 
 81 z0043686    (1)    2 :  0.145 0.147 0.211 0.171 0.135 0.088 0.104 
 82 z0043693    (1)    2 :  0.123 0.121 0.145 0.093 0.063 0.158 0.296 
 83 z0043704   (15)    2 :  0.053 0.113 0.457 0.076 0.086 0.138 0.077 
 84 z0043807    (1)    2 :  0.105 0.180 0.240 0.086 0.113 0.147 0.129 
 85 z0043819    (1)    2 :  0.075 0.157 0.047 0.094 0.139 0.158 0.330 
 86 z0043876    (7)    2 :  0.153 0.180 0.124 0.054 0.259 0.104 0.127 
 87 z0043877   (33)    2 :  0.179 0.171 0.213 0.064 0.097 0.124 0.153 
 88 z0043891   (21)    4 :  0.147 0.150 0.133 0.154 0.194 0.136 0.086 
 89 z0043915   (33)    2 :  0.126 0.134 0.124 0.290 0.086 0.107 0.134 
 90 z0043940   (10)    2 :  0.061 0.176 0.040 0.117 0.174 0.223 0.208 
 91 z0043954    (2)    2 :  0.115 0.234 0.135 0.163 0.078 0.114 0.162 
 92 z0043966    (5)    2 :  0.078 0.102 0.423 0.093 0.114 0.116 0.074 
 93 z0043980    (0)    2 :  0.137 0.204 0.157 0.099 0.079 0.120 0.204 
 94 z0043994    (1)    3 :  0.057 0.083 0.443 0.143 0.064 0.062 0.147 
 95 z0044017   (12)    2 :  0.076 0.136 0.155 0.241 0.075 0.095 0.222 
 96 z0044019   (14)    2 :  0.168 0.168 0.224 0.095 0.080 0.085 0.179 
 97 z0044023   (36)    2 :  0.159 0.065 0.530 0.047 0.076 0.057 0.066 
 98 z0044033    (0)    2 :  0.060 0.073 0.628 0.043 0.053 0.080 0.064 
 99 z0044042    (3)    2 :  0.134 0.069 0.438 0.123 0.075 0.056 0.104 
100 z0044047   (25)    2 :  0.071 0.094 0.178 0.111 0.074 0.072 0.400 
101 z0044064   (13)    2 :  0.036 0.178 0.169 0.185 0.102 0.135 0.195 
102 z0044432   (14)    2 :  0.146 0.123 0.134 0.107 0.076 0.120 0.294 
103 z0045326    (0)    3 :  0.120 0.171 0.110 0.046 0.234 0.247 0.072 
104 z0045331    (5)    1 :  0.132 0.153 0.116 0.138 0.170 0.229 0.061 
105 z0045332    (2)    1 :  0.085 0.151 0.075 0.181 0.085 0.235 0.187 
106 z0045333    (6)    1 :  0.294 0.141 0.074 0.070 0.151 0.146 0.124 
107 z0045337    (5)    1 :  0.448 0.089 0.105 0.095 0.123 0.072 0.068 
108 z0045342   (13)    1 :  0.206 0.120 0.076 0.066 0.071 0.271 0.190 
109 z0045347    (1)    3 :  0.066 0.207 0.074 0.141 0.204 0.140 0.168 
110 z0045350    (0)    1 :  0.095 0.181 0.090 0.192 0.113 0.216 0.113 
111 z0045370    (1)    1 :  0.223 0.116 0.031 0.069 0.155 0.345 0.062 
112 z0045371    (1)    3 :  0.105 0.203 0.125 0.113 0.173 0.175 0.107 
113 z0045398    (1)    3 :  0.103 0.150 0.040 0.080 0.371 0.149 0.107 
114 z0045399    (1)    3 :  0.215 0.140 0.051 0.288 0.116 0.107 0.082 
115 z0045401   (26)    1 :  0.084 0.174 0.056 0.089 0.109 0.293 0.195 
116 z0045404    (0)    3 :  0.140 0.142 0.043 0.061 0.212 0.323 0.080 
117 z0045405    (5)    3 :  0.057 0.238 0.047 0.091 0.158 0.323 0.086 
118 z0045407    (2)    3 :  0.062 0.199 0.075 0.178 0.288 0.127 0.071 
119 z0045719    (0)    2 :  0.048 0.156 0.357 0.084 0.088 0.140 0.126 
120 z0045720    (1)    2 :  0.047 0.164 0.151 0.122 0.137 0.179 0.201 
121 z0045728    (1)    2 :  0.099 0.125 0.380 0.085 0.155 0.076 0.080 
122 z0045731    (1)    2 :  0.048 0.202 0.145 0.107 0.131 0.118 0.247 
123 z0045733    (0)    2 :  0.116 0.147 0.118 0.144 0.086 0.176 0.213 
124 z0045736    (1)    2 :  0.080 0.200 0.094 0.153 0.101 0.192 0.181 
125 z0045739    (1)    2 :  0.070 0.227 0.099 0.081 0.265 0.158 0.101 
126 z0045740    (1)    2 :  0.075 0.128 0.330 0.072 0.063 0.077 0.255 
127 z0045741    (0)    2 :  0.029 0.116 0.206 0.059 0.076 0.147 0.368 
128 z0045742    (0)    2 :  0.083 0.118 0.267 0.059 0.069 0.191 0.213 
129 z0045776    (1)    3 :  0.070 0.058 0.073 0.052 0.045 0.060 0.643 
130 z0045779    (0)    2 :  0.116 0.080 0.528 0.078 0.081 0.066 0.050 
131 z0045781    (0)    2 :  0.042 0.097 0.332 0.084 0.267 0.073 0.105 
132 z0045788    (5)    2 :  0.067 0.085 0.480 0.140 0.062 0.058 0.108 
133 z0045789    (2)    2 :  0.067 0.120 0.439 0.100 0.083 0.114 0.076 
134 z0045791    (5)    2 :  0.077 0.119 0.350 0.136 0.064 0.156 0.098 
135 z0045792   (23)    1 :  0.192 0.122 0.181 0.088 0.213 0.102 0.102 
136 z0045793    (0)    3 :  0.277 0.090 0.205 0.053 0.095 0.217 0.063 
137 z0047562   (15)    2 :  0.072 0.116 0.212 0.155 0.088 0.123 0.233 
138 z0047854    (1)    2 :  0.070 0.178 0.231 0.134 0.151 0.116 0.119 
139 z0051185    (1)    1 :  0.087 0.152 0.050 0.074 0.282 0.292 0.064 
140 z0051324    (6)    1 :  0.283 0.115 0.066 0.121 0.238 0.122 0.055 
141 z0051326    (0)    1 :  0.266 0.112 0.062 0.114 0.264 0.133 0.049 
142 z0051327    (4)    3 :  0.078 0.177 0.193 0.082 0.214 0.146 0.111 
143 z0051328    (3)    1 :  0.255 0.113 0.103 0.063 0.235 0.131 0.100 
144 z0051380    (0)    1 :  0.298 0.093 0.032 0.059 0.357 0.080 0.081 
145 z0051400    (0)    3 :  0.194 0.139 0.118 0.075 0.093 0.211 0.171 
146 z0051431   (23)    3 :  0.059 0.192 0.196 0.063 0.172 0.203 0.115 
147 z0051840   (34)    2 :  0.114 0.110 0.318 0.209 0.055 0.111 0.083 
148 z0051844   (27)    2 :  0.059 0.136 0.190 0.183 0.128 0.075 0.230 
149 z0051875   (29)    3 :  0.151 0.274 0.074 0.069 0.133 0.223 0.076 
150 z0051885    (8)    3 :  0.073 0.175 0.343 0.081 0.127 0.110 0.091 
151 z0051888    (1)    2 :  0.193 0.142 0.300 0.066 0.065 0.157 0.078 
152 z0051891    (1)    1 :  0.092 0.179 0.081 0.088 0.168 0.183 0.209 
153 z0051893    (4)    1 :  0.271 0.102 0.080 0.089 0.152 0.178 0.129 
154 z0051895    (0)    3 :  0.249 0.169 0.077 0.073 0.154 0.198 0.080 
155 z0051918    (1)    3 :  0.045 0.099 0.230 0.279 0.150 0.073 0.124 
156 z0051929    (1)    1 :  0.231 0.131 0.073 0.052 0.293 0.136 0.084 
157 z0051939   (12)    3 :  0.094 0.148 0.211 0.101 0.106 0.219 0.119 
158 z0051947    (3)    1 :  0.555 0.104 0.066 0.049 0.081 0.058 0.086 
159 z0051959    (2)    3 :  0.080 0.147 0.142 0.138 0.299 0.090 0.106 
160 z0052846    (0)    4 :  0.082 0.185 0.159 0.072 0.117 0.213 0.172 
161 z0052882    (1)    2 :  0.171 0.127 0.181 0.109 0.092 0.127 0.193 
162 z0053020   (22)    2 :  0.039 0.088 0.090 0.131 0.099 0.092 0.462 
163 z0053024   (13)    2 :  0.106 0.198 0.116 0.120 0.182 0.166 0.112 
164 z0053025    (5)    2 :  0.035 0.094 0.495 0.066 0.146 0.106 0.058 
165 z0053031    (0)    2 :  0.110 0.164 0.158 0.183 0.120 0.118 0.147 
166 z0053032    (1)    2 :  0.111 0.113 0.149 0.132 0.086 0.063 0.346 
167 z0053040    (5)    2 :  0.078 0.168 0.150 0.112 0.113 0.156 0.223 
168 z0053051    (1)    3 :  0.081 0.172 0.040 0.096 0.128 0.304 0.179 
169 z0053054    (6)    3 :  0.114 0.220 0.048 0.072 0.159 0.258 0.129 
170 z0053071    (3)    2 :  0.108 0.152 0.318 0.063 0.066 0.093 0.201 
171 z0053073    (2)    2 :  0.122 0.186 0.059 0.115 0.166 0.129 0.222 
172 z0053078    (1)    3 :  0.034 0.087 0.188 0.425 0.076 0.061 0.129 
173 z0053082    (2)    3 :  0.086 0.127 0.236 0.072 0.098 0.114 0.266 
174 z0053083   (12)    2 :  0.094 0.164 0.191 0.131 0.137 0.095 0.189 
175 z0053090   (11)    3 :  0.069 0.140 0.253 0.138 0.136 0.087 0.177 
176 z0053096    (0)    2 :  0.042 0.086 0.391 0.231 0.048 0.102 0.100 
177 z0053100    (8)    2 :  0.060 0.234 0.180 0.092 0.089 0.132 0.213 
178 z0053101    (0)    2 :  0.064 0.129 0.268 0.308 0.088 0.069 0.074 
179 z0053102    (9)    2 :  0.062 0.157 0.209 0.087 0.109 0.127 0.249 
180 z0053103    (1)    2 :  0.069 0.106 0.487 0.048 0.078 0.085 0.126 
181 z0053111    (2)    3 :  0.117 0.223 0.084 0.122 0.167 0.170 0.118 
182 z0053131    (0)    2 :  0.122 0.131 0.293 0.119 0.134 0.130 0.072 
183 z0053132    (0)    2 :  0.040 0.104 0.184 0.381 0.050 0.109 0.132 
184 z0053133    (1)    2 :  0.114 0.222 0.078 0.186 0.124 0.140 0.136 
185 z0053138    (0)    2 :  0.139 0.188 0.193 0.068 0.207 0.134 0.072 
186 z0053142    (3)    2 :  0.147 0.120 0.356 0.091 0.103 0.091 0.093 
187 z0053149    (1)    2 :  0.087 0.165 0.285 0.113 0.126 0.071 0.153 
188 z0053754    (1)    1 :  0.127 0.097 0.088 0.138 0.411 0.071 0.068 
189 z0053756    (2)    1 :  0.077 0.166 0.059 0.149 0.386 0.094 0.069 
190 z0053758   (17)    1 :  0.227 0.115 0.048 0.127 0.058 0.368 0.057 
191 z0053759    (1)    1 :  0.324 0.195 0.053 0.087 0.130 0.130 0.081 
192 z0053760    (0)    1 :  0.102 0.274 0.069 0.106 0.129 0.233 0.088 
193 z0053842    (2)    1 :  0.078 0.169 0.067 0.054 0.305 0.147 0.180 
194 z0053843    (6)    1 :  0.314 0.097 0.078 0.088 0.096 0.264 0.063 
195 z0053844    (9)    1 :  0.138 0.170 0.084 0.077 0.220 0.222 0.089 
196 z0053846    (3)    1 :  0.456 0.068 0.049 0.072 0.063 0.245 0.047 
197 z0053847    (1)    1 :  0.586 0.069 0.119 0.076 0.056 0.042 0.053 
198 z0053849    (1)    1 :  0.092 0.161 0.071 0.108 0.310 0.125 0.133 
199 z0055903    (1)    4 :  0.091 0.139 0.070 0.113 0.111 0.141 0.335 
200 z0055910   (35)    4 :  0.097 0.183 0.195 0.127 0.102 0.152 0.144 
201 z0055912    (7)    4 :  0.054 0.181 0.145 0.238 0.162 0.110 0.110 
202 z0055916   (17)    4 :  0.109 0.204 0.103 0.086 0.174 0.175 0.149 
203 z0055931    (4)    4 :  0.071 0.125 0.376 0.095 0.093 0.081 0.158 
204 z0055944    (4)    4 :  0.142 0.182 0.103 0.119 0.140 0.105 0.208 
205 z0055947   (10)    4 :  0.054 0.186 0.109 0.100 0.191 0.220 0.140 
206 z0055962    (6)    4 :  0.064 0.216 0.191 0.073 0.219 0.138 0.099 
207 z0055963   (21)    4 :  0.122 0.187 0.185 0.138 0.089 0.163 0.116 
208 z0055965   (26)    4 :  0.165 0.188 0.053 0.209 0.119 0.116 0.151 
209 z0055970   (16)    4 :  0.150 0.162 0.129 0.073 0.123 0.099 0.263 
210 z0055971    (8)    4 :  0.231 0.122 0.115 0.146 0.134 0.089 0.164 
211 z0055977    (6)    4 :  0.067 0.137 0.275 0.128 0.159 0.125 0.108 
212 z0055986   (21)    4 :  0.152 0.157 0.089 0.064 0.120 0.247 0.172 
213 z0055990    (7)    4 :  0.071 0.123 0.329 0.140 0.098 0.133 0.105 
214 z0055996    (3)    4 :  0.089 0.239 0.157 0.051 0.165 0.209 0.090 
215 z0055997    (4)    4 :  0.145 0.177 0.236 0.057 0.123 0.129 0.134 
216 z0055998    (5)    4 :  0.068 0.195 0.094 0.202 0.189 0.139 0.115 
217 z0055999    (3)    4 :  0.214 0.216 0.085 0.139 0.089 0.155 0.102 
218 z0056011    (9)    4 :  0.062 0.167 0.056 0.091 0.198 0.164 0.262 
219 z0056029    (5)    4 :  0.080 0.222 0.080 0.060 0.142 0.127 0.289 
220 z0056034    (2)    4 :  0.045 0.185 0.256 0.098 0.148 0.108 0.159 
221 z0056056   (26)    3 :  0.127 0.231 0.108 0.084 0.156 0.172 0.122 
222 z0056058    (5)    3 :  0.415 0.132 0.039 0.055 0.114 0.119 0.126 
223 z0056059    (8)    3 :  0.112 0.152 0.048 0.163 0.115 0.125 0.284 
224 z0056062    (1)    3 :  0.150 0.082 0.088 0.111 0.069 0.078 0.424 
225 z0056063    (4)    3 :  0.106 0.201 0.078 0.107 0.147 0.207 0.153 
226 z0056064    (0)    3 :  0.202 0.148 0.080 0.237 0.101 0.117 0.115 
227 z0056065    (0)    3 :  0.233 0.187 0.061 0.109 0.108 0.212 0.090 
228 z0056069    (1)    3 :  0.072 0.063 0.075 0.043 0.044 0.060 0.643 
229 z0056073    (0)    3 :  0.109 0.193 0.036 0.050 0.282 0.196 0.135 
230 z0056076    (5)    3 :  0.372 0.094 0.178 0.161 0.054 0.078 0.065 
231 z0056079   (10)    3 :  0.122 0.235 0.040 0.111 0.166 0.235 0.092 
232 z0056085    (1)    3 :  0.190 0.161 0.078 0.116 0.194 0.183 0.078 
233 z0056092    (1)    3 :  0.130 0.179 0.075 0.168 0.172 0.169 0.108 
234 z0056095    (1)    3 :  0.195 0.149 0.051 0.214 0.093 0.169 0.130 
235 z0056103    (8)    3 :  0.233 0.151 0.049 0.130 0.190 0.103 0.144 
236 z0056374    (8)    1 :  0.255 0.139 0.046 0.067 0.190 0.146 0.156 
237 z0056375    (0)    1 :  0.253 0.154 0.062 0.077 0.133 0.210 0.112 
238 z0056377    (0)    1 :  0.139 0.170 0.053 0.098 0.340 0.093 0.105 
239 z0056378    (2)    1 :  0.416 0.097 0.106 0.045 0.071 0.067 0.197 
240 z0056382    (1)    1 :  0.316 0.093 0.049 0.122 0.071 0.297 0.054 
241 z0056384    (3)    1 :  0.274 0.119 0.099 0.191 0.099 0.118 0.100 
242 z0056386    (8)    1 :  0.334 0.083 0.052 0.096 0.096 0.292 0.048 
243 z0056389    (1)    1 :  0.210 0.087 0.039 0.073 0.073 0.472 0.046 
244 z0056391    (2)    1 :  0.533 0.062 0.021 0.030 0.105 0.217 0.032 
245 z0056392   (12)    1 :  0.220 0.111 0.076 0.051 0.338 0.144 0.061 
246 z0056393    (9)    1 :  0.084 0.180 0.097 0.117 0.236 0.185 0.101 
247 z0056394    (1)    1 :  0.130 0.170 0.055 0.069 0.302 0.193 0.081 
248 z0056395    (2)    1 :  0.179 0.135 0.083 0.087 0.296 0.082 0.139 
249 z0056397    (1)    1 :  0.063 0.165 0.184 0.122 0.279 0.107 0.081 
250 z0061527    (3)    3 :  0.105 0.161 0.268 0.085 0.136 0.113 0.132 
251 z0061967    (1)    3 :  0.141 0.181 0.144 0.080 0.195 0.158 0.101 
252 z0061969    (1)    3 :  0.102 0.146 0.194 0.048 0.198 0.171 0.142 
253 z0061980    (1)    1 :  0.214 0.095 0.186 0.097 0.202 0.124 0.083 
254 z0066166    (3)    3 :  0.198 0.218 0.101 0.101 0.140 0.172 0.072 
255 z0066792    (2)    1 :  0.137 0.078 0.073 0.554 0.055 0.064 0.040 
256 z0066805    (2)    1 :  0.073 0.078 0.057 0.550 0.052 0.088 0.103 
257 z0068471    (3)    3 :  0.351 0.155 0.083 0.105 0.127 0.067 0.111 
258 z0075696    (7)    5 :  0.043 0.061 0.059 0.645 0.042 0.075 0.075 
259 z0101084    (8)    1 :  0.405 0.079 0.076 0.048 0.085 0.161 0.146 
260 z0107099    (3)    3 :  0.369 0.113 0.024 0.072 0.164 0.172 0.087 
261 z0107101    (0)    1 :  0.696 0.046 0.040 0.035 0.049 0.095 0.038 
262 z0108489    (1)    1 :  0.177 0.118 0.113 0.139 0.131 0.072 0.250 
263 z0108513    (0)    1 :  0.403 0.077 0.143 0.044 0.111 0.187 0.034 
264 z0108528    (1)    3 :  0.131 0.178 0.150 0.079 0.176 0.173 0.112 
265 z0113628    (2)    3 :  0.054 0.239 0.058 0.168 0.105 0.174 0.201 
266 z0133302   (18)    1 :  0.347 0.121 0.133 0.110 0.087 0.109 0.093 
267 z0173485    (0)    1 :  0.054 0.300 0.103 0.067 0.119 0.170 0.187 
268 z0175371    (1)    3 :  0.053 0.151 0.165 0.255 0.182 0.110 0.084 
269 z0175378    (0)    2 :  0.054 0.160 0.394 0.045 0.079 0.138 0.131 
270 z0175912    (6)    1 :  0.223 0.196 0.082 0.093 0.205 0.082 0.119 
271 z0175916    (3)    1 :  0.112 0.173 0.228 0.159 0.123 0.143 0.062 
272 z0175937    (1)    1 :  0.215 0.126 0.063 0.090 0.189 0.205 0.112 
273 z0178348   (13)    1 :  0.254 0.121 0.061 0.061 0.332 0.092 0.080 
274 z0187857    (3)    1 :  0.450 0.091 0.093 0.060 0.082 0.110 0.113 
275 z0187860    (0)    1 :  0.132 0.167 0.101 0.089 0.109 0.193 0.208 
276 z0187885    (0)    2 :  0.088 0.144 0.179 0.272 0.067 0.113 0.138 
277 z0187906   (10)    1 :  0.092 0.184 0.058 0.256 0.105 0.119 0.186 
278 z0195655    (0)    2 :  0.080 0.107 0.509 0.062 0.105 0.071 0.066 
279 z0195663    (1)    3 :  0.036 0.124 0.249 0.094 0.148 0.148 0.201 
280 z0195683    (1)    3 :  0.237 0.138 0.055 0.056 0.129 0.251 0.133 
281 z0195687   (22)    3 :  0.146 0.130 0.040 0.081 0.216 0.316 0.071 
282 z0195688    (0)    2 :  0.063 0.215 0.135 0.190 0.118 0.139 0.141 
283 z0195691    (1)    3 :  0.041 0.226 0.039 0.157 0.126 0.162 0.248 
284 z0195699    (0)    3 :  0.058 0.176 0.069 0.068 0.187 0.322 0.121 
285 z0195701    (8)    3 :  0.341 0.101 0.105 0.115 0.097 0.162 0.079 
286 z0195702    (0)    3 :  0.153 0.151 0.131 0.197 0.139 0.123 0.107 
287 z0195704    (1)    3 :  0.292 0.183 0.113 0.093 0.110 0.082 0.127 
288 z0195705    (1)    3 :  0.047 0.112 0.197 0.072 0.105 0.111 0.357 
289 z0195711    (0)    3 :  0.066 0.199 0.043 0.226 0.154 0.195 0.117 
290 z0195716    (0)    3 :  0.188 0.170 0.076 0.216 0.132 0.138 0.080 
291 z0195718   (13)    3 :  0.212 0.166 0.046 0.140 0.136 0.212 0.087 
292 z0195725    (5)    3 :  0.140 0.111 0.203 0.078 0.244 0.113 0.111 
293 z0195726   (17)    1 :  0.081 0.190 0.058 0.099 0.265 0.125 0.181 
294 z0195728   (14)    3 :  0.302 0.092 0.035 0.048 0.079 0.355 0.090 
295 z0195732   (16)    3 :  0.139 0.141 0.036 0.081 0.238 0.225 0.139 
296 z0195737    (1)    3 :  0.092 0.118 0.198 0.139 0.065 0.164 0.223 
297 z0195740   (30)    3 :  0.078 0.172 0.077 0.087 0.233 0.194 0.159 
298 z0195751    (1)    3 :  0.248 0.099 0.063 0.071 0.099 0.336 0.084 
299 z0195762    (2)    3 :  0.165 0.123 0.056 0.283 0.227 0.079 0.068 
300 z0195784    (0)    3 :  0.187 0.162 0.045 0.100 0.113 0.246 0.147 
301 z0196686    (0)    5 :  0.068 0.048 0.029 0.743 0.034 0.039 0.038 
302 z0196687    (0)    5 :  0.089 0.061 0.091 0.580 0.080 0.056 0.042 
303 z0196689    (1)    5 :  0.038 0.067 0.072 0.605 0.107 0.062 0.049 
304 z0196690    (3)    5 :  0.183 0.059 0.042 0.549 0.051 0.056 0.061 
305 z0196691    (9)    5 :  0.061 0.093 0.038 0.559 0.087 0.078 0.084 
306 z0196692    (1)    5 :  0.085 0.097 0.068 0.501 0.097 0.082 0.070 
307 z0196693    (2)    5 :  0.111 0.076 0.050 0.575 0.074 0.077 0.038 
308 z0196694    (3)    5 :  0.066 0.122 0.059 0.531 0.069 0.080 0.073 
309 z0196710    (0)    3 :  0.099 0.220 0.139 0.125 0.149 0.158 0.110 
310 z0196715   (23)    3 :  0.161 0.205 0.050 0.063 0.187 0.240 0.094 
311 z0196719    (0)    3 :  0.113 0.211 0.091 0.090 0.198 0.212 0.085 
312 z0196724   (20)    3 :  0.161 0.192 0.086 0.058 0.228 0.165 0.110 
313 z0196725    (1)    3 :  0.295 0.155 0.066 0.100 0.090 0.125 0.170 
314 z0196729    (3)    3 :  0.116 0.201 0.116 0.084 0.207 0.189 0.087 
315 z0196730    (3)    1 :  0.464 0.082 0.083 0.136 0.082 0.063 0.090 
316 z0196731    (1)    3 :  0.154 0.176 0.036 0.082 0.282 0.178 0.091 
317 z0196733   (17)    1 :  0.115 0.155 0.053 0.082 0.378 0.139 0.078 
318 z0196734    (2)    3 :  0.103 0.223 0.090 0.070 0.161 0.185 0.168 
319 z0196739   (18)    3 :  0.282 0.153 0.151 0.062 0.123 0.106 0.124 
320 z0196740   (10)    3 :  0.174 0.123 0.074 0.162 0.302 0.106 0.059 
321 z0196746    (3)    1 :  0.419 0.071 0.065 0.100 0.070 0.095 0.180 
322 z0196751    (0)    3 :  0.256 0.160 0.141 0.111 0.101 0.141 0.091 
323 z0196752    (0)    3 :  0.132 0.115 0.052 0.339 0.171 0.120 0.071 
324 z0196754    (0)    3 :  0.178 0.137 0.073 0.074 0.133 0.261 0.144 
325 z0196758    (2)    1 :  0.209 0.153 0.069 0.130 0.217 0.144 0.078 
326 z0196763    (2)    3 :  0.064 0.218 0.048 0.082 0.217 0.202 0.169 
327 z0196764    (1)    3 :  0.096 0.154 0.118 0.113 0.188 0.256 0.075 
328 z0196766    (0)    3 :  0.203 0.181 0.087 0.103 0.122 0.195 0.109 
329 z0196769    (1)    3 :  0.201 0.151 0.066 0.131 0.139 0.252 0.061 
330 z0196774    (1)    3 :  0.215 0.095 0.057 0.247 0.175 0.149 0.064 
331 z0196783    (0)    1 :  0.551 0.077 0.031 0.061 0.069 0.160 0.051 
332 z0196794    (2)    1 :  0.411 0.074 0.042 0.119 0.093 0.208 0.053 
333 z0196804   (15)    1 :  0.126 0.159 0.073 0.072 0.301 0.190 0.079 
334 z0196809   (15)    3 :  0.092 0.123 0.041 0.165 0.336 0.169 0.075 
335 z0196810    (2)    1 :  0.099 0.157 0.060 0.123 0.364 0.101 0.096 
336 z0196811    (1)    1 :  0.147 0.096 0.033 0.072 0.428 0.130 0.093 
337 z0196824    (0)    3 :  0.106 0.204 0.129 0.135 0.116 0.131 0.180 
338 z0196825    (1)    3 :  0.108 0.201 0.122 0.043 0.180 0.190 0.155 
339 z0196828    (1)    2 :  0.133 0.175 0.095 0.077 0.245 0.165 0.110 
340 z0196829    (0)    3 :  0.068 0.267 0.059 0.059 0.264 0.165 0.117 
341 z0196834   (28)    3 :  0.223 0.157 0.142 0.115 0.128 0.127 0.109 
342 z0196835    (0)    3 :  0.290 0.146 0.085 0.027 0.141 0.210 0.102 
343 z0196838    (2)    1 :  0.107 0.116 0.037 0.149 0.368 0.159 0.064 
344 z0196841   (22)    3 :  0.263 0.152 0.063 0.186 0.127 0.125 0.084 
345 z0196843   (27)    3 :  0.298 0.139 0.044 0.075 0.143 0.120 0.181 
346 z0196849    (1)    3 :  0.169 0.209 0.074 0.090 0.125 0.273 0.060 
347 z0196852    (1)    2 :  0.065 0.166 0.101 0.196 0.148 0.147 0.176 
348 z0196855    (0)    2 :  0.086 0.173 0.115 0.151 0.229 0.107 0.141 
349 z0196856    (1)    3 :  0.069 0.271 0.095 0.113 0.160 0.142 0.150 
350 z0196857    (0)    2 :  0.202 0.123 0.289 0.070 0.071 0.166 0.079 
351 z0196864    (2)    3 :  0.048 0.154 0.143 0.106 0.155 0.169 0.225 
352 z0196894    (0)    3 :  0.159 0.146 0.046 0.135 0.166 0.155 0.194 
353 z0197662    (3)    1 :  0.112 0.211 0.091 0.089 0.164 0.108 0.225 
354 z0197665    (2)    1 :  0.478 0.064 0.086 0.132 0.095 0.090 0.056 
355 z0197668   (20)    3 :  0.065 0.129 0.071 0.315 0.157 0.160 0.102 
356 z0197669    (1)    3 :  0.074 0.151 0.124 0.123 0.090 0.141 0.298 
357 z0197672    (1)    3 :  0.153 0.127 0.100 0.132 0.115 0.279 0.094 


Estimated Allele Frequencies in each cluster
First column gives estimated ancestral frequencies


Locus 1 : HI.v.HI.SEAK 
5 alleles
66.2% missing data
   0   (0.219) 0.120 0.220 0.136 0.343 0.135 0.137 0.251 
   4   (0.383) 0.604 0.388 0.036 0.281 0.649 0.638 0.150 
   1   (0.209) 0.066 0.205 0.793 0.206 0.112 0.115 0.354 
   2   (0.047) 0.012 0.046 0.014 0.021 0.023 0.023 0.061 
   3   (0.142) 0.198 0.141 0.021 0.149 0.081 0.088 0.184 

Locus 2 : Mnov_gtseq_1 
2 alleles
0.0% missing data
   0   (0.412) 0.358 0.411 0.277 0.500 0.401 0.371 0.472 
   1   (0.588) 0.642 0.589 0.723 0.500 0.599 0.629 0.528 

Locus 3 : Mnov_gtseq_10 
2 alleles
0.3% missing data
   0   (0.809) 0.784 0.807 0.960 0.948 0.662 0.688 0.926 
   1   (0.191) 0.216 0.193 0.040 0.052 0.338 0.312 0.074 

Locus 4 : Mnov_gtseq_102 
2 alleles
0.8% missing data
   0   (0.555) 0.325 0.551 0.802 0.549 0.643 0.568 0.609 
   1   (0.445) 0.675 0.449 0.198 0.451 0.357 0.432 0.391 

Locus 5 : Mnov_gtseq_104 
2 alleles
0.3% missing data
   0   (0.867) 0.608 0.869 0.968 0.974 0.890 0.807 0.948 
   1   (0.133) 0.392 0.131 0.032 0.026 0.110 0.193 0.052 

Locus 6 : Mnov_gtseq_106 
2 alleles
15.4% missing data
   1   (0.764) 0.762 0.766 0.758 0.683 0.764 0.833 0.882 
   0   (0.236) 0.238 0.234 0.242 0.317 0.236 0.167 0.118 

Locus 7 : Mnov_gtseq_107 
2 alleles
37.8% missing data
   1   (0.206) 0.175 0.202 0.484 0.063 0.123 0.120 0.554 
   0   (0.794) 0.825 0.798 0.516 0.937 0.877 0.880 0.446 

Locus 8 : Mnov_gtseq_111 
2 alleles
39.2% missing data
   1   (0.699) 0.654 0.706 0.341 0.860 0.758 0.571 0.837 
   0   (0.301) 0.346 0.294 0.659 0.140 0.242 0.429 0.163 

Locus 9 : Mnov_gtseq_112 
2 alleles
1.1% missing data
   0   (0.577) 0.786 0.570 0.794 0.326 0.525 0.677 0.652 
   1   (0.423) 0.214 0.430 0.206 0.674 0.475 0.323 0.348 

Locus 10 : Mnov_gtseq_113 
2 alleles
1.7% missing data
   1   (0.714) 0.803 0.715 0.600 0.642 0.706 0.805 0.756 
   0   (0.286) 0.197 0.285 0.400 0.358 0.294 0.195 0.244 

Locus 11 : Mnov_gtseq_114 
2 alleles
4.5% missing data
   0   (0.587) 0.514 0.602 0.174 0.365 0.608 0.690 0.657 
   1   (0.413) 0.486 0.398 0.826 0.635 0.392 0.310 0.343 

Locus 12 : Mnov_gtseq_117 
2 alleles
27.2% missing data
   0   (0.661) 0.536 0.667 0.922 0.696 0.586 0.598 0.550 
   1   (0.339) 0.464 0.333 0.078 0.304 0.414 0.402 0.450 

Locus 13 : Mnov_gtseq_118 
2 alleles
8.1% missing data
   0   (0.764) 0.283 0.770 0.934 0.800 0.750 0.834 0.724 
   1   (0.236) 0.717 0.230 0.066 0.200 0.250 0.166 0.276 

Locus 14 : Mnov_gtseq_12 
2 alleles
0.3% missing data
   0   (0.437) 0.417 0.432 0.247 0.805 0.322 0.638 0.257 
   1   (0.563) 0.583 0.568 0.753 0.195 0.678 0.362 0.743 

Locus 15 : Mnov_gtseq_124 
2 alleles
4.8% missing data
   1   (0.764) 0.741 0.761 0.909 0.937 0.566 0.766 0.865 
   0   (0.236) 0.259 0.239 0.091 0.063 0.434 0.234 0.135 

Locus 16 : Mnov_gtseq_125 
2 alleles
1.1% missing data
   1   (0.893) 0.988 0.895 0.568 0.969 0.920 0.950 0.816 
   0   (0.107) 0.012 0.105 0.432 0.031 0.080 0.050 0.184 

Locus 17 : Mnov_gtseq_126 
2 alleles
0.0% missing data
   0   (0.334) 0.089 0.335 0.238 0.610 0.479 0.184 0.474 
   1   (0.666) 0.911 0.665 0.762 0.390 0.521 0.816 0.526 

Locus 18 : Mnov_gtseq_127 
2 alleles
7.0% missing data
   0   (0.609) 0.669 0.610 0.399 0.628 0.639 0.744 0.567 
   1   (0.391) 0.331 0.390 0.601 0.372 0.361 0.256 0.433 

Locus 19 : Mnov_gtseq_128 
2 alleles
31.4% missing data
   0   (0.661) 0.878 0.655 0.689 0.671 0.729 0.697 0.616 
   1   (0.339) 0.122 0.345 0.311 0.329 0.271 0.303 0.384 

Locus 20 : Mnov_gtseq_129 
2 alleles
2.0% missing data
   0   (0.536) 0.521 0.543 0.567 0.197 0.473 0.433 0.832 
   1   (0.464) 0.479 0.457 0.433 0.803 0.527 0.567 0.168 

Locus 21 : Mnov_gtseq_13 
2 alleles
0.0% missing data
   0   (0.525) 0.576 0.513 0.595 0.873 0.414 0.422 0.700 
   1   (0.475) 0.424 0.487 0.405 0.127 0.586 0.578 0.300 

Locus 22 : Mnov_gtseq_130 
2 alleles
28.9% missing data
   1   (0.507) 0.477 0.508 0.486 0.751 0.552 0.462 0.316 
   0   (0.493) 0.523 0.492 0.514 0.249 0.448 0.538 0.684 

Locus 23 : Mnov_gtseq_135 
2 alleles
0.6% missing data
   1   (0.476) 0.374 0.479 0.623 0.312 0.353 0.539 0.546 
   0   (0.524) 0.626 0.521 0.377 0.688 0.647 0.461 0.454 

Locus 24 : Mnov_gtseq_138 
2 alleles
0.6% missing data
   0   (0.483) 0.421 0.485 0.296 0.368 0.521 0.481 0.620 
   1   (0.517) 0.579 0.515 0.704 0.632 0.479 0.519 0.380 

Locus 25 : Mnov_gtseq_140 
2 alleles
1.1% missing data
   0   (0.476) 0.227 0.482 0.654 0.143 0.443 0.598 0.589 
   1   (0.524) 0.773 0.518 0.346 0.857 0.557 0.402 0.411 

Locus 26 : Mnov_gtseq_141 
2 alleles
0.3% missing data
   0   (0.531) 0.858 0.525 0.544 0.336 0.575 0.469 0.617 
   1   (0.469) 0.142 0.475 0.456 0.664 0.425 0.531 0.383 

Locus 27 : Mnov_gtseq_143 
2 alleles
2.8% missing data
   1   (0.548) 0.757 0.547 0.510 0.268 0.622 0.607 0.545 
   0   (0.452) 0.243 0.453 0.490 0.732 0.378 0.393 0.455 

Locus 28 : Mnov_gtseq_145 
2 alleles
2.0% missing data
   0   (0.467) 0.671 0.468 0.583 0.334 0.355 0.537 0.273 
   1   (0.533) 0.329 0.532 0.417 0.666 0.645 0.463 0.727 

Locus 29 : Mnov_gtseq_147 
2 alleles
26.3% missing data
   0   (0.808) 0.849 0.816 0.321 0.709 0.916 0.881 0.742 
   1   (0.192) 0.151 0.184 0.679 0.291 0.084 0.119 0.258 

Locus 30 : Mnov_gtseq_148 
2 alleles
9.2% missing data
   0   (0.305) 0.185 0.304 0.080 0.520 0.397 0.279 0.216 
   1   (0.695) 0.815 0.696 0.920 0.480 0.603 0.721 0.784 

Locus 31 : Mnov_gtseq_149 
2 alleles
0.6% missing data
   0   (0.610) 0.617 0.611 0.555 0.518 0.637 0.625 0.621 
   1   (0.390) 0.383 0.389 0.445 0.482 0.363 0.375 0.379 

Locus 32 : Mnov_gtseq_15 
2 alleles
0.0% missing data
   0   (0.477) 0.496 0.477 0.442 0.519 0.344 0.672 0.307 
   1   (0.523) 0.504 0.523 0.558 0.481 0.656 0.328 0.693 

Locus 33 : Mnov_gtseq_152 
2 alleles
0.8% missing data
   0   (0.344) 0.370 0.344 0.354 0.188 0.200 0.357 0.493 
   1   (0.656) 0.630 0.656 0.646 0.812 0.800 0.643 0.507 

Locus 34 : Mnov_gtseq_154 
2 alleles
3.4% missing data
   0   (0.546) 0.704 0.547 0.380 0.573 0.552 0.598 0.458 
   1   (0.454) 0.296 0.453 0.620 0.427 0.448 0.402 0.542 

Locus 35 : Mnov_gtseq_155 
2 alleles
41.7% missing data
   0   (0.650) 0.664 0.650 0.669 0.632 0.655 0.682 0.783 
   1   (0.350) 0.336 0.350 0.331 0.368 0.345 0.318 0.217 

Locus 36 : Mnov_gtseq_157 
2 alleles
0.6% missing data
   1   (0.575) 0.610 0.582 0.652 0.479 0.478 0.520 0.637 
   0   (0.425) 0.390 0.418 0.348 0.521 0.522 0.480 0.363 

Locus 37 : Mnov_gtseq_158 
2 alleles
0.6% missing data
   0   (0.378) 0.802 0.375 0.042 0.353 0.502 0.503 0.166 
   1   (0.622) 0.198 0.625 0.958 0.647 0.498 0.497 0.834 

Locus 38 : Mnov_gtseq_159 
2 alleles
24.6% missing data
   0   (0.606) 0.695 0.602 0.296 0.438 0.815 0.634 0.639 
   1   (0.394) 0.305 0.398 0.704 0.562 0.185 0.366 0.361 

Locus 39 : Mnov_gtseq_16 
2 alleles
0.0% missing data
   0   (0.644) 0.594 0.644 0.454 0.837 0.473 0.778 0.685 
   1   (0.356) 0.406 0.356 0.546 0.163 0.527 0.222 0.315 

Locus 40 : Mnov_gtseq_160 
2 alleles
2.5% missing data
   0   (0.489) 0.487 0.487 0.345 0.413 0.621 0.537 0.457 
   1   (0.511) 0.513 0.513 0.655 0.587 0.379 0.463 0.543 

Locus 41 : Mnov_gtseq_161 
2 alleles
2.0% missing data
   1   (0.753) 0.727 0.753 0.815 0.841 0.699 0.752 0.875 
   0   (0.247) 0.273 0.247 0.185 0.159 0.301 0.248 0.125 

Locus 42 : Mnov_gtseq_162 
2 alleles
2.2% missing data
   1   (0.388) 0.752 0.380 0.513 0.176 0.241 0.451 0.525 
   0   (0.612) 0.248 0.620 0.487 0.824 0.759 0.549 0.475 

Locus 43 : Mnov_gtseq_167 
2 alleles
1.1% missing data
   1   (0.799) 0.564 0.799 0.863 0.885 0.818 0.847 0.916 
   0   (0.201) 0.436 0.201 0.137 0.115 0.182 0.153 0.084 

Locus 44 : Mnov_gtseq_17 
2 alleles
0.0% missing data
   0   (0.484) 0.709 0.478 0.481 0.592 0.498 0.470 0.391 
   1   (0.516) 0.291 0.522 0.519 0.408 0.502 0.530 0.609 

Locus 45 : Mnov_gtseq_170 
2 alleles
0.0% missing data
   0   (0.344) 0.182 0.351 0.141 0.351 0.315 0.361 0.302 
   1   (0.656) 0.818 0.649 0.859 0.649 0.685 0.639 0.698 

Locus 46 : Mnov_gtseq_171 
2 alleles
42.0% missing data
   1   (0.685) 0.554 0.688 0.730 0.764 0.767 0.589 0.790 
   0   (0.315) 0.446 0.312 0.270 0.236 0.233 0.411 0.210 

Locus 47 : Mnov_gtseq_173 
2 alleles
21.8% missing data
   1   (0.474) 0.144 0.471 0.832 0.792 0.424 0.344 0.539 
   0   (0.526) 0.856 0.529 0.168 0.208 0.576 0.656 0.461 

Locus 48 : Mnov_gtseq_174 
2 alleles
2.8% missing data
   0   (0.276) 0.328 0.271 0.576 0.255 0.207 0.184 0.276 
   1   (0.724) 0.672 0.729 0.424 0.745 0.793 0.816 0.724 

Locus 49 : Mnov_gtseq_180 
2 alleles
14.0% missing data
   0   (0.671) 0.488 0.675 0.947 0.194 0.753 0.673 0.806 
   1   (0.329) 0.512 0.325 0.053 0.806 0.247 0.327 0.194 

Locus 50 : Mnov_gtseq_182 
2 alleles
9.0% missing data
   0   (0.831) 0.625 0.835 0.786 0.959 0.893 0.772 0.919 
   1   (0.169) 0.375 0.165 0.214 0.041 0.107 0.228 0.081 

Locus 51 : Mnov_gtseq_186 
2 alleles
27.7% missing data
   0   (0.509) 0.588 0.509 0.500 0.630 0.559 0.483 0.377 
   1   (0.491) 0.412 0.491 0.500 0.370 0.441 0.517 0.623 

Locus 52 : Mnov_gtseq_187 
2 alleles
7.6% missing data
   1   (0.590) 0.529 0.590 0.875 0.538 0.592 0.684 0.338 
   0   (0.410) 0.471 0.410 0.125 0.462 0.408 0.316 0.662 

Locus 53 : Mnov_gtseq_188 
2 alleles
13.4% missing data
   0   (0.531) 0.435 0.524 0.741 0.901 0.271 0.558 0.618 
   1   (0.469) 0.565 0.476 0.259 0.099 0.729 0.442 0.382 

Locus 54 : Mnov_gtseq_189 
2 alleles
3.6% missing data
   0   (0.434) 0.724 0.430 0.466 0.123 0.428 0.390 0.613 
   1   (0.566) 0.276 0.570 0.534 0.877 0.572 0.610 0.387 

Locus 55 : Mnov_gtseq_19 
2 alleles
0.0% missing data
   1   (0.956) 0.996 0.963 0.683 0.788 0.984 0.987 0.984 
   0   (0.044) 0.004 0.037 0.317 0.212 0.016 0.013 0.016 

Locus 56 : Mnov_gtseq_190 
2 alleles
0.0% missing data
   1   (0.453) 0.287 0.461 0.249 0.401 0.456 0.521 0.405 
   0   (0.547) 0.713 0.539 0.751 0.599 0.544 0.479 0.595 

Locus 57 : Mnov_gtseq_191 
2 alleles
26.3% missing data
   0   (0.904) 0.843 0.910 0.992 0.792 0.848 0.951 0.968 
   1   (0.096) 0.157 0.090 0.008 0.208 0.152 0.049 0.032 

Locus 58 : Mnov_gtseq_192 
2 alleles
21.0% missing data
   0   (0.823) 0.789 0.830 0.798 0.909 0.785 0.846 0.870 
   1   (0.177) 0.211 0.170 0.202 0.091 0.215 0.154 0.130 

Locus 59 : Mnov_gtseq_193 
2 alleles
0.0% missing data
   0   (0.712) 0.730 0.713 0.755 0.535 0.679 0.794 0.886 
   1   (0.288) 0.270 0.287 0.245 0.465 0.321 0.206 0.114 

Locus 60 : Mnov_gtseq_195 
2 alleles
0.0% missing data
   0   (0.541) 0.317 0.540 0.449 0.789 0.555 0.521 0.672 
   1   (0.459) 0.683 0.460 0.551 0.211 0.445 0.479 0.328 

Locus 61 : Mnov_gtseq_196 
2 alleles
0.3% missing data
   0   (0.270) 0.625 0.261 0.088 0.533 0.197 0.279 0.197 
   1   (0.730) 0.375 0.739 0.912 0.467 0.803 0.721 0.803 

Locus 62 : Mnov_gtseq_197 
3 alleles
0.3% missing data
   1   (0.369) 0.607 0.367 0.234 0.358 0.300 0.340 0.395 
   0   (0.450) 0.290 0.449 0.722 0.137 0.570 0.539 0.496 
   2   (0.181) 0.103 0.184 0.043 0.505 0.130 0.120 0.109 

Locus 63 : Mnov_gtseq_2 
2 alleles
0.3% missing data
   0   (0.232) 0.047 0.241 0.160 0.180 0.225 0.167 0.296 
   1   (0.768) 0.953 0.759 0.840 0.820 0.775 0.833 0.704 

Locus 64 : Mnov_gtseq_200 
2 alleles
2.8% missing data
   0   (0.427) 0.264 0.426 0.770 0.210 0.366 0.387 0.571 
   1   (0.573) 0.736 0.574 0.230 0.790 0.634 0.613 0.429 

Locus 65 : Mnov_gtseq_201 
2 alleles
0.0% missing data
   0   (0.881) 0.599 0.882 0.986 0.945 0.829 0.921 0.971 
   1   (0.119) 0.401 0.118 0.014 0.055 0.171 0.079 0.029 

Locus 66 : Mnov_gtseq_202 
2 alleles
0.0% missing data
   0   (0.443) 0.342 0.439 0.725 0.258 0.464 0.531 0.290 
   1   (0.557) 0.658 0.561 0.275 0.742 0.536 0.469 0.710 

Locus 67 : Mnov_gtseq_204 
2 alleles
3.9% missing data
   0   (0.429) 0.551 0.427 0.698 0.474 0.374 0.378 0.292 
   1   (0.571) 0.449 0.573 0.302 0.526 0.626 0.622 0.708 

