

----------------------------------------------------
STRUCTURE by Pritchard, Stephens and Donnelly (2000)
     and Falush, Stephens and Pritchard (2003)
       Code by Pritchard, Falush and Hubisz
             Version 2.3.4 (Jul 2012)
----------------------------------------------------



Command line arguments:   structure -m wint.area.structureRun/wint.area.structureRun.k5.r5_mainparams -e wint.area.structureRun/wint.area.structureRun.k5.r5_extraparams -i wint.area.structureRun/wint.area.structureRun.k5.r5_data -o wint.area.structureRun/wint.area.structureRun.k5.r5_out 
Input File:    wint.area.structureRun/wint.area.structureRun.k5.r5_data

Run parameters:
   357 individuals
   328 loci
   5 populations assumed
   1000 Burn-in period
   10000 Reps


--------------------------------------------
Proportion of membership of each pre-defined
 population in each of the 5 clusters

Given    Inferred Clusters                     Number of
 Pop       1      2      3      4      5      Individuals

  1:     0.104  0.167  0.256  0.315  0.157       80
  2:     0.347  0.166  0.147  0.121  0.218      126
  3:     0.147  0.168  0.251  0.229  0.205      115
  4:     0.220  0.164  0.207  0.156  0.253       27
  5:     0.059  0.696  0.078  0.088  0.079        9
--------------------------------------------

Allele-freq. divergence among pops (Net nucleotide distance),
computed using point estimates of P.

      1       2       3       4       5      
 1      -    0.0426  0.0426  0.0508  0.0324  
 2   0.0426     -    0.0275  0.0352  0.0250  
 3   0.0426  0.0275     -    0.0247  0.0212  
 4   0.0508  0.0352  0.0247     -    0.0309  
 5   0.0324  0.0250  0.0212  0.0309     -    

Average distances (expected heterozygosity) between individuals in same cluster:
cluster  1  : 0.3878 
cluster  2  : 0.3937 
cluster  3  : 0.4052 
cluster  4  : 0.4077 
cluster  5  : 0.4032 

--------------------------------------------
Estimated Ln Prob of Data   = -139129.5
Mean value of ln likelihood = -133020.6
Variance of ln likelihood   = 12217.8
Mean value of alpha         = 1.0000

Mean value of Fst_1         = 0.1614
Mean value of Fst_2         = 0.1177
Mean value of Fst_3         = 0.0990
Mean value of Fst_4         = 0.1211
Mean value of Fst_5         = 0.1078


Inferred ancestry of individuals:
        Label (%Miss) Pop:  Inferred clusters
  1   207778    (2)    2 :  0.285 0.099 0.142 0.124 0.351 
  2 z0005757    (7)    3 :  0.141 0.253 0.125 0.168 0.313 
  3 z0005758    (0)    3 :  0.068 0.151 0.471 0.218 0.092 
  4 z0011944    (0)    1 :  0.087 0.732 0.060 0.049 0.071 
  5 z0012702   (10)    4 :  0.386 0.118 0.048 0.048 0.400 
  6 z0016577    (2)    3 :  0.203 0.133 0.323 0.121 0.220 
  7 z0016578   (21)    1 :  0.057 0.175 0.221 0.314 0.233 
  8 z0016579    (1)    3 :  0.103 0.238 0.306 0.120 0.233 
  9 z0018264    (0)    1 :  0.089 0.688 0.055 0.070 0.098 
 10 z0029828    (2)    3 :  0.132 0.069 0.124 0.431 0.244 
 11 z0029829   (14)    1 :  0.096 0.073 0.096 0.494 0.241 
 12 z0029846   (14)    1 :  0.099 0.263 0.330 0.152 0.156 
 13 z0029860    (1)    3 :  0.098 0.062 0.245 0.412 0.184 
 14 z0029863    (2)    1 :  0.102 0.328 0.364 0.069 0.138 
 15 z0029864    (8)    1 :  0.096 0.249 0.353 0.215 0.088 
 16 z0029865   (13)    3 :  0.078 0.095 0.584 0.139 0.104 
 17 z0037607    (2)    3 :  0.163 0.215 0.362 0.115 0.144 
 18 z0037609   (25)    3 :  0.119 0.197 0.420 0.123 0.140 
 19 z0037624   (21)    1 :  0.130 0.094 0.348 0.137 0.291 
 20 z0038417    (8)    2 :  0.513 0.180 0.087 0.062 0.158 
 21 z0040275    (9)    2 :  0.363 0.254 0.142 0.067 0.174 
 22 z0040287    (3)    2 :  0.207 0.257 0.159 0.159 0.219 
 23 z0040308    (1)    2 :  0.340 0.063 0.189 0.074 0.334 
 24 z0040333    (1)    2 :  0.330 0.131 0.138 0.144 0.256 
 25 z0040334    (1)    2 :  0.593 0.131 0.054 0.050 0.171 
 26 z0040337    (6)    2 :  0.242 0.180 0.230 0.127 0.221 
 27 z0040345    (1)    2 :  0.382 0.188 0.092 0.037 0.300 
 28 z0040357    (5)    2 :  0.430 0.141 0.196 0.062 0.171 
 29 z0040363   (20)    2 :  0.368 0.121 0.137 0.162 0.213 
 30 z0040364    (0)    2 :  0.512 0.088 0.090 0.089 0.221 
 31 z0040387    (1)    2 :  0.446 0.115 0.124 0.120 0.194 
 32 z0040403   (15)    2 :  0.294 0.117 0.154 0.101 0.334 
 33 z0040413   (43)    2 :  0.247 0.165 0.175 0.102 0.311 
 34 z0040439    (0)    2 :  0.626 0.151 0.085 0.048 0.090 
 35 z0040465   (20)    2 :  0.243 0.126 0.240 0.144 0.246 
 36 z0040513   (17)    3 :  0.172 0.107 0.095 0.284 0.342 
 37 z0040961   (12)    2 :  0.262 0.325 0.074 0.096 0.243 
 38 z0040985   (16)    2 :  0.246 0.183 0.235 0.070 0.267 
 39 z0041026    (0)    2 :  0.505 0.114 0.059 0.157 0.166 
 40 z0041051   (28)    2 :  0.291 0.284 0.122 0.073 0.230 
 41 z0041115    (7)    2 :  0.462 0.140 0.120 0.146 0.132 
 42 z0041153   (23)    2 :  0.217 0.278 0.161 0.103 0.241 
 43 z0041233    (4)    2 :  0.229 0.128 0.197 0.138 0.307 
 44 z0041243    (1)    2 :  0.286 0.230 0.241 0.085 0.158 
 45 z0041248    (6)    2 :  0.505 0.122 0.132 0.128 0.112 
 46 z0041250    (1)    2 :  0.406 0.121 0.124 0.053 0.296 
 47 z0041274    (2)    2 :  0.229 0.234 0.069 0.092 0.376 
 48 z0041465   (15)    2 :  0.481 0.061 0.154 0.194 0.111 
 49 z0041472    (2)    2 :  0.449 0.092 0.123 0.205 0.131 
 50 z0041480   (10)    2 :  0.241 0.133 0.242 0.184 0.200 
 51 z0041483    (0)    2 :  0.535 0.159 0.082 0.087 0.137 
 52 z0041494   (12)    2 :  0.310 0.174 0.114 0.088 0.315 
 53 z0041498    (1)    2 :  0.414 0.164 0.116 0.167 0.139 
 54 z0041501    (1)    2 :  0.404 0.070 0.085 0.040 0.401 
 55 z0041507    (7)    2 :  0.431 0.138 0.116 0.116 0.200 
 56 z0041512    (0)    2 :  0.558 0.095 0.114 0.106 0.126 
 57 z0041522   (17)    2 :  0.469 0.149 0.138 0.162 0.081 
 58 z0041526    (1)    3 :  0.487 0.071 0.236 0.109 0.096 
 59 z0041527   (16)    2 :  0.318 0.108 0.141 0.123 0.310 
 60 z0043243    (2)    2 :  0.088 0.274 0.205 0.203 0.230 
 61 z0043278    (2)    2 :  0.561 0.200 0.055 0.074 0.110 
 62 z0043475   (17)    3 :  0.258 0.169 0.139 0.182 0.252 
 63 z0043477    (0)    2 :  0.302 0.205 0.297 0.072 0.125 
 64 z0043478    (2)    2 :  0.691 0.062 0.075 0.092 0.080 
 65 z0043481    (0)    2 :  0.416 0.136 0.151 0.085 0.212 
 66 z0043489    (7)    2 :  0.491 0.149 0.081 0.048 0.231 
 67 z0043491   (13)    2 :  0.350 0.237 0.186 0.108 0.120 
 68 z0043493    (3)    2 :  0.163 0.161 0.248 0.053 0.374 
 69 z0043494    (2)    2 :  0.237 0.252 0.190 0.130 0.190 
 70 z0043498    (2)    2 :  0.553 0.082 0.061 0.154 0.150 
 71 z0043504    (7)    2 :  0.242 0.203 0.343 0.063 0.148 
 72 z0043526    (3)    4 :  0.147 0.131 0.138 0.100 0.483 
 73 z0043566    (3)    2 :  0.371 0.112 0.211 0.081 0.226 
 74 z0043572    (0)    2 :  0.478 0.083 0.186 0.123 0.129 
 75 z0043599    (5)    2 :  0.261 0.138 0.207 0.120 0.274 
 76 z0043642    (1)    2 :  0.209 0.142 0.217 0.177 0.255 
 77 z0043649    (1)    2 :  0.425 0.141 0.076 0.064 0.294 
 78 z0043652    (1)    2 :  0.164 0.191 0.165 0.142 0.338 
 79 z0043668    (1)    2 :  0.159 0.207 0.090 0.192 0.353 
 80 z0043674    (1)    4 :  0.049 0.167 0.245 0.334 0.205 
 81 z0043686    (1)    2 :  0.286 0.270 0.148 0.174 0.123 
 82 z0043693    (1)    2 :  0.195 0.119 0.090 0.177 0.419 
 83 z0043704   (15)    2 :  0.592 0.094 0.129 0.065 0.121 
 84 z0043807    (1)    2 :  0.351 0.130 0.148 0.193 0.179 
 85 z0043819    (1)    2 :  0.076 0.143 0.163 0.114 0.504 
 86 z0043876    (7)    2 :  0.201 0.083 0.332 0.239 0.145 
 87 z0043877   (33)    2 :  0.264 0.100 0.133 0.153 0.350 
 88 z0043891   (21)    4 :  0.206 0.236 0.244 0.219 0.095 
 89 z0043915   (33)    2 :  0.171 0.379 0.097 0.171 0.184 
 90 z0043940   (10)    2 :  0.067 0.204 0.365 0.085 0.278 
 91 z0043954    (2)    2 :  0.206 0.251 0.157 0.138 0.246 
 92 z0043966    (5)    2 :  0.562 0.121 0.113 0.116 0.089 
 93 z0043980    (0)    2 :  0.268 0.142 0.076 0.229 0.284 
 94 z0043994    (1)    3 :  0.561 0.169 0.066 0.068 0.136 
 95 z0044017   (12)    2 :  0.196 0.340 0.093 0.095 0.276 
 96 z0044019   (14)    2 :  0.331 0.145 0.087 0.202 0.235 
 97 z0044023   (36)    2 :  0.645 0.060 0.078 0.131 0.086 
 98 z0044033    (0)    2 :  0.743 0.050 0.055 0.063 0.089 
 99 z0044042    (3)    2 :  0.539 0.145 0.087 0.122 0.106 
100 z0044047   (25)    2 :  0.236 0.127 0.072 0.080 0.485 
101 z0044064   (13)    2 :  0.291 0.266 0.161 0.064 0.219 
102 z0044432   (14)    2 :  0.174 0.130 0.085 0.209 0.402 
103 z0045326    (0)    3 :  0.170 0.066 0.409 0.257 0.098 
104 z0045331    (5)    1 :  0.171 0.196 0.206 0.347 0.080 
105 z0045332    (2)    1 :  0.109 0.244 0.139 0.180 0.329 
106 z0045333    (6)    1 :  0.088 0.094 0.257 0.325 0.236 
107 z0045337    (5)    1 :  0.136 0.141 0.167 0.477 0.079 
108 z0045342   (13)    1 :  0.107 0.087 0.075 0.405 0.326 
109 z0045347    (1)    3 :  0.106 0.242 0.330 0.107 0.215 
110 z0045350    (0)    1 :  0.117 0.277 0.190 0.185 0.231 
111 z0045370    (1)    1 :  0.040 0.074 0.282 0.505 0.100 
112 z0045371    (1)    3 :  0.172 0.145 0.395 0.128 0.160 
113 z0045398    (1)    3 :  0.052 0.104 0.502 0.204 0.137 
114 z0045399    (1)    3 :  0.058 0.358 0.158 0.258 0.167 
115 z0045401   (26)    1 :  0.087 0.139 0.182 0.214 0.379 
116 z0045404    (0)    3 :  0.062 0.070 0.389 0.355 0.125 
117 z0045405    (5)    3 :  0.066 0.182 0.374 0.151 0.228 
118 z0045407    (2)    3 :  0.097 0.258 0.418 0.107 0.120 
119 z0045719    (0)    2 :  0.487 0.118 0.123 0.088 0.183 
120 z0045720    (1)    2 :  0.209 0.211 0.157 0.106 0.318 
121 z0045728    (1)    2 :  0.527 0.102 0.170 0.112 0.090 
122 z0045731    (1)    2 :  0.205 0.145 0.232 0.068 0.350 
123 z0045733    (0)    2 :  0.193 0.213 0.091 0.210 0.293 
124 z0045736    (1)    2 :  0.146 0.248 0.177 0.135 0.295 
125 z0045739    (1)    2 :  0.165 0.153 0.407 0.134 0.141 
126 z0045740    (1)    2 :  0.442 0.096 0.122 0.062 0.278 
127 z0045741    (0)    2 :  0.269 0.081 0.109 0.051 0.489 
128 z0045742    (0)    2 :  0.341 0.084 0.087 0.163 0.326 
129 z0045776    (1)    3 :  0.086 0.056 0.048 0.063 0.746 
130 z0045779    (0)    2 :  0.654 0.099 0.092 0.094 0.061 
131 z0045781    (0)    2 :  0.434 0.101 0.316 0.055 0.094 
132 z0045788    (5)    2 :  0.588 0.176 0.076 0.057 0.103 
133 z0045789    (2)    2 :  0.562 0.138 0.085 0.096 0.119 
134 z0045791    (5)    2 :  0.426 0.214 0.063 0.130 0.167 
135 z0045792   (23)    1 :  0.260 0.122 0.264 0.205 0.148 
136 z0045793    (0)    3 :  0.260 0.065 0.089 0.526 0.060 
137 z0047562   (15)    2 :  0.349 0.212 0.092 0.121 0.227 
138 z0047854    (1)    2 :  0.333 0.189 0.249 0.073 0.156 
139 z0051185    (1)    1 :  0.068 0.121 0.469 0.234 0.109 
140 z0051324    (6)    1 :  0.099 0.169 0.218 0.455 0.059 
141 z0051326    (0)    1 :  0.090 0.160 0.278 0.415 0.057 
142 z0051327    (4)    3 :  0.268 0.114 0.315 0.131 0.172 
143 z0051328    (3)    1 :  0.138 0.099 0.226 0.428 0.110 
144 z0051380    (0)    1 :  0.040 0.098 0.534 0.198 0.130 
145 z0051400    (0)    3 :  0.160 0.115 0.152 0.325 0.248 
146 z0051431   (23)    3 :  0.308 0.100 0.284 0.129 0.180 
147 z0051840   (34)    2 :  0.429 0.228 0.053 0.185 0.105 
148 z0051844   (27)    2 :  0.253 0.285 0.144 0.063 0.255 
149 z0051875   (29)    3 :  0.138 0.125 0.230 0.375 0.131 
150 z0051885    (8)    3 :  0.476 0.113 0.226 0.099 0.085 
151 z0051888    (1)    2 :  0.393 0.078 0.063 0.367 0.099 
152 z0051891    (1)    1 :  0.103 0.130 0.217 0.129 0.422 
153 z0051893    (4)    1 :  0.104 0.127 0.115 0.503 0.151 
154 z0051895    (0)    3 :  0.110 0.102 0.166 0.517 0.105 
155 z0051918    (1)    3 :  0.294 0.350 0.137 0.069 0.150 
156 z0051929    (1)    1 :  0.097 0.080 0.369 0.344 0.111 
157 z0051939   (12)    3 :  0.287 0.172 0.180 0.199 0.162 
158 z0051947    (3)    1 :  0.094 0.080 0.114 0.495 0.217 
159 z0051959    (2)    3 :  0.179 0.187 0.397 0.095 0.142 
160 z0052846    (0)    4 :  0.226 0.111 0.224 0.155 0.284 
161 z0052882    (1)    2 :  0.250 0.163 0.102 0.238 0.248 
162 z0053020   (22)    2 :  0.150 0.191 0.153 0.055 0.452 
163 z0053024   (13)    2 :  0.217 0.180 0.284 0.187 0.132 
164 z0053025    (5)    2 :  0.625 0.074 0.200 0.044 0.057 
165 z0053031    (0)    2 :  0.214 0.221 0.211 0.141 0.213 
166 z0053032    (1)    2 :  0.181 0.164 0.098 0.084 0.473 
167 z0053040    (5)    2 :  0.238 0.198 0.146 0.106 0.313 
168 z0053051    (1)    3 :  0.052 0.150 0.211 0.197 0.391 
169 z0053054    (6)    3 :  0.073 0.111 0.313 0.256 0.248 
170 z0053071    (3)    2 :  0.438 0.069 0.090 0.154 0.249 
171 z0053073    (2)    2 :  0.075 0.162 0.237 0.128 0.397 
172 z0053078    (1)    3 :  0.239 0.527 0.077 0.041 0.116 
173 z0053082    (2)    3 :  0.362 0.089 0.113 0.154 0.283 
174 z0053083   (12)    2 :  0.276 0.182 0.160 0.127 0.254 
175 z0053090   (11)    3 :  0.327 0.205 0.156 0.059 0.254 
176 z0053096    (0)    2 :  0.472 0.274 0.051 0.056 0.147 
177 z0053100    (8)    2 :  0.310 0.143 0.120 0.088 0.340 
178 z0053101    (0)    2 :  0.342 0.391 0.092 0.082 0.093 
179 z0053102    (9)    2 :  0.363 0.138 0.113 0.112 0.273 
180 z0053103    (1)    2 :  0.619 0.071 0.094 0.072 0.144 
181 z0053111    (2)    3 :  0.130 0.190 0.307 0.173 0.200 
182 z0053131    (0)    2 :  0.367 0.152 0.166 0.208 0.108 
183 z0053132    (0)    2 :  0.233 0.486 0.056 0.053 0.172 
184 z0053133    (1)    2 :  0.112 0.268 0.200 0.196 0.223 
185 z0053138    (0)    2 :  0.280 0.085 0.355 0.187 0.093 
186 z0053142    (3)    2 :  0.450 0.129 0.146 0.141 0.135 
187 z0053149    (1)    2 :  0.385 0.199 0.159 0.054 0.203 
188 z0053754    (1)    1 :  0.108 0.232 0.459 0.130 0.072 
189 z0053756    (2)    1 :  0.100 0.266 0.426 0.126 0.082 
190 z0053758   (17)    1 :  0.059 0.198 0.112 0.548 0.083 
191 z0053759    (1)    1 :  0.088 0.140 0.231 0.410 0.130 
192 z0053760    (0)    1 :  0.102 0.217 0.338 0.165 0.178 
193 z0053842    (2)    1 :  0.086 0.063 0.558 0.081 0.212 
194 z0053843    (6)    1 :  0.101 0.096 0.071 0.656 0.075 
195 z0053844    (9)    1 :  0.133 0.110 0.295 0.310 0.152 
196 z0053846    (3)    1 :  0.053 0.074 0.073 0.733 0.067 
197 z0053847    (1)    1 :  0.167 0.094 0.062 0.513 0.164 
198 z0053849    (1)    1 :  0.095 0.141 0.524 0.100 0.140 
199 z0055903    (1)    4 :  0.086 0.163 0.152 0.089 0.510 
200 z0055910   (35)    4 :  0.267 0.181 0.153 0.162 0.237 
201 z0055912    (7)    4 :  0.218 0.369 0.214 0.077 0.123 
202 z0055916   (17)    4 :  0.117 0.111 0.358 0.122 0.292 
203 z0055931    (4)    4 :  0.516 0.126 0.108 0.083 0.167 
204 z0055944    (4)    4 :  0.178 0.155 0.225 0.183 0.259 
205 z0055947   (10)    4 :  0.161 0.142 0.374 0.108 0.214 
206 z0055962    (6)    4 :  0.284 0.117 0.390 0.087 0.121 
207 z0055963   (21)    4 :  0.257 0.188 0.102 0.236 0.218 
208 z0055965   (26)    4 :  0.059 0.280 0.136 0.174 0.351 
209 z0055970   (16)    4 :  0.213 0.106 0.199 0.149 0.332 
210 z0055971    (8)    4 :  0.169 0.192 0.171 0.265 0.202 
211 z0055977    (6)    4 :  0.358 0.173 0.201 0.124 0.144 
212 z0055986   (21)    4 :  0.131 0.097 0.151 0.274 0.347 
213 z0055990    (7)    4 :  0.448 0.182 0.122 0.119 0.129 
214 z0055996    (3)    4 :  0.269 0.082 0.258 0.216 0.174 
215 z0055997    (4)    4 :  0.344 0.094 0.144 0.198 0.220 
216 z0055998    (5)    4 :  0.133 0.303 0.269 0.106 0.189 
217 z0055999    (3)    4 :  0.117 0.239 0.157 0.311 0.175 
218 z0056011    (9)    4 :  0.093 0.135 0.355 0.089 0.328 
219 z0056029    (5)    4 :  0.138 0.093 0.255 0.116 0.397 
220 z0056034    (2)    4 :  0.362 0.136 0.201 0.058 0.243 
221 z0056056   (26)    3 :  0.164 0.137 0.268 0.162 0.269 
222 z0056058    (5)    3 :  0.041 0.095 0.315 0.304 0.245 
223 z0056059    (8)    3 :  0.066 0.238 0.143 0.138 0.415 
224 z0056062    (1)    3 :  0.102 0.146 0.078 0.108 0.566 
225 z0056063    (4)    3 :  0.109 0.165 0.213 0.217 0.295 
226 z0056064    (0)    3 :  0.103 0.296 0.112 0.267 0.222 
227 z0056065    (0)    3 :  0.085 0.174 0.142 0.365 0.234 
228 z0056069    (1)    3 :  0.083 0.066 0.047 0.057 0.747 
229 z0056073    (0)    3 :  0.056 0.075 0.472 0.190 0.207 
230 z0056076    (5)    3 :  0.223 0.186 0.048 0.399 0.143 
231 z0056079   (10)    3 :  0.057 0.168 0.363 0.176 0.236 
232 z0056085    (1)    3 :  0.102 0.197 0.236 0.356 0.109 
233 z0056092    (1)    3 :  0.095 0.259 0.235 0.249 0.161 
234 z0056095    (1)    3 :  0.074 0.265 0.108 0.294 0.259 
235 z0056103    (8)    3 :  0.053 0.211 0.325 0.187 0.223 
236 z0056374    (8)    1 :  0.063 0.094 0.418 0.191 0.234 
237 z0056375    (0)    1 :  0.079 0.110 0.198 0.389 0.225 
238 z0056377    (0)    1 :  0.078 0.115 0.559 0.122 0.126 
239 z0056378    (2)    1 :  0.119 0.069 0.072 0.463 0.277 
240 z0056382    (1)    1 :  0.067 0.121 0.053 0.681 0.077 
241 z0056384    (3)    1 :  0.124 0.239 0.147 0.310 0.181 
242 z0056386    (8)    1 :  0.065 0.110 0.102 0.649 0.074 
243 z0056389    (1)    1 :  0.056 0.115 0.119 0.631 0.078 
244 z0056391    (2)    1 :  0.023 0.041 0.162 0.730 0.044 
245 z0056392   (12)    1 :  0.087 0.063 0.489 0.267 0.094 
246 z0056393    (9)    1 :  0.114 0.156 0.458 0.116 0.156 
247 z0056394    (1)    1 :  0.075 0.088 0.523 0.222 0.091 
248 z0056395    (2)    1 :  0.140 0.139 0.439 0.124 0.159 
249 z0056397    (1)    1 :  0.252 0.176 0.370 0.089 0.113 
250 z0061527    (3)    3 :  0.356 0.119 0.178 0.116 0.232 
251 z0061967    (1)    3 :  0.195 0.116 0.316 0.224 0.149 
252 z0061969    (1)    3 :  0.287 0.071 0.315 0.154 0.174 
253 z0061980    (1)    1 :  0.236 0.124 0.228 0.331 0.081 
254 z0066166    (3)    3 :  0.133 0.168 0.319 0.272 0.108 
255 z0066792    (2)    1 :  0.078 0.696 0.038 0.136 0.053 
256 z0066805    (2)    1 :  0.066 0.664 0.062 0.074 0.133 
257 z0068471    (3)    3 :  0.113 0.172 0.276 0.238 0.201 
258 z0075696    (7)    5 :  0.055 0.739 0.045 0.065 0.095 
259 z0101084    (8)    1 :  0.094 0.077 0.077 0.578 0.174 
260 z0107099    (3)    3 :  0.031 0.088 0.266 0.503 0.112 
261 z0107101    (0)    1 :  0.040 0.054 0.077 0.767 0.063 
262 z0108489    (1)    1 :  0.132 0.171 0.228 0.129 0.340 
263 z0108513    (0)    1 :  0.162 0.057 0.137 0.598 0.046 
264 z0108528    (1)    3 :  0.217 0.133 0.292 0.167 0.191 
265 z0113628    (2)    3 :  0.105 0.256 0.195 0.096 0.348 
266 z0133302   (18)    1 :  0.205 0.135 0.088 0.368 0.204 
267 z0173485    (0)    1 :  0.197 0.105 0.237 0.151 0.309 
268 z0175371    (1)    3 :  0.239 0.352 0.204 0.098 0.107 
269 z0175378    (0)    2 :  0.553 0.064 0.074 0.131 0.179 
270 z0175912    (6)    1 :  0.112 0.128 0.387 0.156 0.218 
271 z0175916    (3)    1 :  0.311 0.236 0.148 0.182 0.124 
272 z0175937    (1)    1 :  0.089 0.108 0.270 0.391 0.142 
273 z0178348   (13)    1 :  0.075 0.095 0.511 0.200 0.119 
274 z0187857    (3)    1 :  0.113 0.075 0.145 0.488 0.180 
275 z0187860    (0)    1 :  0.150 0.151 0.174 0.184 0.342 
276 z0187885    (0)    2 :  0.248 0.364 0.088 0.136 0.165 
277 z0187906   (10)    1 :  0.085 0.358 0.137 0.144 0.277 
278 z0195655    (0)    2 :  0.660 0.076 0.102 0.087 0.074 
279 z0195663    (1)    3 :  0.345 0.134 0.196 0.069 0.257 
280 z0195683    (1)    3 :  0.059 0.079 0.161 0.413 0.289 
281 z0195687   (22)    3 :  0.052 0.149 0.386 0.325 0.088 
282 z0195688    (0)    2 :  0.215 0.295 0.172 0.113 0.205 
283 z0195691    (1)    3 :  0.061 0.229 0.264 0.072 0.373 
284 z0195699    (0)    3 :  0.087 0.103 0.425 0.168 0.216 
285 z0195701    (8)    3 :  0.128 0.146 0.137 0.478 0.111 
286 z0195702    (0)    3 :  0.173 0.247 0.210 0.204 0.165 
287 z0195704    (1)    3 :  0.141 0.159 0.232 0.233 0.235 
288 z0195705    (1)    3 :  0.261 0.107 0.182 0.056 0.394 
289 z0195711    (0)    3 :  0.063 0.334 0.296 0.136 0.171 
290 z0195716    (0)    3 :  0.111 0.310 0.200 0.266 0.114 
291 z0195718   (13)    3 :  0.057 0.229 0.140 0.367 0.207 
292 z0195725    (5)    3 :  0.247 0.116 0.389 0.122 0.127 
293 z0195726   (17)    1 :  0.073 0.130 0.444 0.082 0.272 
294 z0195728   (14)    3 :  0.038 0.066 0.094 0.649 0.153 
295 z0195732   (16)    3 :  0.052 0.099 0.443 0.231 0.175 
296 z0195737    (1)    3 :  0.264 0.202 0.079 0.188 0.266 
297 z0195740   (30)    3 :  0.111 0.123 0.403 0.120 0.244 
298 z0195751    (1)    3 :  0.082 0.082 0.152 0.545 0.139 
299 z0195762    (2)    3 :  0.080 0.330 0.297 0.224 0.068 
300 z0195784    (0)    3 :  0.058 0.154 0.137 0.408 0.243 
301 z0196686    (0)    5 :  0.028 0.822 0.033 0.054 0.063 
302 z0196687    (0)    5 :  0.085 0.691 0.094 0.079 0.050 
303 z0196689    (1)    5 :  0.071 0.713 0.103 0.052 0.061 
304 z0196690    (3)    5 :  0.041 0.640 0.044 0.213 0.062 
305 z0196691    (9)    5 :  0.051 0.688 0.086 0.067 0.108 
306 z0196692    (1)    5 :  0.082 0.614 0.106 0.104 0.095 
307 z0196693    (2)    5 :  0.053 0.674 0.122 0.089 0.061 
308 z0196694    (3)    5 :  0.067 0.679 0.067 0.067 0.120 
309 z0196710    (0)    3 :  0.234 0.209 0.223 0.145 0.189 
310 z0196715   (23)    3 :  0.066 0.086 0.456 0.266 0.127 
311 z0196719    (0)    3 :  0.145 0.131 0.425 0.180 0.119 
312 z0196724   (20)    3 :  0.135 0.082 0.329 0.276 0.178 
313 z0196725    (1)    3 :  0.075 0.166 0.164 0.260 0.336 
314 z0196729    (3)    3 :  0.189 0.122 0.324 0.238 0.127 
315 z0196730    (3)    1 :  0.108 0.253 0.163 0.316 0.160 
316 z0196731    (1)    3 :  0.055 0.145 0.432 0.269 0.100 
317 z0196733   (17)    1 :  0.063 0.110 0.500 0.191 0.135 
318 z0196734    (2)    3 :  0.134 0.114 0.240 0.185 0.326 
319 z0196739   (18)    3 :  0.242 0.095 0.203 0.318 0.143 
320 z0196740   (10)    3 :  0.106 0.204 0.384 0.241 0.066 
321 z0196746    (3)    1 :  0.091 0.134 0.084 0.475 0.215 
322 z0196751    (0)    3 :  0.174 0.158 0.149 0.330 0.189 
323 z0196752    (0)    3 :  0.064 0.493 0.125 0.227 0.091 
324 z0196754    (0)    3 :  0.109 0.109 0.188 0.389 0.205 
325 z0196758    (2)    1 :  0.090 0.183 0.274 0.277 0.176 
326 z0196763    (2)    3 :  0.071 0.124 0.362 0.143 0.300 
327 z0196764    (1)    3 :  0.157 0.164 0.319 0.218 0.142 
328 z0196766    (0)    3 :  0.137 0.176 0.175 0.342 0.169 
329 z0196769    (1)    3 :  0.093 0.186 0.201 0.402 0.119 
330 z0196774    (1)    3 :  0.083 0.327 0.119 0.394 0.076 
331 z0196783    (0)    1 :  0.038 0.067 0.073 0.765 0.056 
332 z0196794    (2)    1 :  0.050 0.125 0.075 0.693 0.057 
333 z0196804   (15)    1 :  0.107 0.095 0.465 0.226 0.108 
334 z0196809   (15)    3 :  0.049 0.170 0.586 0.113 0.082 
335 z0196810    (2)    1 :  0.091 0.192 0.416 0.115 0.185 
336 z0196811    (1)    1 :  0.040 0.072 0.664 0.128 0.095 
337 z0196824    (0)    3 :  0.180 0.208 0.141 0.159 0.312 
338 z0196825    (1)    3 :  0.170 0.082 0.300 0.203 0.245 
339 z0196828    (1)    2 :  0.137 0.102 0.374 0.219 0.168 
340 z0196829    (0)    3 :  0.105 0.108 0.495 0.096 0.197 
341 z0196834   (28)    3 :  0.213 0.146 0.174 0.311 0.156 
342 z0196835    (0)    3 :  0.124 0.050 0.193 0.475 0.159 
343 z0196838    (2)    1 :  0.042 0.156 0.627 0.100 0.074 
344 z0196841   (22)    3 :  0.084 0.245 0.174 0.376 0.121 
345 z0196843   (27)    3 :  0.064 0.106 0.290 0.253 0.288 
346 z0196849    (1)    3 :  0.116 0.136 0.229 0.404 0.115 
347 z0196852    (1)    2 :  0.173 0.301 0.162 0.133 0.232 
348 z0196855    (0)    2 :  0.179 0.207 0.301 0.141 0.170 
349 z0196856    (1)    3 :  0.150 0.214 0.284 0.125 0.227 
350 z0196857    (0)    2 :  0.380 0.074 0.065 0.384 0.097 
351 z0196864    (2)    3 :  0.215 0.147 0.244 0.089 0.305 
352 z0196894    (0)    3 :  0.056 0.161 0.320 0.180 0.283 
353 z0197662    (3)    1 :  0.165 0.161 0.247 0.112 0.314 
354 z0197665    (2)    1 :  0.101 0.176 0.154 0.504 0.065 
355 z0197668   (20)    3 :  0.107 0.404 0.216 0.139 0.133 
356 z0197669    (1)    3 :  0.192 0.199 0.118 0.120 0.372 
357 z0197672    (1)    3 :  0.134 0.173 0.138 0.411 0.145 


Estimated Allele Frequencies in each cluster
First column gives estimated ancestral frequencies


Locus 1 : HI.v.HI.SEAK 
5 alleles
66.2% missing data
   0   (0.214) 0.203 0.293 0.103 0.105 0.237 
   4   (0.374) 0.048 0.317 0.697 0.705 0.208 
   1   (0.212) 0.695 0.200 0.093 0.067 0.285 
   2   (0.055) 0.028 0.038 0.021 0.014 0.044 
   3   (0.145) 0.026 0.153 0.086 0.109 0.227 

Locus 2 : Mnov_gtseq_1 
2 alleles
0.0% missing data
   0   (0.416) 0.304 0.459 0.423 0.347 0.456 
   1   (0.584) 0.696 0.541 0.577 0.653 0.544 

Locus 3 : Mnov_gtseq_10 
2 alleles
0.3% missing data
   0   (0.812) 0.929 0.914 0.694 0.694 0.902 
   1   (0.188) 0.071 0.086 0.306 0.306 0.098 

Locus 4 : Mnov_gtseq_102 
2 alleles
0.8% missing data
   0   (0.560) 0.745 0.551 0.640 0.415 0.543 
   1   (0.440) 0.255 0.449 0.360 0.585 0.457 

Locus 5 : Mnov_gtseq_104 
2 alleles
0.3% missing data
   0   (0.855) 0.950 0.949 0.848 0.689 0.907 
   1   (0.145) 0.050 0.051 0.152 0.311 0.093 

Locus 6 : Mnov_gtseq_106 
2 alleles
15.4% missing data
   1   (0.754) 0.771 0.709 0.763 0.836 0.817 
   0   (0.246) 0.229 0.291 0.237 0.164 0.183 

Locus 7 : Mnov_gtseq_107 
2 alleles
37.8% missing data
   1   (0.226) 0.429 0.093 0.133 0.149 0.427 
   0   (0.774) 0.571 0.907 0.867 0.851 0.573 

Locus 8 : Mnov_gtseq_111 
2 alleles
39.2% missing data
   1   (0.697) 0.421 0.818 0.780 0.543 0.812 
   0   (0.303) 0.579 0.182 0.220 0.457 0.188 

Locus 9 : Mnov_gtseq_112 
2 alleles
1.1% missing data
   0   (0.601) 0.755 0.400 0.532 0.817 0.590 
   1   (0.399) 0.245 0.600 0.468 0.183 0.410 

Locus 10 : Mnov_gtseq_113 
2 alleles
1.7% missing data
   1   (0.703) 0.633 0.651 0.710 0.834 0.760 
   0   (0.297) 0.367 0.349 0.290 0.166 0.240 

Locus 11 : Mnov_gtseq_114 
2 alleles
4.5% missing data
   0   (0.536) 0.243 0.455 0.652 0.576 0.647 
   1   (0.464) 0.757 0.545 0.348 0.424 0.353 

Locus 12 : Mnov_gtseq_117 
2 alleles
27.2% missing data
   0   (0.638) 0.886 0.664 0.603 0.533 0.583 
   1   (0.362) 0.114 0.336 0.397 0.467 0.417 

Locus 13 : Mnov_gtseq_118 
2 alleles
8.1% missing data
   0   (0.717) 0.880 0.775 0.771 0.473 0.755 
   1   (0.283) 0.120 0.225 0.229 0.527 0.245 

Locus 14 : Mnov_gtseq_12 
2 alleles
0.3% missing data
   0   (0.452) 0.277 0.681 0.402 0.580 0.297 
   1   (0.548) 0.723 0.319 0.598 0.420 0.703 

Locus 15 : Mnov_gtseq_124 
2 alleles
4.8% missing data
   1   (0.767) 0.880 0.889 0.636 0.726 0.836 
   0   (0.233) 0.120 0.111 0.364 0.274 0.164 

Locus 16 : Mnov_gtseq_125 
2 alleles
1.1% missing data
   1   (0.889) 0.635 0.957 0.911 0.986 0.869 
   0   (0.111) 0.365 0.043 0.089 0.014 0.131 

Locus 17 : Mnov_gtseq_126 
2 alleles
0.0% missing data
   0   (0.346) 0.279 0.539 0.414 0.096 0.390 
   1   (0.654) 0.721 0.461 0.586 0.904 0.610 

Locus 18 : Mnov_gtseq_127 
2 alleles
7.0% missing data
   0   (0.610) 0.455 0.637 0.593 0.749 0.606 
   1   (0.390) 0.545 0.363 0.407 0.251 0.394 

Locus 19 : Mnov_gtseq_128 
2 alleles
31.4% missing data
   0   (0.686) 0.686 0.652 0.721 0.836 0.623 
   1   (0.314) 0.314 0.348 0.279 0.164 0.377 

Locus 20 : Mnov_gtseq_129 
2 alleles
2.0% missing data
   0   (0.511) 0.554 0.264 0.514 0.437 0.774 
   1   (0.489) 0.446 0.736 0.486 0.563 0.226 

Locus 21 : Mnov_gtseq_13 
2 alleles
0.0% missing data
   0   (0.585) 0.574 0.822 0.419 0.486 0.635 
   1   (0.415) 0.426 0.178 0.581 0.514 0.365 

Locus 22 : Mnov_gtseq_130 
2 alleles
28.9% missing data
   1   (0.513) 0.478 0.692 0.550 0.448 0.373 
   0   (0.487) 0.522 0.308 0.450 0.552 0.627 

Locus 23 : Mnov_gtseq_135 
2 alleles
0.6% missing data
   1   (0.456) 0.575 0.362 0.372 0.466 0.537 
   0   (0.544) 0.425 0.638 0.628 0.534 0.463 

Locus 24 : Mnov_gtseq_138 
2 alleles
0.6% missing data
   0   (0.471) 0.349 0.405 0.566 0.375 0.576 
   1   (0.529) 0.651 0.595 0.434 0.625 0.424 

Locus 25 : Mnov_gtseq_140 
2 alleles
1.1% missing data
   0   (0.436) 0.614 0.208 0.418 0.417 0.588 
   1   (0.564) 0.386 0.792 0.582 0.583 0.412 

Locus 26 : Mnov_gtseq_141 
2 alleles
0.3% missing data
   0   (0.555) 0.537 0.392 0.545 0.717 0.599 
   1   (0.445) 0.463 0.608 0.455 0.283 0.401 

Locus 27 : Mnov_gtseq_143 
2 alleles
2.8% missing data
   1   (0.554) 0.496 0.347 0.656 0.639 0.600 
   0   (0.446) 0.504 0.653 0.344 0.361 0.400 

Locus 28 : Mnov_gtseq_145 
2 alleles
2.0% missing data
   0   (0.460) 0.544 0.384 0.401 0.592 0.378 
   1   (0.540) 0.456 0.616 0.599 0.408 0.622 

Locus 29 : Mnov_gtseq_147 
2 alleles
26.3% missing data
   0   (0.777) 0.411 0.740 0.930 0.829 0.813 
   1   (0.223) 0.589 0.260 0.070 0.171 0.187 

Locus 30 : Mnov_gtseq_148 
2 alleles
9.2% missing data
   0   (0.303) 0.106 0.429 0.385 0.222 0.272 
   1   (0.697) 0.894 0.571 0.615 0.778 0.728 

Locus 31 : Mnov_gtseq_149 
2 alleles
0.6% missing data
   0   (0.596) 0.551 0.536 0.688 0.550 0.660 
   1   (0.404) 0.449 0.464 0.312 0.450 0.340 

Locus 32 : Mnov_gtseq_15 
2 alleles
0.0% missing data
   0   (0.468) 0.447 0.487 0.378 0.645 0.380 
   1   (0.532) 0.553 0.513 0.622 0.355 0.620 

Locus 33 : Mnov_gtseq_152 
2 alleles
0.8% missing data
   0   (0.338) 0.342 0.244 0.192 0.365 0.510 
   1   (0.662) 0.658 0.756 0.808 0.635 0.490 

Locus 34 : Mnov_gtseq_154 
2 alleles
3.4% missing data
   0   (0.552) 0.396 0.582 0.558 0.647 0.535 
   1   (0.448) 0.604 0.418 0.442 0.353 0.465 

Locus 35 : Mnov_gtseq_155 
2 alleles
41.7% missing data
   0   (0.662) 0.674 0.636 0.650 0.674 0.750 
   1   (0.338) 0.326 0.364 0.350 0.326 0.250 

Locus 36 : Mnov_gtseq_157 
2 alleles
0.6% missing data
   1   (0.550) 0.638 0.497 0.508 0.584 0.600 
   0   (0.450) 0.362 0.503 0.492 0.416 0.400 

Locus 37 : Mnov_gtseq_158 
2 alleles
0.6% missing data
   0   (0.392) 0.069 0.393 0.470 0.736 0.279 
   1   (0.608) 0.931 0.607 0.530 0.264 0.721 

Locus 38 : Mnov_gtseq_159 
2 alleles
24.6% missing data
   0   (0.602) 0.371 0.469 0.776 0.703 0.607 
   1   (0.398) 0.629 0.531 0.224 0.297 0.393 

Locus 39 : Mnov_gtseq_16 
2 alleles
0.0% missing data
   0   (0.637) 0.493 0.786 0.528 0.693 0.695 
   1   (0.363) 0.507 0.214 0.472 0.307 0.305 

Locus 40 : Mnov_gtseq_160 
2 alleles
2.5% missing data
   0   (0.490) 0.365 0.440 0.642 0.474 0.471 
   1   (0.510) 0.635 0.560 0.358 0.526 0.529 

Locus 41 : Mnov_gtseq_161 
2 alleles
2.0% missing data
   1   (0.756) 0.794 0.815 0.752 0.687 0.852 
   0   (0.244) 0.206 0.185 0.248 0.313 0.148 

Locus 42 : Mnov_gtseq_162 
2 alleles
2.2% missing data
   1   (0.423) 0.461 0.243 0.272 0.666 0.528 
   0   (0.577) 0.539 0.757 0.728 0.334 0.472 

Locus 43 : Mnov_gtseq_167 
2 alleles
1.1% missing data
   1   (0.785) 0.857 0.841 0.761 0.738 0.873 
   0   (0.215) 0.143 0.159 0.239 0.262 0.127 

Locus 44 : Mnov_gtseq_17 
2 alleles
0.0% missing data
   0   (0.513) 0.493 0.569 0.411 0.686 0.425 
   1   (0.487) 0.507 0.431 0.589 0.314 0.575 

Locus 45 : Mnov_gtseq_170 
2 alleles
0.0% missing data
   0   (0.316) 0.179 0.334 0.321 0.232 0.368 
   1   (0.684) 0.821 0.666 0.679 0.768 0.632 

Locus 46 : Mnov_gtseq_171 
2 alleles
42.0% missing data
   1   (0.687) 0.721 0.764 0.738 0.522 0.748 
   0   (0.313) 0.279 0.236 0.262 0.478 0.252 

Locus 47 : Mnov_gtseq_173 
2 alleles
21.8% missing data
   1   (0.488) 0.779 0.696 0.383 0.243 0.451 
   0   (0.512) 0.221 0.304 0.617 0.757 0.549 

Locus 48 : Mnov_gtseq_174 
2 alleles
2.8% missing data
   0   (0.300) 0.510 0.287 0.218 0.217 0.266 
   1   (0.700) 0.490 0.713 0.782 0.783 0.734 

Locus 49 : Mnov_gtseq_180 
2 alleles
14.0% missing data
   0   (0.642) 0.922 0.318 0.730 0.574 0.687 
   1   (0.358) 0.078 0.682 0.270 0.426 0.313 

Locus 50 : Mnov_gtseq_182 
2 alleles
9.0% missing data
   0   (0.824) 0.798 0.942 0.849 0.659 0.897 
   1   (0.176) 0.202 0.058 0.151 0.341 0.103 

Locus 51 : Mnov_gtseq_186 
2 alleles
27.7% missing data
   0   (0.514) 0.500 0.588 0.521 0.572 0.423 
   1   (0.486) 0.500 0.412 0.479 0.428 0.577 

Locus 52 : Mnov_gtseq_187 
2 alleles
7.6% missing data
   1   (0.573) 0.826 0.545 0.558 0.662 0.383 
   0   (0.427) 0.174 0.455 0.442 0.338 0.617 

Locus 53 : Mnov_gtseq_188 
2 alleles
13.4% missing data
   0   (0.575) 0.655 0.851 0.291 0.494 0.624 
   1   (0.425) 0.345 0.149 0.709 0.506 0.376 

Locus 54 : Mnov_gtseq_189 
2 alleles
3.6% missing data
   0   (0.446) 0.483 0.193 0.441 0.593 0.538 
   1   (0.554) 0.517 0.807 0.559 0.407 0.462 

Locus 55 : Mnov_gtseq_19 
2 alleles
0.0% missing data
   1   (0.925) 0.762 0.846 0.980 0.993 0.976 
   0   (0.075) 0.238 0.154 0.020 0.007 0.024 

Locus 56 : Mnov_gtseq_190 
2 alleles
0.0% missing data
   1   (0.420) 0.306 0.411 0.441 0.372 0.457 
   0   (0.580) 0.694 0.589 0.559 0.628 0.543 

Locus 57 : Mnov_gtseq_191 
2 alleles
26.3% missing data
   0   (0.894) 0.989 0.834 0.809 0.922 0.965 
   1   (0.106) 0.011 0.166 0.191 0.078 0.035 

Locus 58 : Mnov_gtseq_192 
2 alleles
21.0% missing data
   0   (0.809) 0.786 0.897 0.815 0.770 0.897 
   1   (0.191) 0.214 0.103 0.185 0.230 0.103 

Locus 59 : Mnov_gtseq_193 
2 alleles
0.0% missing data
   0   (0.711) 0.742 0.568 0.695 0.771 0.859 
   1   (0.289) 0.258 0.432 0.305 0.229 0.141 

Locus 60 : Mnov_gtseq_195 
2 alleles
0.0% missing data
   0   (0.554) 0.476 0.727 0.549 0.384 0.615 
   1   (0.446) 0.524 0.273 0.451 0.616 0.385 

Locus 61 : Mnov_gtseq_196 
2 alleles
0.3% missing data
   0   (0.320) 0.124 0.441 0.224 0.493 0.265 
   1   (0.680) 0.876 0.559 0.776 0.507 0.735 

Locus 62 : Mnov_gtseq_197 
3 alleles
0.3% missing data
   1   (0.390) 0.267 0.386 0.308 0.486 0.410 
   0   (0.427) 0.668 0.199 0.553 0.422 0.442 
   2   (0.183) 0.065 0.415 0.140 0.092 0.148 

Locus 63 : Mnov_gtseq_2 
2 alleles
0.3% missing data
   0   (0.202) 0.203 0.190 0.269 0.052 0.232 
   1   (0.798) 0.797 0.810 0.731 0.948 0.768 

Locus 64 : Mnov_gtseq_200 
2 alleles
2.8% missing data
   0   (0.420) 0.694 0.263 0.345 0.296 0.550 
   1   (0.580) 0.306 0.737 0.655 0.704 0.450 

Locus 65 : Mnov_gtseq_201 
2 alleles
0.0% missing data
   0   (0.872) 0.979 0.907 0.821 0.738 0.947 
   1   (0.128) 0.021 0.093 0.179 0.262 0.053 

Locus 66 : Mnov_gtseq_202 
2 alleles
0.0% missing data
   0   (0.429) 0.641 0.296 0.461 0.417 0.363 
   1   (0.571) 0.359 0.704 0.539 0.583 0.637 

Locus 67 : Mnov_gtseq_204 
2 alleles
3.9% missing data
   0   (0.446) 0.620 0.479 0.375 0.478 0.335 
   1   (0.554) 0.380 0.521 0.625 0.522 0.665 

Locus 68 : Mnov_gtseq_205 
3 alleles
0.0% missing data
   0   (0.227) 0.240 0.202 0.199 0.312 0.122 
   2   (0.704) 0.694 0.714 0.780 0.669 0.841 
   1   (0.069) 0.066 0.084 0.021 0.019 0.037 

Locus 69 : Mnov_gtseq_208 
2 alleles
0.0% missing data
   0   (0.631) 0.342 0.531 0.747 0.699 0.727 
   1   (0.369) 0.658 0.469 0.253 0.301 0.273 

Locus 70 : Mnov_gtseq_209 
2 alleles
0.0% missing data
   0   (0.448) 0.578 0.314 0.386 0.424 0.590 
   1   (0.552) 0.422 0.686 0.614 0.576 0.410 

Locus 71 : Mnov_gtseq_21 
2 alleles
0.0% missing data
   1   (0.529) 0.288 0.599 0.612 0.622 0.458 
   0   (0.471) 0.712 0.401 0.388 0.378 0.542 

Locus 72 : Mnov_gtseq_210 
2 alleles
5.0% missing data
   0   (0.387) 0.205 0.372 0.359 0.641 0.302 
   1   (0.613) 0.795 0.628 0.641 0.359 0.698 

Locus 73 : Mnov_gtseq_213 
2 alleles
5.6% missing data
   0   (0.506) 0.332 0.434 0.607 0.554 0.537 
   1   (0.494) 0.668 0.566 0.393 0.446 0.463 

Locus 74 : Mnov_gtseq_214 
2 alleles
5.3% missing data
   0   (0.543) 0.758 0.388 0.636 0.476 0.530 
   1   (0.457) 0.242 0.612 0.364 0.524 0.470 

Locus 75 : Mnov_gtseq_215 
2 alleles
0.0% missing data
   0   (0.458) 0.505 0.407 0.308 0.392 0.685 
   1   (0.542) 0.495 0.593 0.692 0.608 0.315 

Locus 76 : Mnov_gtseq_216 
2 alleles
0.0% missing data
   1   (0.545) 0.601 0.621 0.423 0.418 0.695 
   0   (0.455) 0.399 0.379 0.577 0.582 0.305 

Locus 77 : Mnov_gtseq_217 
2 alleles
24.4% missing data
   0   (0.310) 0.125 0.245 0.354 0.311 0.388 
   1   (0.690) 0.875 0.755 0.646 0.689 0.612 

Locus 78 : Mnov_gtseq_218 
2 alleles
0.3% missing data
   0   (0.618) 0.767 0.782 0.573 0.323 0.702 
   1   (0.382) 0.233 0.218 0.427 0.677 0.298 

Locus 79 : Mnov_gtseq_22 
2 alleles
3.9% missing data
   1   (0.590) 0.779 0.560 0.555 0.539 0.615 
   0   (0.410) 0.221 0.440 0.445 0.461 0.385 

Locus 80 : Mnov_gtseq_220 
2 alleles
0.3% missing data
   0   (0.535) 0.673 0.608 0.505 0.459 0.510 
   1   (0.465) 0.327 0.392 0.495 0.541 0.490 

Locus 81 : Mnov_gtseq_222 
2 alleles
14.3% missing data
   0   (0.524) 0.643 0.758 0.477 0.174 0.651 
   1   (0.476) 0.357 0.242 0.523 0.826 0.349 

Locus 82 : Mnov_gtseq_223 
2 alleles
2.5% missing data
   0   (0.648) 0.602 0.664 0.494 0.803 0.727 
   1   (0.352) 0.398 0.336 0.506 0.197 0.273 

Locus 83 : Mnov_gtseq_225 
2 alleles
0.0% missing data
   0   (0.514) 0.491 0.304 0.665 0.582 0.509 
   1   (0.486) 0.509 0.696 0.335 0.418 0.491 

Locus 84 : Mnov_gtseq_227 
2 alleles
0.3% missing data
   0   (0.522) 0.702 0.698 0.396 0.446 0.461 
   1   (0.478) 0.298 0.302 0.604 0.554 0.539 

Locus 85 : Mnov_gtseq_229 
2 alleles
0.8% missing data
   1   (0.544) 0.694 0.591 0.453 0.527 0.534 
   0   (0.456) 0.306 0.409 0.547 0.473 0.466 

Locus 86 : Mnov_gtseq_230 
2 alleles
10.4% missing data
   0   (0.797) 0.875 0.939 0.524 0.705 0.911 
   1   (0.203) 0.125 0.061 0.476 0.295 0.089 

Locus 87 : Mnov_gtseq_232 
2 alleles
0.0% missing data
   0   (0.489) 0.773 0.322 0.457 0.462 0.509 
   1   (0.511) 0.227 0.678 0.543 0.538 0.491 

Locus 88 : Mnov_gtseq_234 
2 alleles
9.8% missing data
   0   (0.723) 0.856 0.724 0.718 0.718 0.768 
   1   (0.277) 0.144 0.276 0.282 0.282 0.232 

Locus 89 : Mnov_gtseq_235 
2 alleles
0.3% missing data
   0   (0.785) 0.896 0.884 0.737 0.689 0.847 
   1   (0.215) 0.104 0.116 0.263 0.311 0.153 

Locus 90 : Mnov_gtseq_237 
2 alleles
0.3% missing data
   0   (0.556) 0.779 0.440 0.551 0.393 0.686 
   1   (0.444) 0.221 0.560 0.449 0.607 0.314 

Locus 91 : Mnov_gtseq_238 
2 alleles
0.0% missing data
   0   (0.620) 0.876 0.602 0.534 0.702 0.491 
   1   (0.380) 0.124 0.398 0.466 0.298 0.509 

Locus 92 : Mnov_gtseq_239 
2 alleles
0.0% missing data
   0   (0.723) 0.711 0.747 0.714 0.655 0.861 
   1   (0.277) 0.289 0.253 0.286 0.345 0.139 

Locus 93 : Mnov_gtseq_240 
2 alleles
0.0% missing data
   1   (0.414) 0.374 0.356 0.542 0.213 0.484 
   0   (0.586) 0.626 0.644 0.458 0.787 0.516 

Locus 94 : Mnov_gtseq_241 
2 alleles
0.0% missing data
   0   (0.842) 0.810 0.894 0.915 0.747 0.930 
   1   (0.158) 0.190 0.106 0.085 0.253 0.070 

Locus 95 : Mnov_gtseq_243 
2 alleles
0.0% missing data
   0   (0.585) 0.618 0.708 0.660 0.433 0.529 
   1   (0.415) 0.382 0.292 0.340 0.567 0.471 

Locus 96 : Mnov_gtseq_244 
2 alleles
0.0% missing data
   0   (0.339) 0.466 0.174 0.280 0.437 0.352 
   1   (0.661) 0.534 0.826 0.720 0.563 0.648 

Locus 97 : Mnov_gtseq_245 
2 alleles
20.7% missing data
   1   (0.517) 0.661 0.358 0.536 0.491 0.579 
   0   (0.483) 0.339 0.642 0.464 0.509 0.421 

Locus 98 : Mnov_gtseq_246 
2 alleles
0.3% missing data
   0   (0.450) 0.550 0.193 0.631 0.431 0.444 
   1   (0.550) 0.450 0.807 0.369 0.569 0.556 

Locus 99 : Mnov_gtseq_247 
2 alleles
3.4% missing data
   0   (0.294) 0.180 0.447 0.395 0.194 0.160 
   1   (0.706) 0.820 0.553 0.605 0.806 0.840 

Locus 100 : Mnov_gtseq_248 
2 alleles
0.3% missing data
   0   (0.238) 0.400 0.316 0.179 0.071 0.283 
   1   (0.762) 0.600 0.684 0.821 0.929 0.717 

Locus 101 : Mnov_gtseq_25 
2 alleles
0.3% missing data
   0   (0.457) 0.701 0.292 0.312 0.552 0.515 
   1   (0.543) 0.299 0.708 0.688 0.448 0.485 

Locus 102 : Mnov_gtseq_250 
2 alleles
3.9% missing data
   0   (0.779) 0.713 0.872 0.915 0.654 0.714 
   1   (0.221) 0.287 0.128 0.085 0.346 0.286 

Locus 103 : Mnov_gtseq_251 
2 alleles
2.0% missing data
   1   (0.208) 0.179 0.114 0.319 0.081 0.237 
   0   (0.792) 0.821 0.886 0.681 0.919 0.763 

Locus 104 : Mnov_gtseq_253 
2 alleles
16.2% missing data
   0   (0.482) 0.462 0.661 0.380 0.320 0.574 
   1   (0.518) 0.538 0.339 0.620 0.680 0.426 

Locus 105 : Mnov_gtseq_254 
2 alleles
0.0% missing data
   1   (0.913) 0.991 0.925 0.825 0.943 0.975 
   0   (0.087) 0.009 0.075 0.175 0.057 0.025 

Locus 106 : Mnov_gtseq_255 
2 alleles
0.0% missing data
   0   (0.362) 0.524 0.249 0.280 0.398 0.355 
   1   (0.638) 0.476 0.751 0.720 0.602 0.645 

Locus 107 : Mnov_gtseq_257 
2 alleles
0.0% missing data
   0   (0.614) 0.400 0.483 0.731 0.759 0.649 
   1   (0.386) 0.600 0.517 0.269 0.241 0.351 

Locus 108 : Mnov_gtseq_258 
2 alleles
0.0% missing data
   0   (0.519) 0.660 0.719 0.513 0.353 0.431 
   1   (0.481) 0.340 0.281 0.487 0.647 0.569 

Locus 109 : Mnov_gtseq_26 
2 alleles
0.0% missing data
   1   (0.897) 0.972 0.940 0.834 0.959 0.924 
   0   (0.103) 0.028 0.060 0.166 0.041 0.076 

Locus 110 : Mnov_gtseq_260 
2 alleles
0.3% missing data
   0   (0.753) 0.785 0.705 0.742 0.886 0.759 
