

----------------------------------------------------
STRUCTURE by Pritchard, Stephens and Donnelly (2000)
     and Falush, Stephens and Pritchard (2003)
       Code by Pritchard, Falush and Hubisz
             Version 2.3.4 (Jul 2012)
----------------------------------------------------



Command line arguments:   structure -m wint.area.structureRun/wint.area.structureRun.k3.r3_mainparams -e wint.area.structureRun/wint.area.structureRun.k3.r3_extraparams -i wint.area.structureRun/wint.area.structureRun.k3.r3_data -o wint.area.structureRun/wint.area.structureRun.k3.r3_out 
Input File:    wint.area.structureRun/wint.area.structureRun.k3.r3_data

Run parameters:
   357 individuals
   328 loci
   3 populations assumed
   1000 Burn-in period
   10000 Reps


--------------------------------------------
Proportion of membership of each pre-defined
 population in each of the 3 clusters

Given    Inferred Clusters       Number of
 Pop       1      2      3      Individuals

  1:     0.169  0.506  0.324       80
  2:     0.560  0.187  0.253      126
  3:     0.246  0.389  0.365      115
  4:     0.380  0.263  0.357       27
  5:     0.105  0.115  0.781        9
--------------------------------------------

Allele-freq. divergence among pops (Net nucleotide distance),
computed using point estimates of P.

      1       2       3      
 1      -    0.0282  0.0186  
 2   0.0282     -    0.0127  
 3   0.0186  0.0127     -    

Average distances (expected heterozygosity) between individuals in same cluster:
cluster  1  : 0.4063 
cluster  2  : 0.4169 
cluster  3  : 0.4162 

--------------------------------------------
Estimated Ln Prob of Data   = -134355.4
Mean value of ln likelihood = -133793.6
Variance of ln likelihood   = 1123.6
Mean value of alpha         = 1.0000

Mean value of Fst_1         = 0.0943
Mean value of Fst_2         = 0.0672
Mean value of Fst_3         = 0.0294


Inferred ancestry of individuals:
        Label (%Miss) Pop:  Inferred clusters
  1   207778    (2)    2 :  0.581 0.186 0.234 
  2 z0005757    (7)    3 :  0.306 0.264 0.430 
  3 z0005758    (0)    3 :  0.108 0.542 0.350 
  4 z0011944    (0)    1 :  0.157 0.057 0.785 
  5 z0012702   (10)    4 :  0.813 0.062 0.125 
  6 z0016577    (2)    3 :  0.380 0.273 0.347 
  7 z0016578   (21)    1 :  0.099 0.522 0.379 
  8 z0016579    (1)    3 :  0.193 0.263 0.544 
  9 z0018264    (0)    1 :  0.242 0.099 0.660 
 10 z0029828    (2)    3 :  0.243 0.627 0.131 
 11 z0029829   (14)    1 :  0.155 0.708 0.137 
 12 z0029846   (14)    1 :  0.143 0.251 0.606 
 13 z0029860    (1)    3 :  0.140 0.707 0.153 
 14 z0029863    (2)    1 :  0.143 0.141 0.716 
 15 z0029864    (8)    1 :  0.149 0.365 0.486 
 16 z0029865   (13)    3 :  0.103 0.439 0.458 
 17 z0037607    (2)    3 :  0.288 0.217 0.495 
 18 z0037609   (25)    3 :  0.142 0.268 0.590 
 19 z0037624   (21)    1 :  0.234 0.507 0.260 
 20 z0038417    (8)    2 :  0.735 0.091 0.174 
 21 z0040275    (9)    2 :  0.623 0.099 0.277 
 22 z0040287    (3)    2 :  0.427 0.189 0.384 
 23 z0040308    (1)    2 :  0.709 0.133 0.158 
 24 z0040333    (1)    2 :  0.577 0.235 0.189 
 25 z0040334    (1)    2 :  0.848 0.064 0.088 
 26 z0040337    (6)    2 :  0.430 0.270 0.300 
 27 z0040345    (1)    2 :  0.718 0.060 0.223 
 28 z0040357    (5)    2 :  0.635 0.132 0.234 
 29 z0040363   (20)    2 :  0.584 0.244 0.171 
 30 z0040364    (0)    2 :  0.752 0.104 0.144 
 31 z0040387    (1)    2 :  0.672 0.196 0.132 
 32 z0040403   (15)    2 :  0.553 0.182 0.265 
 33 z0040413   (43)    2 :  0.594 0.118 0.288 
 34 z0040439    (0)    2 :  0.832 0.050 0.118 
 35 z0040465   (20)    2 :  0.423 0.270 0.307 
 36 z0040513   (17)    3 :  0.396 0.400 0.205 
 37 z0040961   (12)    2 :  0.513 0.125 0.361 
 38 z0040985   (16)    2 :  0.424 0.116 0.460 
 39 z0041026    (0)    2 :  0.709 0.185 0.107 
 40 z0041051   (28)    2 :  0.499 0.101 0.400 
 41 z0041115    (7)    2 :  0.648 0.215 0.137 
 42 z0041153   (23)    2 :  0.373 0.159 0.468 
 43 z0041233    (4)    2 :  0.454 0.268 0.278 
 44 z0041243    (1)    2 :  0.442 0.156 0.402 
 45 z0041248    (6)    2 :  0.672 0.175 0.153 
 46 z0041250    (1)    2 :  0.695 0.090 0.214 
 47 z0041274    (2)    2 :  0.511 0.138 0.351 
 48 z0041465   (15)    2 :  0.605 0.268 0.127 
 49 z0041472    (2)    2 :  0.616 0.272 0.113 
 50 z0041480   (10)    2 :  0.417 0.350 0.233 
 51 z0041483    (0)    2 :  0.733 0.129 0.139 
 52 z0041494   (12)    2 :  0.644 0.129 0.227 
 53 z0041498    (1)    2 :  0.565 0.238 0.197 
 54 z0041501    (1)    2 :  0.818 0.064 0.118 
 55 z0041507    (7)    2 :  0.685 0.152 0.163 
 56 z0041512    (0)    2 :  0.776 0.127 0.097 
 57 z0041522   (17)    2 :  0.593 0.243 0.165 
 58 z0041526    (1)    3 :  0.611 0.201 0.188 
 59 z0041527   (16)    2 :  0.601 0.186 0.213 
 60 z0043243    (2)    2 :  0.163 0.370 0.467 
 61 z0043278    (2)    2 :  0.790 0.100 0.110 
 62 z0043475   (17)    3 :  0.411 0.310 0.279 
 63 z0043477    (0)    2 :  0.477 0.174 0.349 
 64 z0043478    (2)    2 :  0.849 0.086 0.065 
 65 z0043481    (0)    2 :  0.656 0.169 0.175 
 66 z0043489    (7)    2 :  0.755 0.063 0.182 
 67 z0043491   (13)    2 :  0.501 0.150 0.348 
 68 z0043493    (3)    2 :  0.428 0.078 0.495 
 69 z0043494    (2)    2 :  0.432 0.179 0.390 
 70 z0043498    (2)    2 :  0.737 0.183 0.081 
 71 z0043504    (7)    2 :  0.428 0.135 0.436 
 72 z0043526    (3)    4 :  0.454 0.172 0.374 
 73 z0043566    (3)    2 :  0.592 0.183 0.225 
 74 z0043572    (0)    2 :  0.625 0.239 0.137 
 75 z0043599    (5)    2 :  0.482 0.226 0.292 
 76 z0043642    (1)    2 :  0.406 0.315 0.279 
 77 z0043649    (1)    2 :  0.749 0.091 0.160 
 78 z0043652    (1)    2 :  0.333 0.186 0.481 
 79 z0043668    (1)    2 :  0.400 0.368 0.233 
 80 z0043674    (1)    4 :  0.086 0.488 0.426 
 81 z0043686    (1)    2 :  0.425 0.247 0.328 
 82 z0043693    (1)    2 :  0.493 0.268 0.239 
 83 z0043704   (15)    2 :  0.755 0.091 0.154 
 84 z0043807    (1)    2 :  0.565 0.240 0.195 
 85 z0043819    (1)    2 :  0.286 0.244 0.470 
 86 z0043876    (7)    2 :  0.322 0.422 0.256 
 87 z0043877   (33)    2 :  0.482 0.279 0.239 
 88 z0043891   (21)    4 :  0.264 0.364 0.372 
 89 z0043915   (33)    2 :  0.372 0.244 0.384 
 90 z0043940   (10)    2 :  0.132 0.165 0.703 
 91 z0043954    (2)    2 :  0.394 0.193 0.414 
 92 z0043966    (5)    2 :  0.708 0.162 0.130 
 93 z0043980    (0)    2 :  0.491 0.342 0.166 
 94 z0043994    (1)    3 :  0.800 0.094 0.106 
 95 z0044017   (12)    2 :  0.469 0.134 0.397 
 96 z0044019   (14)    2 :  0.560 0.250 0.189 
 97 z0044023   (36)    2 :  0.779 0.136 0.085 
 98 z0044033    (0)    2 :  0.885 0.070 0.045 
 99 z0044042    (3)    2 :  0.785 0.135 0.079 
100 z0044047   (25)    2 :  0.631 0.115 0.254 
101 z0044064   (13)    2 :  0.501 0.100 0.399 
102 z0044432   (14)    2 :  0.444 0.334 0.222 
103 z0045326    (0)    3 :  0.214 0.514 0.272 
104 z0045331    (5)    1 :  0.219 0.523 0.258 
105 z0045332    (2)    1 :  0.266 0.307 0.427 
106 z0045333    (6)    1 :  0.151 0.605 0.244 
107 z0045337    (5)    1 :  0.180 0.682 0.138 
108 z0045342   (13)    1 :  0.270 0.576 0.155 
109 z0045347    (1)    3 :  0.183 0.220 0.597 
110 z0045350    (0)    1 :  0.172 0.277 0.551 
111 z0045370    (1)    1 :  0.055 0.815 0.131 
112 z0045371    (1)    3 :  0.233 0.254 0.513 
113 z0045398    (1)    3 :  0.083 0.514 0.403 
114 z0045399    (1)    3 :  0.092 0.336 0.572 
115 z0045401   (26)    1 :  0.263 0.363 0.374 
116 z0045404    (0)    3 :  0.096 0.674 0.231 
117 z0045405    (5)    3 :  0.099 0.251 0.650 
118 z0045407    (2)    3 :  0.147 0.236 0.617 
119 z0045719    (0)    2 :  0.713 0.108 0.179 
120 z0045720    (1)    2 :  0.446 0.213 0.341 
121 z0045728    (1)    2 :  0.680 0.192 0.129 
122 z0045731    (1)    2 :  0.467 0.142 0.391 
123 z0045733    (0)    2 :  0.448 0.313 0.240 
124 z0045736    (1)    2 :  0.328 0.171 0.502 
125 z0045739    (1)    2 :  0.246 0.305 0.449 
126 z0045740    (1)    2 :  0.729 0.092 0.179 
127 z0045741    (0)    2 :  0.713 0.080 0.207 
128 z0045742    (0)    2 :  0.595 0.232 0.173 
129 z0045776    (1)    3 :  0.487 0.152 0.362 
130 z0045779    (0)    2 :  0.783 0.133 0.084 
131 z0045781    (0)    2 :  0.593 0.136 0.271 
132 z0045788    (5)    2 :  0.773 0.071 0.156 
133 z0045789    (2)    2 :  0.752 0.119 0.129 
134 z0045791    (5)    2 :  0.644 0.151 0.205 
135 z0045792   (23)    1 :  0.356 0.406 0.238 
136 z0045793    (0)    3 :  0.268 0.653 0.079 
137 z0047562   (15)    2 :  0.627 0.160 0.213 
138 z0047854    (1)    2 :  0.494 0.130 0.376 
139 z0051185    (1)    1 :  0.098 0.526 0.376 
140 z0051324    (6)    1 :  0.117 0.707 0.176 
141 z0051326    (0)    1 :  0.097 0.685 0.218 
142 z0051327    (4)    3 :  0.399 0.274 0.327 
143 z0051328    (3)    1 :  0.213 0.651 0.136 
144 z0051380    (0)    1 :  0.068 0.659 0.273 
145 z0051400    (0)    3 :  0.292 0.439 0.269 
146 z0051431   (23)    3 :  0.473 0.240 0.287 
147 z0051840   (34)    2 :  0.627 0.195 0.178 
148 z0051844   (27)    2 :  0.529 0.101 0.369 
149 z0051875   (29)    3 :  0.195 0.547 0.257 
150 z0051885    (8)    3 :  0.602 0.173 0.225 
151 z0051888    (1)    2 :  0.531 0.367 0.102 
152 z0051891    (1)    1 :  0.260 0.291 0.448 
153 z0051893    (4)    1 :  0.174 0.687 0.139 
154 z0051895    (0)    3 :  0.169 0.690 0.141 
155 z0051918    (1)    3 :  0.475 0.111 0.415 
156 z0051929    (1)    1 :  0.152 0.698 0.150 
157 z0051939   (12)    3 :  0.457 0.313 0.230 
158 z0051947    (3)    1 :  0.149 0.758 0.093 
159 z0051959    (2)    3 :  0.285 0.267 0.448 
160 z0052846    (0)    4 :  0.407 0.299 0.293 
161 z0052882    (1)    2 :  0.437 0.342 0.221 
162 z0053020   (22)    2 :  0.494 0.094 0.412 
163 z0053024   (13)    2 :  0.350 0.314 0.336 
164 z0053025    (5)    2 :  0.793 0.068 0.139 
165 z0053031    (0)    2 :  0.374 0.246 0.379 
166 z0053032    (1)    2 :  0.505 0.195 0.300 
167 z0053040    (5)    2 :  0.473 0.232 0.295 
168 z0053051    (1)    3 :  0.143 0.314 0.543 
169 z0053054    (6)    3 :  0.157 0.521 0.321 
170 z0053071    (3)    2 :  0.706 0.185 0.109 
171 z0053073    (2)    2 :  0.204 0.252 0.544 
172 z0053078    (1)    3 :  0.429 0.058 0.513 
173 z0053082    (2)    3 :  0.616 0.256 0.128 
174 z0053083   (12)    2 :  0.504 0.219 0.276 
175 z0053090   (11)    3 :  0.558 0.099 0.343 
176 z0053096    (0)    2 :  0.742 0.080 0.178 
177 z0053100    (8)    2 :  0.624 0.161 0.215 
178 z0053101    (0)    2 :  0.542 0.124 0.334 
179 z0053102    (9)    2 :  0.650 0.186 0.165 
180 z0053103    (1)    2 :  0.847 0.078 0.075 
181 z0053111    (2)    3 :  0.206 0.368 0.426 
182 z0053131    (0)    2 :  0.464 0.340 0.196 
183 z0053132    (0)    2 :  0.469 0.074 0.458 
184 z0053133    (1)    2 :  0.215 0.274 0.511 
185 z0053138    (0)    2 :  0.371 0.421 0.209 
186 z0053142    (3)    2 :  0.600 0.223 0.177 
187 z0053149    (1)    2 :  0.607 0.127 0.266 
188 z0053754    (1)    1 :  0.154 0.406 0.440 
189 z0053756    (2)    1 :  0.139 0.370 0.492 
190 z0053758   (17)    1 :  0.082 0.650 0.268 
191 z0053759    (1)    1 :  0.119 0.621 0.260 
192 z0053760    (0)    1 :  0.140 0.303 0.557 
193 z0053842    (2)    1 :  0.207 0.240 0.553 
194 z0053843    (6)    1 :  0.128 0.782 0.090 
195 z0053844    (9)    1 :  0.221 0.543 0.236 
196 z0053846    (3)    1 :  0.070 0.863 0.067 
197 z0053847    (1)    1 :  0.221 0.678 0.102 
198 z0053849    (1)    1 :  0.151 0.187 0.662 
199 z0055903    (1)    4 :  0.273 0.198 0.530 
200 z0055910   (35)    4 :  0.433 0.257 0.310 
201 z0055912    (7)    4 :  0.338 0.101 0.561 
202 z0055916   (17)    4 :  0.213 0.249 0.538 
203 z0055931    (4)    4 :  0.769 0.114 0.117 
204 z0055944    (4)    4 :  0.330 0.257 0.412 
205 z0055947   (10)    4 :  0.280 0.218 0.502 
206 z0055962    (6)    4 :  0.398 0.227 0.376 
207 z0055963   (21)    4 :  0.451 0.315 0.234 
208 z0055965   (26)    4 :  0.103 0.279 0.618 
209 z0055970   (16)    4 :  0.445 0.292 0.263 
210 z0055971    (8)    4 :  0.324 0.364 0.312 
211 z0055977    (6)    4 :  0.572 0.172 0.255 
212 z0055986   (21)    4 :  0.276 0.477 0.246 
213 z0055990    (7)    4 :  0.609 0.159 0.233 
214 z0055996    (3)    4 :  0.380 0.429 0.191 
215 z0055997    (4)    4 :  0.504 0.347 0.150 
216 z0055998    (5)    4 :  0.198 0.187 0.615 
217 z0055999    (3)    4 :  0.185 0.482 0.334 
218 z0056011    (9)    4 :  0.228 0.200 0.572 
219 z0056029    (5)    4 :  0.355 0.286 0.358 
220 z0056034    (2)    4 :  0.570 0.112 0.317 
221 z0056056   (26)    3 :  0.292 0.337 0.371 
222 z0056058    (5)    3 :  0.065 0.663 0.273 
223 z0056059    (8)    3 :  0.184 0.224 0.592 
224 z0056062    (1)    3 :  0.376 0.254 0.370 
225 z0056063    (4)    3 :  0.208 0.429 0.363 
226 z0056064    (0)    3 :  0.174 0.329 0.498 
227 z0056065    (0)    3 :  0.148 0.562 0.290 
228 z0056069    (1)    3 :  0.488 0.149 0.363 
229 z0056073    (0)    3 :  0.096 0.531 0.373 
230 z0056076    (5)    3 :  0.320 0.538 0.142 
231 z0056079   (10)    3 :  0.102 0.419 0.479 
232 z0056085    (1)    3 :  0.154 0.604 0.242 
233 z0056092    (1)    3 :  0.145 0.367 0.489 
234 z0056095    (1)    3 :  0.183 0.425 0.392 
235 z0056103    (8)    3 :  0.091 0.410 0.499 
236 z0056374    (8)    1 :  0.098 0.533 0.370 
237 z0056375    (0)    1 :  0.118 0.672 0.210 
238 z0056377    (0)    1 :  0.117 0.279 0.604 
239 z0056378    (2)    1 :  0.246 0.635 0.119 
240 z0056382    (1)    1 :  0.083 0.822 0.095 
241 z0056384    (3)    1 :  0.230 0.446 0.324 
242 z0056386    (8)    1 :  0.077 0.757 0.166 
243 z0056389    (1)    1 :  0.072 0.787 0.140 
244 z0056391    (2)    1 :  0.028 0.916 0.056 
245 z0056392   (12)    1 :  0.111 0.735 0.154 
246 z0056393    (9)    1 :  0.219 0.344 0.437 
247 z0056394    (1)    1 :  0.128 0.591 0.281 
248 z0056395    (2)    1 :  0.232 0.340 0.429 
249 z0056397    (1)    1 :  0.333 0.238 0.430 
250 z0061527    (3)    3 :  0.557 0.214 0.229 
251 z0061967    (1)    3 :  0.296 0.404 0.300 
252 z0061969    (1)    3 :  0.467 0.343 0.190 
253 z0061980    (1)    1 :  0.280 0.544 0.175 
254 z0066166    (3)    3 :  0.140 0.402 0.457 
255 z0066792    (2)    1 :  0.132 0.173 0.695 
256 z0066805    (2)    1 :  0.128 0.106 0.766 
257 z0068471    (3)    3 :  0.157 0.422 0.421 
258 z0075696    (7)    5 :  0.129 0.075 0.796 
259 z0101084    (8)    1 :  0.155 0.741 0.104 
260 z0107099    (3)    3 :  0.052 0.738 0.210 
261 z0107101    (0)    1 :  0.055 0.887 0.058 
262 z0108489    (1)    1 :  0.337 0.239 0.424 
263 z0108513    (0)    1 :  0.138 0.782 0.080 
264 z0108528    (1)    3 :  0.345 0.331 0.325 
265 z0113628    (2)    3 :  0.228 0.175 0.597 
266 z0133302   (18)    1 :  0.303 0.537 0.160 
267 z0173485    (0)    1 :  0.390 0.235 0.375 
268 z0175371    (1)    3 :  0.320 0.137 0.544 
269 z0175378    (0)    2 :  0.777 0.149 0.074 
270 z0175912    (6)    1 :  0.192 0.410 0.398 
271 z0175916    (3)    1 :  0.429 0.268 0.303 
272 z0175937    (1)    1 :  0.125 0.630 0.245 
273 z0178348   (13)    1 :  0.119 0.494 0.387 
274 z0187857    (3)    1 :  0.193 0.669 0.139 
275 z0187860    (0)    1 :  0.296 0.351 0.354 
276 z0187885    (0)    2 :  0.514 0.179 0.308 
277 z0187906   (10)    1 :  0.251 0.246 0.503 
278 z0195655    (0)    2 :  0.819 0.092 0.089 
279 z0195663    (1)    3 :  0.581 0.124 0.294 
280 z0195683    (1)    3 :  0.125 0.651 0.225 
281 z0195687   (22)    3 :  0.065 0.619 0.317 
282 z0195688    (0)    2 :  0.388 0.171 0.441 
283 z0195691    (1)    3 :  0.117 0.115 0.769 
284 z0195699    (0)    3 :  0.165 0.355 0.480 
285 z0195701    (8)    3 :  0.186 0.616 0.198 
286 z0195702    (0)    3 :  0.263 0.300 0.436 
287 z0195704    (1)    3 :  0.230 0.423 0.347 
288 z0195705    (1)    3 :  0.583 0.093 0.324 
289 z0195711    (0)    3 :  0.101 0.160 0.739 
290 z0195716    (0)    3 :  0.173 0.353 0.474 
291 z0195718   (13)    3 :  0.100 0.550 0.350 
292 z0195725    (5)    3 :  0.351 0.317 0.332 
293 z0195726   (17)    1 :  0.136 0.155 0.709 
294 z0195728   (14)    3 :  0.051 0.854 0.095 
295 z0195732   (16)    3 :  0.090 0.456 0.454 
296 z0195737    (1)    3 :  0.513 0.259 0.228 
297 z0195740   (30)    3 :  0.212 0.303 0.485 
298 z0195751    (1)    3 :  0.130 0.710 0.159 
299 z0195762    (2)    3 :  0.108 0.340 0.552 
300 z0195784    (0)    3 :  0.107 0.611 0.281 
301 z0196686    (0)    5 :  0.052 0.073 0.876 
302 z0196687    (0)    5 :  0.139 0.098 0.763 
303 z0196689    (1)    5 :  0.111 0.086 0.804 
304 z0196690    (3)    5 :  0.111 0.300 0.589 
305 z0196691    (9)    5 :  0.105 0.090 0.804 
306 z0196692    (1)    5 :  0.104 0.107 0.789 
307 z0196693    (2)    5 :  0.078 0.129 0.793 
308 z0196694    (3)    5 :  0.115 0.074 0.811 
309 z0196710    (0)    3 :  0.324 0.289 0.387 
310 z0196715   (23)    3 :  0.095 0.507 0.398 
311 z0196719    (0)    3 :  0.183 0.325 0.492 
312 z0196724   (20)    3 :  0.226 0.566 0.209 
313 z0196725    (1)    3 :  0.159 0.507 0.334 
314 z0196729    (3)    3 :  0.255 0.458 0.287 
315 z0196730    (3)    1 :  0.146 0.553 0.301 
316 z0196731    (1)    3 :  0.083 0.527 0.390 
317 z0196733   (17)    1 :  0.108 0.507 0.385 
318 z0196734    (2)    3 :  0.357 0.384 0.259 
319 z0196739   (18)    3 :  0.351 0.490 0.159 
320 z0196740   (10)    3 :  0.149 0.491 0.361 
321 z0196746    (3)    1 :  0.186 0.664 0.151 
322 z0196751    (0)    3 :  0.267 0.484 0.249 
323 z0196752    (0)    3 :  0.127 0.376 0.498 
324 z0196754    (0)    3 :  0.162 0.632 0.206 
325 z0196758    (2)    1 :  0.142 0.557 0.300 
326 z0196763    (2)    3 :  0.151 0.293 0.556 
327 z0196764    (1)    3 :  0.199 0.399 0.402 
328 z0196766    (0)    3 :  0.194 0.511 0.295 
329 z0196769    (1)    3 :  0.139 0.646 0.214 
330 z0196774    (1)    3 :  0.126 0.562 0.312 
331 z0196783    (0)    1 :  0.047 0.885 0.068 
332 z0196794    (2)    1 :  0.056 0.828 0.117 
333 z0196804   (15)    1 :  0.140 0.532 0.328 
334 z0196809   (15)    3 :  0.083 0.212 0.705 
335 z0196810    (2)    1 :  0.142 0.363 0.496 
336 z0196811    (1)    1 :  0.066 0.352 0.582 
337 z0196824    (0)    3 :  0.338 0.283 0.379 
338 z0196825    (1)    3 :  0.330 0.462 0.208 
339 z0196828    (1)    2 :  0.234 0.454 0.312 
340 z0196829    (0)    3 :  0.187 0.266 0.547 
341 z0196834   (28)    3 :  0.277 0.466 0.257 
342 z0196835    (0)    3 :  0.164 0.749 0.087 
343 z0196838    (2)    1 :  0.065 0.218 0.716 
344 z0196841   (22)    3 :  0.138 0.571 0.291 
345 z0196843   (27)    3 :  0.140 0.530 0.331 
346 z0196849    (1)    3 :  0.161 0.545 0.294 
347 z0196852    (1)    2 :  0.383 0.194 0.423 
348 z0196855    (0)    2 :  0.296 0.268 0.436 
349 z0196856    (1)    3 :  0.249 0.195 0.556 
350 z0196857    (0)    2 :  0.492 0.415 0.094 
351 z0196864    (2)    3 :  0.443 0.137 0.420 
352 z0196894    (0)    3 :  0.112 0.312 0.576 
353 z0197662    (3)    1 :  0.358 0.276 0.366 
354 z0197665    (2)    1 :  0.128 0.716 0.157 
355 z0197668   (20)    3 :  0.174 0.170 0.656 
356 z0197669    (1)    3 :  0.411 0.178 0.411 
357 z0197672    (1)    3 :  0.249 0.530 0.221 


Estimated Allele Frequencies in each cluster
First column gives estimated ancestral frequencies


Locus 1 : HI.v.HI.SEAK 
5 alleles
66.2% missing data
   0   (0.195) 0.258 0.092 0.177 
   4   (0.432) 0.066 0.687 0.492 
   1   (0.164) 0.592 0.055 0.126 
   2   (0.048) 0.039 0.014 0.031 
   3   (0.161) 0.045 0.152 0.174 

Locus 2 : Mnov_gtseq_1 
2 alleles
0.0% missing data
   0   (0.422) 0.363 0.375 0.451 
   1   (0.578) 0.637 0.625 0.549 

Locus 3 : Mnov_gtseq_10 
2 alleles
0.3% missing data
   0   (0.818) 0.928 0.693 0.846 
   1   (0.182) 0.072 0.307 0.154 

Locus 4 : Mnov_gtseq_102 
2 alleles
0.8% missing data
   0   (0.575) 0.681 0.465 0.594 
   1   (0.425) 0.319 0.535 0.406 

Locus 5 : Mnov_gtseq_104 
2 alleles
0.3% missing data
   0   (0.876) 0.942 0.736 0.921 
   1   (0.124) 0.058 0.264 0.079 

Locus 6 : Mnov_gtseq_106 
2 alleles
15.4% missing data
   1   (0.753) 0.788 0.798 0.752 
   0   (0.247) 0.212 0.202 0.248 

Locus 7 : Mnov_gtseq_107 
2 alleles
37.8% missing data
   1   (0.208) 0.423 0.154 0.163 
   0   (0.792) 0.577 0.846 0.837 

Locus 8 : Mnov_gtseq_111 
2 alleles
39.2% missing data
   1   (0.733) 0.565 0.618 0.825 
   0   (0.267) 0.435 0.382 0.175 

Locus 9 : Mnov_gtseq_112 
2 alleles
1.1% missing data
   0   (0.568) 0.683 0.700 0.482 
   1   (0.432) 0.317 0.300 0.518 

Locus 10 : Mnov_gtseq_113 
2 alleles
1.7% missing data
   1   (0.708) 0.673 0.784 0.701 
   0   (0.292) 0.327 0.216 0.299 

Locus 11 : Mnov_gtseq_114 
2 alleles
4.5% missing data
   0   (0.544) 0.368 0.602 0.578 
   1   (0.456) 0.632 0.398 0.422 

Locus 12 : Mnov_gtseq_117 
2 alleles
27.2% missing data
   0   (0.627) 0.808 0.545 0.611 
   1   (0.373) 0.192 0.455 0.389 

Locus 13 : Mnov_gtseq_118 
2 alleles
8.1% missing data
   0   (0.724) 0.842 0.593 0.753 
   1   (0.276) 0.158 0.407 0.247 

Locus 14 : Mnov_gtseq_12 
2 alleles
0.3% missing data
   0   (0.488) 0.300 0.479 0.550 
   1   (0.512) 0.700 0.521 0.450 

Locus 15 : Mnov_gtseq_124 
2 alleles
4.8% missing data
   1   (0.784) 0.870 0.672 0.825 
   0   (0.216) 0.130 0.328 0.175 

Locus 16 : Mnov_gtseq_125 
2 alleles
1.1% missing data
   1   (0.907) 0.717 0.982 0.916 
   0   (0.093) 0.283 0.018 0.084 

Locus 17 : Mnov_gtseq_126 
2 alleles
0.0% missing data
   0   (0.377) 0.356 0.194 0.463 
   1   (0.623) 0.644 0.806 0.537 

Locus 18 : Mnov_gtseq_127 
2 alleles
7.0% missing data
   0   (0.618) 0.488 0.717 0.619 
   1   (0.382) 0.512 0.283 0.381 

Locus 19 : Mnov_gtseq_128 
2 alleles
31.4% missing data
   0   (0.682) 0.673 0.794 0.650 
   1   (0.318) 0.327 0.206 0.350 

Locus 20 : Mnov_gtseq_129 
2 alleles
2.0% missing data
   0   (0.490) 0.600 0.483 0.455 
   1   (0.510) 0.400 0.517 0.545 

Locus 21 : Mnov_gtseq_13 
2 alleles
0.0% missing data
   0   (0.597) 0.615 0.475 0.650 
   1   (0.403) 0.385 0.525 0.350 

Locus 22 : Mnov_gtseq_130 
2 alleles
28.9% missing data
   1   (0.533) 0.467 0.473 0.574 
   0   (0.467) 0.533 0.527 0.426 

Locus 23 : Mnov_gtseq_135 
2 alleles
0.6% missing data
   1   (0.440) 0.544 0.440 0.406 
   0   (0.560) 0.456 0.560 0.594 

Locus 24 : Mnov_gtseq_138 
2 alleles
0.6% missing data
   0   (0.473) 0.419 0.447 0.500 
   1   (0.527) 0.581 0.553 0.500 

Locus 25 : Mnov_gtseq_140 
2 alleles
1.1% missing data
   0   (0.418) 0.583 0.411 0.367 
   1   (0.582) 0.417 0.589 0.633 

Locus 26 : Mnov_gtseq_141 
2 alleles
0.3% missing data
   0   (0.534) 0.547 0.667 0.472 
   1   (0.466) 0.453 0.333 0.528 

Locus 27 : Mnov_gtseq_143 
2 alleles
2.8% missing data
   1   (0.549) 0.486 0.643 0.530 
   0   (0.451) 0.514 0.357 0.470 

Locus 28 : Mnov_gtseq_145 
2 alleles
2.0% missing data
   0   (0.437) 0.453 0.561 0.376 
   1   (0.563) 0.547 0.439 0.624 

Locus 29 : Mnov_gtseq_147 
2 alleles
26.3% missing data
   0   (0.791) 0.544 0.858 0.837 
   1   (0.209) 0.456 0.142 0.163 

Locus 30 : Mnov_gtseq_148 
2 alleles
9.2% missing data
   0   (0.339) 0.167 0.232 0.439 
   1   (0.661) 0.833 0.768 0.561 

Locus 31 : Mnov_gtseq_149 
2 alleles
0.6% missing data
   0   (0.601) 0.574 0.603 0.618 
   1   (0.399) 0.426 0.397 0.382 

Locus 32 : Mnov_gtseq_15 
2 alleles
0.0% missing data
   0   (0.467) 0.410 0.551 0.443 
   1   (0.533) 0.590 0.449 0.557 

Locus 33 : Mnov_gtseq_152 
2 alleles
0.8% missing data
   0   (0.317) 0.383 0.326 0.281 
   1   (0.683) 0.617 0.674 0.719 

Locus 34 : Mnov_gtseq_154 
2 alleles
3.4% missing data
   0   (0.564) 0.436 0.614 0.582 
   1   (0.436) 0.564 0.386 0.418 

Locus 35 : Mnov_gtseq_155 
2 alleles
41.7% missing data
   0   (0.653) 0.694 0.684 0.649 
   1   (0.347) 0.306 0.316 0.351 

Locus 36 : Mnov_gtseq_157 
2 alleles
0.6% missing data
   1   (0.556) 0.624 0.519 0.555 
   0   (0.444) 0.376 0.481 0.445 

Locus 37 : Mnov_gtseq_158 
2 alleles
0.6% missing data
   0   (0.402) 0.099 0.668 0.410 
   1   (0.598) 0.901 0.332 0.590 

Locus 38 : Mnov_gtseq_159 
2 alleles
24.6% missing data
   0   (0.601) 0.446 0.718 0.599 
   1   (0.399) 0.554 0.282 0.401 

Locus 39 : Mnov_gtseq_16 
2 alleles
0.0% missing data
   0   (0.640) 0.578 0.659 0.668 
   1   (0.360) 0.422 0.341 0.332 

Locus 40 : Mnov_gtseq_160 
2 alleles
2.5% missing data
   0   (0.500) 0.408 0.508 0.524 
   1   (0.500) 0.592 0.492 0.476 

Locus 41 : Mnov_gtseq_161 
2 alleles
2.0% missing data
   1   (0.774) 0.802 0.719 0.815 
   0   (0.226) 0.198 0.281 0.185 

Locus 42 : Mnov_gtseq_162 
2 alleles
2.2% missing data
   1   (0.393) 0.467 0.531 0.312 
   0   (0.607) 0.533 0.469 0.688 

Locus 43 : Mnov_gtseq_167 
2 alleles
1.1% missing data
   1   (0.794) 0.879 0.742 0.814 
   0   (0.206) 0.121 0.258 0.186 

Locus 44 : Mnov_gtseq_17 
2 alleles
0.0% missing data
   0   (0.504) 0.479 0.600 0.469 
   1   (0.496) 0.521 0.400 0.531 

Locus 45 : Mnov_gtseq_170 
2 alleles
0.0% missing data
   0   (0.319) 0.240 0.275 0.344 
   1   (0.681) 0.760 0.725 0.656 

Locus 46 : Mnov_gtseq_171 
2 alleles
42.0% missing data
   1   (0.710) 0.730 0.595 0.765 
   0   (0.290) 0.270 0.405 0.235 

Locus 47 : Mnov_gtseq_173 
2 alleles
21.8% missing data
   1   (0.496) 0.701 0.295 0.520 
   0   (0.504) 0.299 0.705 0.480 

Locus 48 : Mnov_gtseq_174 
2 alleles
2.8% missing data
   0   (0.284) 0.414 0.232 0.253 
   1   (0.716) 0.586 0.768 0.747 

Locus 49 : Mnov_gtseq_180 
2 alleles
14.0% missing data
   0   (0.596) 0.858 0.596 0.505 
   1   (0.404) 0.142 0.404 0.495 

Locus 50 : Mnov_gtseq_182 
2 alleles
9.0% missing data
   0   (0.843) 0.841 0.734 0.904 
   1   (0.157) 0.159 0.266 0.096 

Locus 51 : Mnov_gtseq_186 
2 alleles
27.7% missing data
   0   (0.535) 0.470 0.535 0.554 
   1   (0.465) 0.530 0.465 0.446 

Locus 52 : Mnov_gtseq_187 
2 alleles
7.6% missing data
   1   (0.559) 0.681 0.605 0.504 
   0   (0.441) 0.319 0.395 0.496 

Locus 53 : Mnov_gtseq_188 
2 alleles
13.4% missing data
   0   (0.586) 0.632 0.454 0.638 
   1   (0.414) 0.368 0.546 0.362 

Locus 54 : Mnov_gtseq_189 
2 alleles
3.6% missing data
   0   (0.417) 0.469 0.551 0.342 
   1   (0.583) 0.531 0.449 0.658 

Locus 55 : Mnov_gtseq_19 
2 alleles
0.0% missing data
   1   (0.921) 0.834 0.990 0.919 
   0   (0.079) 0.166 0.010 0.081 

Locus 56 : Mnov_gtseq_190 
2 alleles
0.0% missing data
   1   (0.418) 0.354 0.412 0.427 
   0   (0.582) 0.646 0.588 0.573 

Locus 57 : Mnov_gtseq_191 
2 alleles
26.3% missing data
   0   (0.879) 0.985 0.898 0.831 
   1   (0.121) 0.015 0.102 0.169 

Locus 58 : Mnov_gtseq_192 
2 alleles
21.0% missing data
   0   (0.823) 0.824 0.808 0.863 
   1   (0.177) 0.176 0.192 0.137 

Locus 59 : Mnov_gtseq_193 
2 alleles
0.0% missing data
   0   (0.692) 0.775 0.748 0.665 
   1   (0.308) 0.225 0.252 0.335 

Locus 60 : Mnov_gtseq_195 
2 alleles
0.0% missing data
   0   (0.581) 0.540 0.452 0.648 
   1   (0.419) 0.460 0.548 0.352 

Locus 61 : Mnov_gtseq_196 
2 alleles
0.3% missing data
   0   (0.330) 0.164 0.420 0.336 
   1   (0.670) 0.836 0.580 0.664 

Locus 62 : Mnov_gtseq_197 
3 alleles
0.3% missing data
   1   (0.382) 0.322 0.411 0.376 
   0   (0.410) 0.583 0.472 0.340 
   2   (0.208) 0.096 0.117 0.285 

Locus 63 : Mnov_gtseq_2 
2 alleles
0.3% missing data
   0   (0.208) 0.232 0.082 0.249 
   1   (0.792) 0.768 0.918 0.751 

Locus 64 : Mnov_gtseq_200 
2 alleles
2.8% missing data
   0   (0.395) 0.612 0.328 0.355 
   1   (0.605) 0.388 0.672 0.645 

Locus 65 : Mnov_gtseq_201 
2 alleles
0.0% missing data
   0   (0.873) 0.978 0.768 0.883 
   1   (0.127) 0.022 0.232 0.117 

Locus 66 : Mnov_gtseq_202 
2 alleles
0.0% missing data
   0   (0.411) 0.528 0.433 0.359 
   1   (0.589) 0.472 0.567 0.641 

Locus 67 : Mnov_gtseq_204 
2 alleles
3.9% missing data
   0   (0.441) 0.513 0.450 0.409 
   1   (0.559) 0.487 0.550 0.591 

Locus 68 : Mnov_gtseq_205 
3 alleles
0.0% missing data
   0   (0.218) 0.202 0.255 0.189 
   2   (0.717) 0.736 0.722 0.762 
   1   (0.064) 0.062 0.023 0.050 

Locus 69 : Mnov_gtseq_208 
2 alleles
0.0% missing data
   0   (0.642) 0.441 0.719 0.676 
   1   (0.358) 0.559 0.281 0.324 

Locus 70 : Mnov_gtseq_209 
2 alleles
0.0% missing data
   0   (0.434) 0.564 0.414 0.403 
   1   (0.566) 0.436 0.586 0.597 

Locus 71 : Mnov_gtseq_21 
2 alleles
0.0% missing data
   1   (0.552) 0.357 0.596 0.594 
   0   (0.448) 0.643 0.404 0.406 

Locus 72 : Mnov_gtseq_210 
2 alleles
5.0% missing data
   0   (0.389) 0.227 0.531 0.375 
   1   (0.611) 0.773 0.469 0.625 

Locus 73 : Mnov_gtseq_213 
2 alleles
5.6% missing data
   0   (0.511) 0.398 0.564 0.522 
   1   (0.489) 0.602 0.436 0.478 

Locus 74 : Mnov_gtseq_214 
2 alleles
5.3% missing data
   0   (0.522) 0.700 0.511 0.474 
   1   (0.478) 0.300 0.489 0.526 

Locus 75 : Mnov_gtseq_215 
2 alleles
0.0% missing data
   0   (0.443) 0.555 0.383 0.435 
   1   (0.557) 0.445 0.617 0.565 

Locus 76 : Mnov_gtseq_216 
2 alleles
0.0% missing data
   1   (0.544) 0.659 0.416 0.566 
   0   (0.456) 0.341 0.584 0.434 

Locus 77 : Mnov_gtseq_217 
2 alleles
24.4% missing data
   0   (0.321) 0.193 0.316 0.348 
   1   (0.679) 0.807 0.684 0.652 

Locus 78 : Mnov_gtseq_218 
2 alleles
0.3% missing data
   0   (0.631) 0.760 0.431 0.679 
   1   (0.369) 0.240 0.569 0.321 

Locus 79 : Mnov_gtseq_22 
2 alleles
3.9% missing data
   1   (0.576) 0.725 0.573 0.535 
   0   (0.424) 0.275 0.427 0.465 

Locus 80 : Mnov_gtseq_220 
2 alleles
0.3% missing data
   0   (0.533) 0.644 0.474 0.528 
   1   (0.467) 0.356 0.526 0.472 

Locus 81 : Mnov_gtseq_222 
2 alleles
14.3% missing data
   0   (0.561) 0.660 0.281 0.657 
   1   (0.439) 0.340 0.719 0.343 

Locus 82 : Mnov_gtseq_223 
2 alleles
2.5% missing data
   0   (0.637) 0.632 0.719 0.618 
   1   (0.363) 0.368 0.281 0.382 

Locus 83 : Mnov_gtseq_225 
2 alleles
0.0% missing data
   0   (0.506) 0.483 0.595 0.474 
   1   (0.494) 0.517 0.405 0.526 

Locus 84 : Mnov_gtseq_227 
2 alleles
0.3% missing data
   0   (0.528) 0.642 0.429 0.538 
   1   (0.472) 0.358 0.571 0.462 

Locus 85 : Mnov_gtseq_229 
2 alleles
0.8% missing data
   1   (0.537) 0.636 0.520 0.518 
   0   (0.463) 0.364 0.480 0.482 

Locus 86 : Mnov_gtseq_230 
2 alleles
10.4% missing data
   0   (0.756) 0.876 0.721 0.754 
   1   (0.244) 0.124 0.279 0.246 

Locus 87 : Mnov_gtseq_232 
2 alleles
0.0% missing data
   0   (0.462) 0.661 0.456 0.404 
   1   (0.538) 0.339 0.544 0.596 

Locus 88 : Mnov_gtseq_234 
2 alleles
9.8% missing data
   0   (0.734) 0.828 0.706 0.738 
   1   (0.266) 0.172 0.294 0.262 

Locus 89 : Mnov_gtseq_235 
2 alleles
0.3% missing data
   0   (0.799) 0.885 0.712 0.828 
   1   (0.201) 0.115 0.288 0.172 

Locus 90 : Mnov_gtseq_237 
2 alleles
0.3% missing data
   0   (0.547) 0.722 0.456 0.536 
   1   (0.453) 0.278 0.544 0.464 

Locus 91 : Mnov_gtseq_238 
2 alleles
0.0% missing data
   0   (0.592) 0.767 0.643 0.517 
   1   (0.408) 0.233 0.357 0.483 

Locus 92 : Mnov_gtseq_239 
2 alleles
0.0% missing data
   0   (0.737) 0.747 0.685 0.779 
   1   (0.263) 0.253 0.315 0.221 

Locus 93 : Mnov_gtseq_240 
2 alleles
0.0% missing data
   1   (0.422) 0.398 0.324 0.462 
   0   (0.578) 0.602 0.676 0.538 

Locus 94 : Mnov_gtseq_241 
2 alleles
0.0% missing data
   0   (0.862) 0.849 0.814 0.912 
   1   (0.138) 0.151 0.186 0.088 

Locus 95 : Mnov_gtseq_243 
2 alleles
0.0% missing data
   0   (0.610) 0.596 0.499 0.667 
   1   (0.390) 0.404 0.501 0.333 

Locus 96 : Mnov_gtseq_244 
2 alleles
0.0% missing data
   0   (0.319) 0.406 0.365 0.265 
   1   (0.681) 0.594 0.635 0.735 

Locus 97 : Mnov_gtseq_245 
2 alleles
20.7% missing data
   1   (0.492) 0.609 0.535 0.438 
   0   (0.508) 0.391 0.465 0.562 

Locus 98 : Mnov_gtseq_246 
2 alleles
0.3% missing data
   0   (0.438) 0.485 0.487 0.399 
   1   (0.562) 0.515 0.513 0.601 

Locus 99 : Mnov_gtseq_247 
2 alleles
3.4% missing data
   0   (0.323) 0.196 0.231 0.391 
   1   (0.677) 0.804 0.769 0.609 

Locus 100 : Mnov_gtseq_248 
2 alleles
0.3% missing data
   0   (0.241) 0.374 0.103 0.262 
   1   (0.759) 0.626 0.897 0.738 

Locus 101 : Mnov_gtseq_25 
2 alleles
0.3% missing data
   0   (0.435) 0.591 0.463 0.376 
   1   (0.565) 0.409 0.537 0.624 

Locus 102 : Mnov_gtseq_250 
2 alleles
3.9% missing data
   0   (0.808) 0.712 0.731 0.877 
   1   (0.192) 0.288 0.269 0.123 

Locus 103 : Mnov_gtseq_251 
2 alleles
2.0% missing data
   1   (0.216) 0.197 0.127 0.239 
   0   (0.784) 0.803 0.873 0.761 

Locus 104 : Mnov_gtseq_253 
2 alleles
16.2% missing data
   0   (0.492) 0.514 0.375 0.534 
   1   (0.508) 0.486 0.625 0.466 

Locus 105 : Mnov_gtseq_254 
2 alleles
0.0% missing data
   1   (0.904) 0.987 0.935 0.872 
   0   (0.096) 0.013 0.065 0.128 

Locus 106 : Mnov_gtseq_255 
2 alleles
0.0% missing data
   0   (0.321) 0.455 0.388 0.244 
   1   (0.679) 0.545 0.612 0.756 

Locus 107 : Mnov_gtseq_257 
2 alleles
0.0% missing data
   0   (0.608) 0.492 0.740 0.592 
   1   (0.392) 0.508 0.260 0.408 

Locus 108 : Mnov_gtseq_258 
2 alleles
0.0% missing data
   0   (0.540) 0.612 0.399 0.581 
   1   (0.460) 0.388 0.601 0.419 

Locus 109 : Mnov_gtseq_26 
2 alleles
0.0% missing data
   1   (0.891) 0.962 0.920 0.890 
   0   (0.109) 0.038 0.080 0.110 

Locus 110 : Mnov_gtseq_260 
2 alleles
0.3% missing data
   0   (0.751) 0.760 0.839 0.732 
   1   (0.249) 0.240 0.161 0.268 

Locus 111 : Mnov_gtseq_261 
2 alleles
0.6% missing data
   0   (0.501) 0.532 0.441 0.515 
   1   (0.499) 0.468 0.559 0.485 

Locus 112 : Mnov_gtseq_262 
2 alleles
3.1% missing data
   0   (0.420) 0.522 0.381 0.395 
   1   (0.580) 0.478 0.619 0.605 

Locus 113 : Mnov_gtseq_263 
2 alleles
0.0% missing data
   1   (0.840) 0.906 0.748 0.882 
   0   (0.160) 0.094 0.252 0.118 

Locus 114 : Mnov_gtseq_265 
2 alleles
0.0% missing data
   0   (0.461) 0.579 0.325 0.486 
   1   (0.539) 0.421 0.675 0.514 

Locus 115 : Mnov_gtseq_268 
2 alleles
0.0% missing data
   0   (0.607) 0.659 0.437 0.671 
   1   (0.393) 0.341 0.563 0.329 

Locus 116 : Mnov_gtseq_269 
2 alleles
1.1% missing data
   1   (0.492) 0.436 0.481 0.508 
   0   (0.508) 0.564 0.519 0.492 

Locus 117 : Mnov_gtseq_270 
2 alleles
11.8% missing data
   1   (0.780) 0.791 0.802 0.797 
   0   (0.220) 0.209 0.198 0.203 

Locus 118 : Mnov_gtseq_271 
2 alleles
10.9% missing data
   0   (0.631) 0.615 0.631 0.652 
   1   (0.369) 0.385 0.369 0.348 

Locus 119 : Mnov_gtseq_273 
2 alleles
1.4% missing data
   1   (0.520) 0.587 0.552 0.492 
   0   (0.480) 0.413 0.448 0.508 

Locus 120 : Mnov_gtseq_274 
2 alleles
0.0% missing data
   1   (0.523) 0.401 0.475 0.578 
   0   (0.477) 0.599 0.525 0.422 

Locus 121 : Mnov_gtseq_275 
2 alleles
13.7% missing data
   1   (0.778) 0.723 0.758 0.825 
   0   (0.222) 0.277 0.242 0.175 

Locus 122 : Mnov_gtseq_277 
2 alleles
0.0% missing data
   0   (0.794) 0.861 0.870 0.764 
   1   (0.206) 0.139 0.130 0.236 

Locus 123 : Mnov_gtseq_278 
2 alleles
1.1% missing data
   0   (0.885) 0.969 0.836 0.896 
   1   (0.115) 0.031 0.164 0.104 

Locus 124 : Mnov_gtseq_28 
2 alleles
0.3% missing data
   0   (0.765) 0.800 0.817 0.760 
   1   (0.235) 0.200 0.183 0.240 

Locus 125 : Mnov_gtseq_284 
2 alleles
0.0% missing data
   1   (0.626) 0.629 0.719 0.597 
   0   (0.374) 0.371 0.281 0.403 

Locus 126 : Mnov_gtseq_285 
2 alleles
0.0% missing data
   1   (0.766) 0.673 0.815 0.794 
   0   (0.234) 0.327 0.185 0.206 

Locus 127 : Mnov_gtseq_287 
2 alleles
0.0% missing data
   0   (0.801) 0.670 0.805 0.853 
   1   (0.199) 0.330 0.195 0.147 

Locus 128 : Mnov_gtseq_288 
2 alleles
16.2% missing data
   0   (0.627) 0.671 0.578 0.646 
   1   (0.373) 0.329 0.422 0.354 

Locus 129 : Mnov_gtseq_289 
2 alleles
0.0% missing data
   0   (0.461) 0.448 0.443 0.467 
   1   (0.539) 0.552 0.557 0.533 

Locus 130 : Mnov_gtseq_291 
2 alleles
0.3% missing data
   1   (0.712) 0.623 0.724 0.752 
   0   (0.288) 0.377 0.276 0.248 

Locus 131 : Mnov_gtseq_297 
2 alleles
0.0% missing data
   0   (0.663) 0.768 0.599 0.672 
   1   (0.337) 0.232 0.401 0.328 

Locus 132 : Mnov_gtseq_298 
2 alleles
36.4% missing data
   1   (0.597) 0.778 0.572 0.555 
   0   (0.403) 0.222 0.428 0.445 

Locus 133 : Mnov_gtseq_299 
2 alleles
1.1% missing data
   1   (0.580) 0.491 0.581 0.612 
   0   (0.420) 0.509 0.419 0.388 

Locus 134 : Mnov_gtseq_30 
3 alleles
16.2% missing data
   1   (0.546) 0.403 0.662 0.547 
   2   (0.433) 0.595 0.326 0.442 
   0   (0.021) 0.001 0.011 0.011 

Locus 135 : Mnov_gtseq_300 
2 alleles
5.6% missing data
   0   (0.608) 0.611 0.562 0.632 
   1   (0.392) 0.389 0.438 0.368 

Locus 136 : Mnov_gtseq_301 
3 alleles
5.6% missing data
   0   (0.383) 0.317 0.488 0.364 
   2   (0.398) 0.511 0.331 0.407 
   1   (0.219) 0.172 0.181 0.228 

Locus 137 : Mnov_gtseq_304 
2 alleles
28.9% missing data
   0   (0.848) 0.854 0.905 0.852 
   1   (0.152) 0.146 0.095 0.148 

Locus 138 : Mnov_gtseq_305 
2 alleles
9.2% missing data
   0   (0.881) 0.961 0.833 0.896 
   1   (0.119) 0.039 0.167 0.104 

Locus 139 : Mnov_gtseq_307 
2 alleles
2.5% missing data
   1   (0.507) 0.465 0.490 0.527 
   0   (0.493) 0.535 0.510 0.473 

Locus 140 : Mnov_gtseq_308 
2 alleles
0.0% missing data
   0   (0.605) 0.630 0.632 0.596 
   1   (0.395) 0.370 0.368 0.404 

Locus 141 : Mnov_gtseq_309 
3 alleles
2.5% missing data
   0   (0.352) 0.482 0.321 0.330 
   1   (0.587) 0.415 0.661 0.627 
   2   (0.062) 0.104 0.019 0.043 

Locus 142 : Mnov_gtseq_310 
2 alleles
10.4% missing data
   0   (0.859) 0.964 0.744 0.878 
   1   (0.141) 0.036 0.256 0.122 

Locus 143 : Mnov_gtseq_311 
2 alleles
1.7% missing data
   1   (0.665) 0.690 0.780 0.623 
   0   (0.335) 0.310 0.220 0.377 

Locus 144 : Mnov_gtseq_312 
2 alleles
0.0% missing data
   0   (0.483) 0.406 0.655 0.428 
   1   (0.517) 0.594 0.345 0.572 

Locus 145 : Mnov_gtseq_313 
2 alleles
0.8% missing data
   1   (0.758) 0.794 0.830 0.740 
   0   (0.242) 0.206 0.170 0.260 

Locus 146 : Mnov_gtseq_314 
2 alleles
0.0% missing data
   0   (0.488) 0.418 0.580 0.470 
   1   (0.512) 0.582 0.420 0.530 

Locus 147 : Mnov_gtseq_315 
2 alleles
1.4% missing data
   0   (0.496) 0.524 0.493 0.494 
   1   (0.504) 0.476 0.507 0.506 

Locus 148 : Mnov_gtseq_317 
2 alleles
24.6% missing data
   0   (0.507) 0.578 0.455 0.511 
   1   (0.493) 0.422 0.545 0.489 

Locus 149 : Mnov_gtseq_318 
2 alleles
5.0% missing data
   0   (0.437) 0.448 0.492 0.406 
   1   (0.563) 0.552 0.508 0.594 

Locus 150 : Mnov_gtseq_320 
2 alleles
6.2% missing data
   0   (0.666) 0.574 0.718 0.681 
   1   (0.334) 0.426 0.282 0.319 

Locus 151 : Mnov_gtseq_321 
2 alleles
0.0% missing data
   0   (0.102) 0.041 0.235 0.062 
   1   (0.898) 0.959 0.765 0.938 

Locus 152 : Mnov_gtseq_322 
2 alleles
1.4% missing data
   1   (0.504) 0.556 0.547 0.472 
   0   (0.496) 0.444 0.453 0.528 

Locus 153 : Mnov_gtseq_323 
2 alleles
0.0% missing data
   0   (0.411) 0.270 0.475 0.413 
   1   (0.589) 0.730 0.525 0.587 

Locus 154 : Mnov_gtseq_326 
2 alleles
3.4% missing data
   0   (0.615) 0.381 0.694 0.655 
   1   (0.385) 0.619 0.306 0.345 

Locus 155 : Mnov_gtseq_327 
2 alleles
3.4% missing data
   0   (0.771) 0.671 0.943 0.693 
   1   (0.229) 0.329 0.057 0.307 

Locus 156 : Mnov_gtseq_328 
2 alleles
0.0% missing data
   1   (0.666) 0.611 0.615 0.721 
   0   (0.334) 0.389 0.385 0.279 

Locus 157 : Mnov_gtseq_33 
2 alleles
0.0% missing data
   0   (0.603) 0.711 0.554 0.597 
   1   (0.397) 0.289 0.446 0.403 

Locus 158 : Mnov_gtseq_332 
2 alleles
12.0% missing data
   0   (0.365) 0.250 0.244 0.450 
   1   (0.635) 0.750 0.756 0.550 

Locus 159 : Mnov_gtseq_333 
2 alleles
3.6% missing data
   1   (0.675) 0.799 0.597 0.681 
   0   (0.325) 0.201 0.403 0.319 

Locus 160 : Mnov_gtseq_334 
2 alleles
0.0% missing data
   0   (0.779) 0.660 0.776 0.835 
   1   (0.221) 0.340 0.224 0.165 

Locus 161 : Mnov_gtseq_335 
2 alleles
0.0% missing data
   1   (0.680) 0.602 0.658 0.727 
   0   (0.320) 0.398 0.342 0.273 

Locus 162 : Mnov_gtseq_337 
3 alleles
15.4% missing data
   2   (0.231) 0.433 0.122 0.218 
   0   (0.502) 0.341 0.704 0.482 
   1   (0.266) 0.226 0.174 0.300 

Locus 163 : Mnov_gtseq_338 
2 alleles
0.3% missing data
   0   (0.425) 0.317 0.416 0.452 
   1   (0.575) 0.683 0.584 0.548 

Locus 164 : Mnov_gtseq_339 
2 alleles
0.3% missing data
   0   (0.538) 0.480 0.579 0.541 
   1   (0.462) 0.520 0.421 0.459 

Locus 165 : Mnov_gtseq_340 
2 alleles
2.0% missing data
   0   (0.517) 0.546 0.638 0.461 
   1   (0.483) 0.454 0.362 0.539 

Locus 166 : Mnov_gtseq_341 
2 alleles
0.0% missing data
   1   (0.796) 0.926 0.671 0.816 
   0   (0.204) 0.074 0.329 0.184 

Locus 167 : Mnov_gtseq_342 
2 alleles
13.4% missing data
   0   (0.541) 0.319 0.613 0.582 
   1   (0.459) 0.681 0.387 0.418 

Locus 168 : Mnov_gtseq_344 
2 alleles
