

----------------------------------------------------
STRUCTURE by Pritchard, Stephens and Donnelly (2000)
     and Falush, Stephens and Pritchard (2003)
       Code by Pritchard, Falush and Hubisz
             Version 2.3.4 (Jul 2012)
----------------------------------------------------



Command line arguments:   structure -m wint.area.structureRun/wint.area.structureRun.k3.r5_mainparams -e wint.area.structureRun/wint.area.structureRun.k3.r5_extraparams -i wint.area.structureRun/wint.area.structureRun.k3.r5_data -o wint.area.structureRun/wint.area.structureRun.k3.r5_out 
Input File:    wint.area.structureRun/wint.area.structureRun.k3.r5_data

Run parameters:
   357 individuals
   328 loci
   3 populations assumed
   1000 Burn-in period
   10000 Reps


--------------------------------------------
Proportion of membership of each pre-defined
 population in each of the 3 clusters

Given    Inferred Clusters       Number of
 Pop       1      2      3      Individuals

  1:     0.506  0.167  0.327       80
  2:     0.187  0.558  0.255      126
  3:     0.385  0.245  0.370      115
  4:     0.265  0.384  0.351       27
  5:     0.115  0.106  0.779        9
--------------------------------------------

Allele-freq. divergence among pops (Net nucleotide distance),
computed using point estimates of P.

      1       2       3      
 1      -    0.0282  0.0126  
 2   0.0282     -    0.0190  
 3   0.0126  0.0190     -    

Average distances (expected heterozygosity) between individuals in same cluster:
cluster  1  : 0.4169 
cluster  2  : 0.4060 
cluster  3  : 0.4164 

--------------------------------------------
Estimated Ln Prob of Data   = -134304.5
Mean value of ln likelihood = -133790.7
Variance of ln likelihood   = 1027.6
Mean value of alpha         = 1.0000

Mean value of Fst_1         = 0.0661
Mean value of Fst_2         = 0.0956
Mean value of Fst_3         = 0.0300


Inferred ancestry of individuals:
        Label (%Miss) Pop:  Inferred clusters
  1   207778    (2)    2 :  0.213 0.575 0.212 
  2 z0005757    (7)    3 :  0.280 0.327 0.394 
  3 z0005758    (0)    3 :  0.473 0.108 0.419 
  4 z0011944    (0)    1 :  0.067 0.167 0.765 
  5 z0012702   (10)    4 :  0.064 0.813 0.123 
  6 z0016577    (2)    3 :  0.276 0.368 0.356 
  7 z0016578   (21)    1 :  0.558 0.088 0.353 
  8 z0016579    (1)    3 :  0.256 0.202 0.542 
  9 z0018264    (0)    1 :  0.095 0.232 0.673 
 10 z0029828    (2)    3 :  0.610 0.249 0.141 
 11 z0029829   (14)    1 :  0.692 0.168 0.140 
 12 z0029846   (14)    1 :  0.270 0.162 0.568 
 13 z0029860    (1)    3 :  0.712 0.142 0.146 
 14 z0029863    (2)    1 :  0.145 0.134 0.721 
 15 z0029864    (8)    1 :  0.330 0.134 0.536 
 16 z0029865   (13)    3 :  0.421 0.110 0.470 
 17 z0037607    (2)    3 :  0.192 0.259 0.549 
 18 z0037609   (25)    3 :  0.242 0.142 0.616 
 19 z0037624   (21)    1 :  0.512 0.250 0.238 
 20 z0038417    (8)    2 :  0.086 0.738 0.176 
 21 z0040275    (9)    2 :  0.094 0.570 0.336 
 22 z0040287    (3)    2 :  0.188 0.410 0.403 
 23 z0040308    (1)    2 :  0.151 0.677 0.172 
 24 z0040333    (1)    2 :  0.233 0.581 0.186 
 25 z0040334    (1)    2 :  0.055 0.860 0.085 
 26 z0040337    (6)    2 :  0.267 0.426 0.307 
 27 z0040345    (1)    2 :  0.057 0.700 0.243 
 28 z0040357    (5)    2 :  0.129 0.643 0.228 
 29 z0040363   (20)    2 :  0.256 0.575 0.170 
 30 z0040364    (0)    2 :  0.111 0.765 0.124 
 31 z0040387    (1)    2 :  0.171 0.664 0.165 
 32 z0040403   (15)    2 :  0.185 0.530 0.285 
 33 z0040413   (43)    2 :  0.126 0.616 0.258 
 34 z0040439    (0)    2 :  0.052 0.822 0.127 
 35 z0040465   (20)    2 :  0.262 0.425 0.312 
 36 z0040513   (17)    3 :  0.423 0.400 0.177 
 37 z0040961   (12)    2 :  0.135 0.531 0.334 
 38 z0040985   (16)    2 :  0.112 0.423 0.465 
 39 z0041026    (0)    2 :  0.197 0.702 0.101 
 40 z0041051   (28)    2 :  0.091 0.498 0.411 
 41 z0041115    (7)    2 :  0.209 0.649 0.141 
 42 z0041153   (23)    2 :  0.172 0.387 0.441 
 43 z0041233    (4)    2 :  0.274 0.462 0.264 
 44 z0041243    (1)    2 :  0.158 0.435 0.406 
 45 z0041248    (6)    2 :  0.176 0.661 0.163 
 46 z0041250    (1)    2 :  0.084 0.700 0.216 
 47 z0041274    (2)    2 :  0.156 0.515 0.328 
 48 z0041465   (15)    2 :  0.280 0.611 0.109 
 49 z0041472    (2)    2 :  0.277 0.615 0.107 
 50 z0041480   (10)    2 :  0.333 0.413 0.253 
 51 z0041483    (0)    2 :  0.129 0.727 0.144 
 52 z0041494   (12)    2 :  0.142 0.642 0.216 
 53 z0041498    (1)    2 :  0.237 0.552 0.211 
 54 z0041501    (1)    2 :  0.070 0.810 0.121 
 55 z0041507    (7)    2 :  0.145 0.663 0.192 
 56 z0041512    (0)    2 :  0.133 0.762 0.105 
 57 z0041522   (17)    2 :  0.243 0.581 0.176 
 58 z0041526    (1)    3 :  0.201 0.607 0.191 
 59 z0041527   (16)    2 :  0.196 0.601 0.203 
 60 z0043243    (2)    2 :  0.375 0.167 0.458 
 61 z0043278    (2)    2 :  0.108 0.773 0.119 
 62 z0043475   (17)    3 :  0.320 0.424 0.257 
 63 z0043477    (0)    2 :  0.172 0.465 0.363 
 64 z0043478    (2)    2 :  0.094 0.842 0.064 
 65 z0043481    (0)    2 :  0.178 0.637 0.184 
 66 z0043489    (7)    2 :  0.062 0.747 0.190 
 67 z0043491   (13)    2 :  0.137 0.481 0.383 
 68 z0043493    (3)    2 :  0.083 0.426 0.491 
 69 z0043494    (2)    2 :  0.176 0.429 0.394 
 70 z0043498    (2)    2 :  0.176 0.744 0.079 
 71 z0043504    (7)    2 :  0.134 0.428 0.438 
 72 z0043526    (3)    4 :  0.183 0.464 0.353 
 73 z0043566    (3)    2 :  0.167 0.585 0.248 
 74 z0043572    (0)    2 :  0.225 0.629 0.145 
 75 z0043599    (5)    2 :  0.231 0.490 0.279 
 76 z0043642    (1)    2 :  0.302 0.427 0.270 
 77 z0043649    (1)    2 :  0.097 0.741 0.162 
 78 z0043652    (1)    2 :  0.210 0.359 0.432 
 79 z0043668    (1)    2 :  0.369 0.416 0.215 
 80 z0043674    (1)    4 :  0.493 0.078 0.429 
 81 z0043686    (1)    2 :  0.238 0.426 0.335 
 82 z0043693    (1)    2 :  0.299 0.489 0.212 
 83 z0043704   (15)    2 :  0.086 0.732 0.182 
 84 z0043807    (1)    2 :  0.242 0.553 0.205 
 85 z0043819    (1)    2 :  0.233 0.289 0.478 
 86 z0043876    (7)    2 :  0.419 0.316 0.265 
 87 z0043877   (33)    2 :  0.309 0.489 0.202 
 88 z0043891   (21)    4 :  0.344 0.254 0.402 
 89 z0043915   (33)    2 :  0.232 0.393 0.375 
 90 z0043940   (10)    2 :  0.179 0.135 0.686 
 91 z0043954    (2)    2 :  0.178 0.376 0.446 
 92 z0043966    (5)    2 :  0.149 0.704 0.147 
 93 z0043980    (0)    2 :  0.346 0.481 0.174 
 94 z0043994    (1)    3 :  0.101 0.785 0.114 
 95 z0044017   (12)    2 :  0.118 0.463 0.419 
 96 z0044019   (14)    2 :  0.252 0.547 0.201 
 97 z0044023   (36)    2 :  0.155 0.756 0.088 
 98 z0044033    (0)    2 :  0.070 0.882 0.048 
 99 z0044042    (3)    2 :  0.134 0.765 0.101 
100 z0044047   (25)    2 :  0.109 0.654 0.237 
101 z0044064   (13)    2 :  0.099 0.543 0.358 
102 z0044432   (14)    2 :  0.354 0.448 0.198 
103 z0045326    (0)    3 :  0.484 0.206 0.309 
104 z0045331    (5)    1 :  0.485 0.215 0.300 
105 z0045332    (2)    1 :  0.301 0.266 0.433 
106 z0045333    (6)    1 :  0.624 0.153 0.223 
107 z0045337    (5)    1 :  0.685 0.168 0.147 
108 z0045342   (13)    1 :  0.599 0.261 0.140 
109 z0045347    (1)    3 :  0.212 0.198 0.590 
110 z0045350    (0)    1 :  0.281 0.176 0.542 
111 z0045370    (1)    1 :  0.829 0.046 0.126 
112 z0045371    (1)    3 :  0.241 0.229 0.530 
113 z0045398    (1)    3 :  0.483 0.079 0.438 
114 z0045399    (1)    3 :  0.355 0.094 0.551 
115 z0045401   (26)    1 :  0.351 0.259 0.390 
116 z0045404    (0)    3 :  0.653 0.093 0.253 
117 z0045405    (5)    3 :  0.254 0.092 0.655 
118 z0045407    (2)    3 :  0.231 0.138 0.631 
119 z0045719    (0)    2 :  0.111 0.717 0.172 
120 z0045720    (1)    2 :  0.234 0.449 0.317 
121 z0045728    (1)    2 :  0.188 0.662 0.150 
122 z0045731    (1)    2 :  0.124 0.466 0.410 
123 z0045733    (0)    2 :  0.343 0.430 0.227 
124 z0045736    (1)    2 :  0.181 0.325 0.494 
125 z0045739    (1)    2 :  0.261 0.237 0.502 
126 z0045740    (1)    2 :  0.078 0.738 0.185 
127 z0045741    (0)    2 :  0.102 0.713 0.185 
128 z0045742    (0)    2 :  0.224 0.612 0.164 
129 z0045776    (1)    3 :  0.198 0.520 0.282 
130 z0045779    (0)    2 :  0.155 0.765 0.080 
131 z0045781    (0)    2 :  0.115 0.591 0.294 
132 z0045788    (5)    2 :  0.075 0.779 0.146 
133 z0045789    (2)    2 :  0.127 0.751 0.122 
134 z0045791    (5)    2 :  0.166 0.637 0.197 
135 z0045792   (23)    1 :  0.411 0.356 0.232 
136 z0045793    (0)    3 :  0.650 0.256 0.095 
137 z0047562   (15)    2 :  0.162 0.625 0.212 
138 z0047854    (1)    2 :  0.138 0.500 0.363 
139 z0051185    (1)    1 :  0.495 0.085 0.420 
140 z0051324    (6)    1 :  0.709 0.116 0.175 
141 z0051326    (0)    1 :  0.688 0.112 0.200 
142 z0051327    (4)    3 :  0.273 0.397 0.331 
143 z0051328    (3)    1 :  0.640 0.206 0.154 
144 z0051380    (0)    1 :  0.647 0.057 0.296 
145 z0051400    (0)    3 :  0.482 0.285 0.233 
146 z0051431   (23)    3 :  0.213 0.472 0.314 
147 z0051840   (34)    2 :  0.189 0.633 0.178 
148 z0051844   (27)    2 :  0.095 0.519 0.386 
149 z0051875   (29)    3 :  0.534 0.189 0.277 
150 z0051885    (8)    3 :  0.172 0.583 0.245 
151 z0051888    (1)    2 :  0.372 0.525 0.103 
152 z0051891    (1)    1 :  0.327 0.269 0.405 
153 z0051893    (4)    1 :  0.677 0.173 0.150 
154 z0051895    (0)    3 :  0.675 0.159 0.165 
155 z0051918    (1)    3 :  0.095 0.460 0.445 
156 z0051929    (1)    1 :  0.680 0.151 0.170 
157 z0051939   (12)    3 :  0.311 0.421 0.268 
158 z0051947    (3)    1 :  0.774 0.126 0.100 
159 z0051959    (2)    3 :  0.234 0.291 0.476 
160 z0052846    (0)    4 :  0.289 0.413 0.298 
161 z0052882    (1)    2 :  0.363 0.436 0.201 
162 z0053020   (22)    2 :  0.092 0.517 0.391 
163 z0053024   (13)    2 :  0.301 0.340 0.359 
164 z0053025    (5)    2 :  0.080 0.769 0.151 
165 z0053031    (0)    2 :  0.236 0.355 0.408 
166 z0053032    (1)    2 :  0.202 0.519 0.279 
167 z0053040    (5)    2 :  0.229 0.482 0.289 
168 z0053051    (1)    3 :  0.281 0.144 0.575 
169 z0053054    (6)    3 :  0.497 0.163 0.340 
170 z0053071    (3)    2 :  0.175 0.711 0.114 
171 z0053073    (2)    2 :  0.257 0.217 0.526 
172 z0053078    (1)    3 :  0.056 0.423 0.521 
173 z0053082    (2)    3 :  0.254 0.605 0.141 
174 z0053083   (12)    2 :  0.230 0.511 0.259 
175 z0053090   (11)    3 :  0.104 0.549 0.348 
176 z0053096    (0)    2 :  0.064 0.748 0.188 
177 z0053100    (8)    2 :  0.147 0.607 0.246 
178 z0053101    (0)    2 :  0.124 0.544 0.331 
179 z0053102    (9)    2 :  0.195 0.638 0.167 
180 z0053103    (1)    2 :  0.083 0.834 0.082 
181 z0053111    (2)    3 :  0.359 0.198 0.443 
182 z0053131    (0)    2 :  0.339 0.468 0.193 
183 z0053132    (0)    2 :  0.068 0.486 0.447 
184 z0053133    (1)    2 :  0.273 0.206 0.521 
185 z0053138    (0)    2 :  0.394 0.359 0.247 
186 z0053142    (3)    2 :  0.230 0.593 0.178 
187 z0053149    (1)    2 :  0.121 0.619 0.260 
188 z0053754    (1)    1 :  0.324 0.149 0.527 
189 z0053756    (2)    1 :  0.278 0.127 0.595 
190 z0053758   (17)    1 :  0.689 0.083 0.228 
191 z0053759    (1)    1 :  0.629 0.117 0.255 
192 z0053760    (0)    1 :  0.322 0.155 0.523 
193 z0053842    (2)    1 :  0.259 0.208 0.533 
194 z0053843    (6)    1 :  0.779 0.117 0.104 
195 z0053844    (9)    1 :  0.540 0.201 0.259 
196 z0053846    (3)    1 :  0.856 0.071 0.074 
197 z0053847    (1)    1 :  0.701 0.210 0.090 
198 z0053849    (1)    1 :  0.168 0.136 0.696 
199 z0055903    (1)    4 :  0.232 0.279 0.488 
200 z0055910   (35)    4 :  0.279 0.449 0.271 
201 z0055912    (7)    4 :  0.108 0.345 0.546 
202 z0055916   (17)    4 :  0.234 0.240 0.526 
203 z0055931    (4)    4 :  0.109 0.778 0.113 
204 z0055944    (4)    4 :  0.243 0.348 0.409 
205 z0055947   (10)    4 :  0.201 0.286 0.513 
206 z0055962    (6)    4 :  0.216 0.398 0.386 
207 z0055963   (21)    4 :  0.337 0.447 0.215 
208 z0055965   (26)    4 :  0.258 0.100 0.642 
209 z0055970   (16)    4 :  0.305 0.444 0.252 
210 z0055971    (8)    4 :  0.382 0.310 0.308 
211 z0055977    (6)    4 :  0.195 0.555 0.251 
212 z0055986   (21)    4 :  0.491 0.276 0.233 
213 z0055990    (7)    4 :  0.167 0.619 0.214 
214 z0055996    (3)    4 :  0.404 0.369 0.227 
215 z0055997    (4)    4 :  0.362 0.507 0.132 
216 z0055998    (5)    4 :  0.170 0.196 0.634 
217 z0055999    (3)    4 :  0.481 0.199 0.320 
218 z0056011    (9)    4 :  0.215 0.244 0.540 
219 z0056029    (5)    4 :  0.297 0.381 0.322 
220 z0056034    (2)    4 :  0.108 0.564 0.328 
221 z0056056   (26)    3 :  0.379 0.286 0.334 
222 z0056058    (5)    3 :  0.734 0.065 0.201 
223 z0056059    (8)    3 :  0.261 0.202 0.537 
224 z0056062    (1)    3 :  0.265 0.392 0.343 
225 z0056063    (4)    3 :  0.462 0.203 0.335 
226 z0056064    (0)    3 :  0.355 0.175 0.470 
227 z0056065    (0)    3 :  0.566 0.148 0.286 
228 z0056069    (1)    3 :  0.182 0.519 0.299 
229 z0056073    (0)    3 :  0.491 0.110 0.399 
230 z0056076    (5)    3 :  0.554 0.308 0.137 
231 z0056079   (10)    3 :  0.430 0.085 0.485 
232 z0056085    (1)    3 :  0.559 0.136 0.305 
233 z0056092    (1)    3 :  0.342 0.147 0.511 
234 z0056095    (1)    3 :  0.434 0.176 0.390 
235 z0056103    (8)    3 :  0.416 0.091 0.493 
236 z0056374    (8)    1 :  0.566 0.089 0.345 
237 z0056375    (0)    1 :  0.699 0.109 0.192 
238 z0056377    (0)    1 :  0.283 0.121 0.596 
239 z0056378    (2)    1 :  0.658 0.230 0.111 
240 z0056382    (1)    1 :  0.828 0.085 0.087 
241 z0056384    (3)    1 :  0.452 0.214 0.334 
242 z0056386    (8)    1 :  0.757 0.070 0.173 
243 z0056389    (1)    1 :  0.810 0.065 0.125 
244 z0056391    (2)    1 :  0.919 0.025 0.056 
245 z0056392   (12)    1 :  0.736 0.101 0.163 
246 z0056393    (9)    1 :  0.330 0.236 0.434 
247 z0056394    (1)    1 :  0.545 0.135 0.319 
248 z0056395    (2)    1 :  0.347 0.219 0.433 
249 z0056397    (1)    1 :  0.231 0.325 0.444 
250 z0061527    (3)    3 :  0.228 0.552 0.219 
251 z0061967    (1)    3 :  0.387 0.301 0.313 
252 z0061969    (1)    3 :  0.309 0.469 0.222 
253 z0061980    (1)    1 :  0.486 0.293 0.220 
254 z0066166    (3)    3 :  0.434 0.154 0.413 
255 z0066792    (2)    1 :  0.178 0.139 0.683 
256 z0066805    (2)    1 :  0.122 0.139 0.739 
257 z0068471    (3)    3 :  0.417 0.154 0.430 
258 z0075696    (7)    5 :  0.083 0.116 0.800 
259 z0101084    (8)    1 :  0.749 0.159 0.092 
260 z0107099    (3)    3 :  0.759 0.052 0.189 
261 z0107101    (0)    1 :  0.903 0.043 0.054 
262 z0108489    (1)    1 :  0.237 0.361 0.403 
263 z0108513    (0)    1 :  0.779 0.130 0.091 
264 z0108528    (1)    3 :  0.342 0.334 0.324 
265 z0113628    (2)    3 :  0.136 0.245 0.619 
266 z0133302   (18)    1 :  0.533 0.292 0.175 
267 z0173485    (0)    1 :  0.234 0.388 0.378 
268 z0175371    (1)    3 :  0.134 0.303 0.563 
269 z0175378    (0)    2 :  0.158 0.749 0.094 
270 z0175912    (6)    1 :  0.429 0.190 0.381 
271 z0175916    (3)    1 :  0.277 0.425 0.298 
272 z0175937    (1)    1 :  0.614 0.138 0.247 
273 z0178348   (13)    1 :  0.540 0.122 0.338 
274 z0187857    (3)    1 :  0.690 0.186 0.124 
275 z0187860    (0)    1 :  0.383 0.310 0.307 
276 z0187885    (0)    2 :  0.152 0.489 0.359 
277 z0187906   (10)    1 :  0.237 0.238 0.525 
278 z0195655    (0)    2 :  0.091 0.816 0.094 
279 z0195663    (1)    3 :  0.114 0.587 0.298 
280 z0195683    (1)    3 :  0.661 0.145 0.194 
281 z0195687   (22)    3 :  0.607 0.069 0.324 
282 z0195688    (0)    2 :  0.170 0.405 0.425 
283 z0195691    (1)    3 :  0.105 0.132 0.763 
284 z0195699    (0)    3 :  0.350 0.155 0.495 
285 z0195701    (8)    3 :  0.609 0.175 0.216 
286 z0195702    (0)    3 :  0.299 0.274 0.427 
287 z0195704    (1)    3 :  0.423 0.226 0.351 
288 z0195705    (1)    3 :  0.100 0.591 0.309 
289 z0195711    (0)    3 :  0.149 0.099 0.751 
290 z0195716    (0)    3 :  0.333 0.159 0.508 
291 z0195718   (13)    3 :  0.569 0.091 0.340 
292 z0195725    (5)    3 :  0.346 0.373 0.281 
293 z0195726   (17)    1 :  0.173 0.130 0.697 
294 z0195728   (14)    3 :  0.831 0.055 0.114 
295 z0195732   (16)    3 :  0.455 0.092 0.453 
296 z0195737    (1)    3 :  0.260 0.523 0.217 
297 z0195740   (30)    3 :  0.279 0.211 0.511 
298 z0195751    (1)    3 :  0.682 0.120 0.198 
299 z0195762    (2)    3 :  0.297 0.097 0.606 
300 z0195784    (0)    3 :  0.636 0.112 0.252 
301 z0196686    (0)    5 :  0.074 0.063 0.863 
302 z0196687    (0)    5 :  0.102 0.129 0.769 
303 z0196689    (1)    5 :  0.071 0.122 0.808 
304 z0196690    (3)    5 :  0.280 0.103 0.617 
305 z0196691    (9)    5 :  0.095 0.124 0.781 
306 z0196692    (1)    5 :  0.132 0.113 0.755 
307 z0196693    (2)    5 :  0.116 0.080 0.804 
308 z0196694    (3)    5 :  0.082 0.104 0.814 
309 z0196710    (0)    3 :  0.262 0.312 0.426 
310 z0196715   (23)    3 :  0.514 0.105 0.381 
311 z0196719    (0)    3 :  0.300 0.161 0.539 
312 z0196724   (20)    3 :  0.553 0.232 0.215 
313 z0196725    (1)    3 :  0.551 0.167 0.282 
314 z0196729    (3)    3 :  0.421 0.243 0.336 
315 z0196730    (3)    1 :  0.595 0.150 0.255 
316 z0196731    (1)    3 :  0.530 0.074 0.396 
317 z0196733   (17)    1 :  0.462 0.108 0.430 
318 z0196734    (2)    3 :  0.369 0.329 0.302 
319 z0196739   (18)    3 :  0.510 0.344 0.146 
320 z0196740   (10)    3 :  0.420 0.150 0.430 
321 z0196746    (3)    1 :  0.670 0.184 0.145 
322 z0196751    (0)    3 :  0.482 0.249 0.269 
323 z0196752    (0)    3 :  0.324 0.115 0.560 
324 z0196754    (0)    3 :  0.631 0.165 0.205 
325 z0196758    (2)    1 :  0.540 0.138 0.321 
326 z0196763    (2)    3 :  0.278 0.141 0.581 
327 z0196764    (1)    3 :  0.416 0.209 0.375 
328 z0196766    (0)    3 :  0.486 0.185 0.330 
329 z0196769    (1)    3 :  0.639 0.138 0.223 
330 z0196774    (1)    3 :  0.507 0.112 0.382 
331 z0196783    (0)    1 :  0.888 0.042 0.070 
332 z0196794    (2)    1 :  0.828 0.055 0.117 
333 z0196804   (15)    1 :  0.513 0.138 0.349 
334 z0196809   (15)    3 :  0.190 0.070 0.740 
335 z0196810    (2)    1 :  0.319 0.131 0.550 
336 z0196811    (1)    1 :  0.342 0.064 0.593 
337 z0196824    (0)    3 :  0.275 0.339 0.386 
338 z0196825    (1)    3 :  0.466 0.341 0.193 
339 z0196828    (1)    2 :  0.465 0.237 0.298 
340 z0196829    (0)    3 :  0.253 0.203 0.544 
341 z0196834   (28)    3 :  0.496 0.274 0.231 
342 z0196835    (0)    3 :  0.760 0.157 0.083 
343 z0196838    (2)    1 :  0.203 0.060 0.737 
344 z0196841   (22)    3 :  0.543 0.135 0.322 
345 z0196843   (27)    3 :  0.575 0.135 0.290 
346 z0196849    (1)    3 :  0.534 0.153 0.313 
347 z0196852    (1)    2 :  0.198 0.377 0.425 
348 z0196855    (0)    2 :  0.231 0.296 0.473 
349 z0196856    (1)    3 :  0.202 0.245 0.553 
350 z0196857    (0)    2 :  0.393 0.511 0.096 
351 z0196864    (2)    3 :  0.155 0.458 0.388 
352 z0196894    (0)    3 :  0.340 0.100 0.560 
353 z0197662    (3)    1 :  0.253 0.367 0.380 
354 z0197665    (2)    1 :  0.719 0.118 0.163 
355 z0197668   (20)    3 :  0.170 0.165 0.665 
356 z0197669    (1)    3 :  0.184 0.430 0.386 
357 z0197672    (1)    3 :  0.512 0.224 0.264 


Estimated Allele Frequencies in each cluster
First column gives estimated ancestral frequencies


Locus 1 : HI.v.HI.SEAK 
5 alleles
66.2% missing data
   0   (0.193) 0.096 0.257 0.172 
   4   (0.434) 0.667 0.066 0.509 
   1   (0.167) 0.057 0.594 0.126 
   2   (0.047) 0.013 0.040 0.030 
   3   (0.160) 0.166 0.045 0.162 

Locus 2 : Mnov_gtseq_1 
2 alleles
0.0% missing data
   0   (0.417) 0.377 0.368 0.441 
   1   (0.583) 0.623 0.632 0.559 

Locus 3 : Mnov_gtseq_10 
2 alleles
0.3% missing data
   0   (0.813) 0.700 0.927 0.839 
   1   (0.187) 0.300 0.073 0.161 

Locus 4 : Mnov_gtseq_102 
2 alleles
0.8% missing data
   0   (0.577) 0.461 0.682 0.598 
   1   (0.423) 0.539 0.318 0.402 

Locus 5 : Mnov_gtseq_104 
2 alleles
0.3% missing data
   0   (0.871) 0.741 0.943 0.915 
   1   (0.129) 0.259 0.057 0.085 

Locus 6 : Mnov_gtseq_106 
2 alleles
15.4% missing data
   1   (0.755) 0.799 0.791 0.749 
   0   (0.245) 0.201 0.209 0.251 

Locus 7 : Mnov_gtseq_107 
2 alleles
37.8% missing data
   1   (0.205) 0.161 0.424 0.155 
   0   (0.795) 0.839 0.576 0.845 

Locus 8 : Mnov_gtseq_111 
2 alleles
39.2% missing data
   1   (0.727) 0.622 0.568 0.816 
   0   (0.273) 0.378 0.432 0.184 

Locus 9 : Mnov_gtseq_112 
2 alleles
1.1% missing data
   0   (0.570) 0.707 0.684 0.478 
   1   (0.430) 0.293 0.316 0.522 

Locus 10 : Mnov_gtseq_113 
2 alleles
1.7% missing data
   1   (0.707) 0.786 0.674 0.698 
   0   (0.293) 0.214 0.326 0.302 

Locus 11 : Mnov_gtseq_114 
2 alleles
4.5% missing data
   0   (0.543) 0.608 0.370 0.569 
   1   (0.457) 0.392 0.630 0.431 

Locus 12 : Mnov_gtseq_117 
2 alleles
27.2% missing data
   0   (0.632) 0.542 0.802 0.621 
   1   (0.368) 0.458 0.198 0.379 

Locus 13 : Mnov_gtseq_118 
2 alleles
8.1% missing data
   0   (0.717) 0.604 0.840 0.742 
   1   (0.283) 0.396 0.160 0.258 

Locus 14 : Mnov_gtseq_12 
2 alleles
0.3% missing data
   0   (0.489) 0.480 0.296 0.551 
   1   (0.511) 0.520 0.704 0.449 

Locus 15 : Mnov_gtseq_124 
2 alleles
4.8% missing data
   1   (0.783) 0.674 0.869 0.821 
   0   (0.217) 0.326 0.131 0.179 

Locus 16 : Mnov_gtseq_125 
2 alleles
1.1% missing data
   1   (0.907) 0.982 0.714 0.919 
   0   (0.093) 0.018 0.286 0.081 

Locus 17 : Mnov_gtseq_126 
2 alleles
0.0% missing data
   0   (0.372) 0.184 0.360 0.467 
   1   (0.628) 0.816 0.640 0.533 

Locus 18 : Mnov_gtseq_127 
2 alleles
7.0% missing data
   0   (0.616) 0.711 0.491 0.622 
   1   (0.384) 0.289 0.509 0.378 

Locus 19 : Mnov_gtseq_128 
2 alleles
31.4% missing data
   0   (0.680) 0.798 0.675 0.646 
   1   (0.320) 0.202 0.325 0.354 

Locus 20 : Mnov_gtseq_129 
2 alleles
2.0% missing data
   0   (0.485) 0.492 0.603 0.442 
   1   (0.515) 0.508 0.397 0.558 

Locus 21 : Mnov_gtseq_13 
2 alleles
0.0% missing data
   0   (0.592) 0.484 0.614 0.640 
   1   (0.408) 0.516 0.386 0.360 

Locus 22 : Mnov_gtseq_130 
2 alleles
28.9% missing data
   1   (0.532) 0.466 0.464 0.584 
   0   (0.468) 0.534 0.536 0.416 

Locus 23 : Mnov_gtseq_135 
2 alleles
0.6% missing data
   1   (0.439) 0.444 0.546 0.402 
   0   (0.561) 0.556 0.454 0.598 

Locus 24 : Mnov_gtseq_138 
2 alleles
0.6% missing data
   0   (0.472) 0.455 0.423 0.489 
   1   (0.528) 0.545 0.577 0.511 

Locus 25 : Mnov_gtseq_140 
2 alleles
1.1% missing data
   0   (0.422) 0.406 0.581 0.376 
   1   (0.578) 0.594 0.419 0.624 

Locus 26 : Mnov_gtseq_141 
2 alleles
0.3% missing data
   0   (0.533) 0.675 0.544 0.468 
   1   (0.467) 0.325 0.456 0.532 

Locus 27 : Mnov_gtseq_143 
2 alleles
2.8% missing data
   1   (0.552) 0.651 0.483 0.527 
   0   (0.448) 0.349 0.517 0.473 

Locus 28 : Mnov_gtseq_145 
2 alleles
2.0% missing data
   0   (0.438) 0.557 0.459 0.374 
   1   (0.562) 0.443 0.541 0.626 

Locus 29 : Mnov_gtseq_147 
2 alleles
26.3% missing data
   0   (0.794) 0.858 0.535 0.845 
   1   (0.206) 0.142 0.465 0.155 

Locus 30 : Mnov_gtseq_148 
2 alleles
9.2% missing data
   0   (0.337) 0.231 0.170 0.436 
   1   (0.663) 0.769 0.830 0.564 

Locus 31 : Mnov_gtseq_149 
2 alleles
0.6% missing data
   0   (0.599) 0.605 0.576 0.613 
   1   (0.401) 0.395 0.424 0.387 

Locus 32 : Mnov_gtseq_15 
2 alleles
0.0% missing data
   0   (0.466) 0.554 0.413 0.437 
   1   (0.534) 0.446 0.587 0.563 

Locus 33 : Mnov_gtseq_152 
2 alleles
0.8% missing data
   0   (0.316) 0.335 0.386 0.271 
   1   (0.684) 0.665 0.614 0.729 

Locus 34 : Mnov_gtseq_154 
2 alleles
3.4% missing data
   0   (0.561) 0.613 0.438 0.579 
   1   (0.439) 0.387 0.562 0.421 

Locus 35 : Mnov_gtseq_155 
2 alleles
41.7% missing data
   0   (0.660) 0.681 0.694 0.654 
   1   (0.340) 0.319 0.306 0.346 

Locus 36 : Mnov_gtseq_157 
2 alleles
0.6% missing data
   1   (0.558) 0.518 0.621 0.560 
   0   (0.442) 0.482 0.379 0.440 

Locus 37 : Mnov_gtseq_158 
2 alleles
0.6% missing data
   0   (0.408) 0.665 0.098 0.418 
   1   (0.592) 0.335 0.902 0.582 

Locus 38 : Mnov_gtseq_159 
2 alleles
24.6% missing data
   0   (0.605) 0.708 0.444 0.611 
   1   (0.395) 0.292 0.556 0.389 

Locus 39 : Mnov_gtseq_16 
2 alleles
0.0% missing data
   0   (0.637) 0.665 0.584 0.656 
   1   (0.363) 0.335 0.416 0.344 

Locus 40 : Mnov_gtseq_160 
2 alleles
2.5% missing data
   0   (0.501) 0.513 0.407 0.521 
   1   (0.499) 0.487 0.593 0.479 

Locus 41 : Mnov_gtseq_161 
2 alleles
2.0% missing data
   1   (0.767) 0.729 0.810 0.796 
   0   (0.233) 0.271 0.190 0.204 

Locus 42 : Mnov_gtseq_162 
2 alleles
2.2% missing data
   1   (0.395) 0.533 0.468 0.309 
   0   (0.605) 0.467 0.532 0.691 

Locus 43 : Mnov_gtseq_167 
2 alleles
1.1% missing data
   1   (0.794) 0.738 0.880 0.819 
   0   (0.206) 0.262 0.120 0.181 

Locus 44 : Mnov_gtseq_17 
2 alleles
0.0% missing data
   0   (0.507) 0.593 0.480 0.476 
   1   (0.493) 0.407 0.520 0.524 

Locus 45 : Mnov_gtseq_170 
2 alleles
0.0% missing data
   0   (0.315) 0.277 0.241 0.337 
   1   (0.685) 0.723 0.759 0.663 

Locus 46 : Mnov_gtseq_171 
2 alleles
42.0% missing data
   1   (0.706) 0.600 0.728 0.761 
   0   (0.294) 0.400 0.272 0.239 

Locus 47 : Mnov_gtseq_173 
2 alleles
21.8% missing data
   1   (0.495) 0.286 0.700 0.528 
   0   (0.505) 0.714 0.300 0.472 

Locus 48 : Mnov_gtseq_174 
2 alleles
2.8% missing data
   0   (0.285) 0.234 0.415 0.253 
   1   (0.715) 0.766 0.585 0.747 

Locus 49 : Mnov_gtseq_180 
2 alleles
14.0% missing data
   0   (0.598) 0.591 0.859 0.510 
   1   (0.402) 0.409 0.141 0.490 

Locus 50 : Mnov_gtseq_182 
2 alleles
9.0% missing data
   0   (0.843) 0.729 0.841 0.906 
   1   (0.157) 0.271 0.159 0.094 

Locus 51 : Mnov_gtseq_186 
2 alleles
27.7% missing data
   0   (0.532) 0.535 0.475 0.550 
   1   (0.468) 0.465 0.525 0.450 

Locus 52 : Mnov_gtseq_187 
2 alleles
7.6% missing data
   1   (0.563) 0.595 0.673 0.524 
   0   (0.437) 0.405 0.327 0.476 

Locus 53 : Mnov_gtseq_188 
2 alleles
13.4% missing data
   0   (0.575) 0.469 0.640 0.614 
   1   (0.425) 0.531 0.360 0.386 

Locus 54 : Mnov_gtseq_189 
2 alleles
3.6% missing data
   0   (0.416) 0.560 0.472 0.333 
   1   (0.584) 0.440 0.528 0.667 

Locus 55 : Mnov_gtseq_19 
2 alleles
0.0% missing data
   1   (0.922) 0.990 0.832 0.920 
   0   (0.078) 0.010 0.168 0.080 

Locus 56 : Mnov_gtseq_190 
2 alleles
0.0% missing data
   1   (0.418) 0.415 0.346 0.431 
   0   (0.582) 0.585 0.654 0.569 

Locus 57 : Mnov_gtseq_191 
2 alleles
26.3% missing data
   0   (0.880) 0.894 0.985 0.834 
   1   (0.120) 0.106 0.015 0.166 

Locus 58 : Mnov_gtseq_192 
2 alleles
21.0% missing data
   0   (0.821) 0.811 0.828 0.855 
   1   (0.179) 0.189 0.172 0.145 

Locus 59 : Mnov_gtseq_193 
2 alleles
0.0% missing data
   0   (0.693) 0.752 0.779 0.658 
   1   (0.307) 0.248 0.221 0.342 

Locus 60 : Mnov_gtseq_195 
2 alleles
0.0% missing data
   0   (0.575) 0.450 0.541 0.647 
   1   (0.425) 0.550 0.459 0.353 

Locus 61 : Mnov_gtseq_196 
2 alleles
0.3% missing data
   0   (0.331) 0.421 0.165 0.333 
   1   (0.669) 0.579 0.835 0.667 

Locus 62 : Mnov_gtseq_197 
3 alleles
0.3% missing data
   1   (0.383) 0.413 0.318 0.378 
   0   (0.409) 0.468 0.587 0.338 
   2   (0.208) 0.118 0.094 0.284 

Locus 63 : Mnov_gtseq_2 
2 alleles
0.3% missing data
   0   (0.206) 0.082 0.233 0.247 
   1   (0.794) 0.918 0.767 0.753 

Locus 64 : Mnov_gtseq_200 
2 alleles
2.8% missing data
   0   (0.392) 0.333 0.616 0.347 
   1   (0.608) 0.667 0.384 0.653 

Locus 65 : Mnov_gtseq_201 
2 alleles
0.0% missing data
   0   (0.871) 0.770 0.979 0.880 
   1   (0.129) 0.230 0.021 0.120 

Locus 66 : Mnov_gtseq_202 
2 alleles
0.0% missing data
   0   (0.408) 0.441 0.525 0.355 
   1   (0.592) 0.559 0.475 0.645 

Locus 67 : Mnov_gtseq_204 
2 alleles
3.9% missing data
   0   (0.443) 0.446 0.511 0.417 
   1   (0.557) 0.554 0.489 0.583 

Locus 68 : Mnov_gtseq_205 
3 alleles
0.0% missing data
   0   (0.221) 0.249 0.200 0.198 
   2   (0.715) 0.726 0.739 0.754 
   1   (0.064) 0.025 0.061 0.049 

Locus 69 : Mnov_gtseq_208 
2 alleles
0.0% missing data
   0   (0.642) 0.723 0.439 0.673 
   1   (0.358) 0.277 0.561 0.327 

Locus 70 : Mnov_gtseq_209 
2 alleles
0.0% missing data
   0   (0.432) 0.422 0.570 0.388 
   1   (0.568) 0.578 0.430 0.612 

Locus 71 : Mnov_gtseq_21 
2 alleles
0.0% missing data
   1   (0.547) 0.599 0.357 0.588 
   0   (0.453) 0.401 0.643 0.412 

Locus 72 : Mnov_gtseq_210 
2 alleles
5.0% missing data
   0   (0.386) 0.538 0.227 0.367 
   1   (0.614) 0.462 0.773 0.633 

Locus 73 : Mnov_gtseq_213 
2 alleles
5.6% missing data
   0   (0.511) 0.561 0.400 0.524 
   1   (0.489) 0.439 0.600 0.476 

Locus 74 : Mnov_gtseq_214 
2 alleles
5.3% missing data
   0   (0.522) 0.516 0.701 0.470 
   1   (0.478) 0.484 0.299 0.530 

Locus 75 : Mnov_gtseq_215 
2 alleles
0.0% missing data
   0   (0.441) 0.390 0.562 0.422 
   1   (0.559) 0.610 0.438 0.578 

Locus 76 : Mnov_gtseq_216 
2 alleles
0.0% missing data
   1   (0.536) 0.418 0.666 0.555 
   0   (0.464) 0.582 0.334 0.445 

Locus 77 : Mnov_gtseq_217 
2 alleles
24.4% missing data
   0   (0.320) 0.316 0.193 0.345 
   1   (0.680) 0.684 0.807 0.655 

Locus 78 : Mnov_gtseq_218 
2 alleles
0.3% missing data
   0   (0.625) 0.429 0.765 0.676 
   1   (0.375) 0.571 0.235 0.324 

Locus 79 : Mnov_gtseq_22 
2 alleles
3.9% missing data
   1   (0.574) 0.572 0.726 0.535 
   0   (0.426) 0.428 0.274 0.465 

Locus 80 : Mnov_gtseq_220 
2 alleles
0.3% missing data
   0   (0.532) 0.479 0.646 0.523 
   1   (0.468) 0.521 0.354 0.477 

Locus 81 : Mnov_gtseq_222 
2 alleles
14.3% missing data
   0   (0.549) 0.292 0.665 0.637 
   1   (0.451) 0.708 0.335 0.363 

Locus 82 : Mnov_gtseq_223 
2 alleles
2.5% missing data
   0   (0.639) 0.720 0.633 0.617 
   1   (0.361) 0.280 0.367 0.383 

Locus 83 : Mnov_gtseq_225 
2 alleles
0.0% missing data
   0   (0.508) 0.592 0.483 0.477 
   1   (0.492) 0.408 0.517 0.523 

Locus 84 : Mnov_gtseq_227 
2 alleles
0.3% missing data
   0   (0.527) 0.427 0.640 0.539 
   1   (0.473) 0.573 0.360 0.461 

Locus 85 : Mnov_gtseq_229 
2 alleles
0.8% missing data
   1   (0.535) 0.532 0.632 0.510 
   0   (0.465) 0.468 0.368 0.490 

Locus 86 : Mnov_gtseq_230 
2 alleles
10.4% missing data
   0   (0.756) 0.716 0.883 0.751 
   1   (0.244) 0.284 0.117 0.249 

Locus 87 : Mnov_gtseq_232 
2 alleles
0.0% missing data
   0   (0.459) 0.462 0.665 0.397 
   1   (0.541) 0.538 0.335 0.603 

Locus 88 : Mnov_gtseq_234 
2 alleles
9.8% missing data
   0   (0.736) 0.697 0.828 0.745 
   1   (0.264) 0.303 0.172 0.255 

Locus 89 : Mnov_gtseq_235 
2 alleles
0.3% missing data
   0   (0.796) 0.711 0.886 0.828 
   1   (0.204) 0.289 0.114 0.172 

Locus 90 : Mnov_gtseq_237 
2 alleles
0.3% missing data
   0   (0.547) 0.457 0.723 0.535 
   1   (0.453) 0.543 0.277 0.465 

Locus 91 : Mnov_gtseq_238 
2 alleles
0.0% missing data
   0   (0.592) 0.648 0.760 0.522 
   1   (0.408) 0.352 0.240 0.478 

Locus 92 : Mnov_gtseq_239 
2 alleles
0.0% missing data
   0   (0.733) 0.694 0.749 0.767 
   1   (0.267) 0.306 0.251 0.233 

Locus 93 : Mnov_gtseq_240 
2 alleles
0.0% missing data
   1   (0.421) 0.326 0.396 0.462 
   0   (0.579) 0.674 0.604 0.538 

Locus 94 : Mnov_gtseq_241 
2 alleles
0.0% missing data
   0   (0.859) 0.818 0.848 0.910 
   1   (0.141) 0.182 0.152 0.090 

Locus 95 : Mnov_gtseq_243 
2 alleles
0.0% missing data
   0   (0.615) 0.495 0.592 0.676 
   1   (0.385) 0.505 0.408 0.324 

Locus 96 : Mnov_gtseq_244 
2 alleles
0.0% missing data
   0   (0.323) 0.368 0.407 0.262 
   1   (0.677) 0.632 0.593 0.738 

Locus 97 : Mnov_gtseq_245 
2 alleles
20.7% missing data
   1   (0.492) 0.541 0.609 0.436 
   0   (0.508) 0.459 0.391 0.564 

Locus 98 : Mnov_gtseq_246 
2 alleles
0.3% missing data
   0   (0.438) 0.498 0.486 0.389 
   1   (0.562) 0.502 0.514 0.611 

Locus 99 : Mnov_gtseq_247 
2 alleles
3.4% missing data
   0   (0.322) 0.225 0.192 0.398 
   1   (0.678) 0.775 0.808 0.602 

Locus 100 : Mnov_gtseq_248 
2 alleles
0.3% missing data
   0   (0.240) 0.099 0.379 0.259 
   1   (0.760) 0.901 0.621 0.741 

Locus 101 : Mnov_gtseq_25 
2 alleles
0.3% missing data
   0   (0.434) 0.476 0.592 0.365 
   1   (0.566) 0.524 0.408 0.635 

Locus 102 : Mnov_gtseq_250 
2 alleles
3.9% missing data
   0   (0.810) 0.721 0.715 0.883 
   1   (0.190) 0.279 0.285 0.117 

Locus 103 : Mnov_gtseq_251 
2 alleles
2.0% missing data
   1   (0.218) 0.128 0.196 0.239 
   0   (0.782) 0.872 0.804 0.761 

Locus 104 : Mnov_gtseq_253 
2 alleles
16.2% missing data
   0   (0.490) 0.373 0.516 0.532 
   1   (0.510) 0.627 0.484 0.468 

Locus 105 : Mnov_gtseq_254 
2 alleles
0.0% missing data
   1   (0.906) 0.938 0.987 0.869 
   0   (0.094) 0.062 0.013 0.131 

Locus 106 : Mnov_gtseq_255 
2 alleles
0.0% missing data
   0   (0.322) 0.391 0.453 0.245 
   1   (0.678) 0.609 0.547 0.755 

Locus 107 : Mnov_gtseq_257 
2 alleles
0.0% missing data
   0   (0.611) 0.730 0.495 0.600 
   1   (0.389) 0.270 0.505 0.400 

Locus 108 : Mnov_gtseq_258 
2 alleles
0.0% missing data
   0   (0.544) 0.394 0.607 0.593 
   1   (0.456) 0.606 0.393 0.407 

Locus 109 : Mnov_gtseq_26 
2 alleles
0.0% missing data
   1   (0.892) 0.929 0.963 0.880 
   0   (0.108) 0.071 0.037 0.120 

Locus 110 : Mnov_gtseq_260 
2 alleles
0.3% missing data
   0   (0.753) 0.844 0.760 0.729 
   1   (0.247) 0.156 0.240 0.271 

Locus 111 : Mnov_gtseq_261 
2 alleles
0.6% missing data
   0   (0.499) 0.435 0.536 0.517 
   1   (0.501) 0.565 0.464 0.483 

Locus 112 : Mnov_gtseq_262 
2 alleles
3.1% missing data
   0   (0.420) 0.381 0.515 0.403 
   1   (0.580) 0.619 0.485 0.597 

Locus 113 : Mnov_gtseq_263 
2 alleles
0.0% missing data
   1   (0.836) 0.749 0.910 0.875 
   0   (0.164) 0.251 0.090 0.125 

Locus 114 : Mnov_gtseq_265 
2 alleles
0.0% missing data
   0   (0.454) 0.342 0.584 0.463 
   1   (0.546) 0.658 0.416 0.537 

Locus 115 : Mnov_gtseq_268 
2 alleles
0.0% missing data
   0   (0.605) 0.435 0.663 0.668 
   1   (0.395) 0.565 0.337 0.332 

Locus 116 : Mnov_gtseq_269 
2 alleles
1.1% missing data
   1   (0.491) 0.477 0.435 0.513 
   0   (0.509) 0.523 0.565 0.487 

Locus 117 : Mnov_gtseq_270 
2 alleles
11.8% missing data
   1   (0.776) 0.811 0.792 0.789 
   0   (0.224) 0.189 0.208 0.211 

Locus 118 : Mnov_gtseq_271 
2 alleles
10.9% missing data
   0   (0.631) 0.634 0.615 0.650 
   1   (0.369) 0.366 0.385 0.350 

Locus 119 : Mnov_gtseq_273 
2 alleles
1.4% missing data
   1   (0.517) 0.556 0.597 0.479 
   0   (0.483) 0.444 0.403 0.521 

Locus 120 : Mnov_gtseq_274 
2 alleles
0.0% missing data
   1   (0.515) 0.483 0.406 0.564 
   0   (0.485) 0.517 0.594 0.436 

Locus 121 : Mnov_gtseq_275 
2 alleles
13.7% missing data
   1   (0.777) 0.756 0.723 0.827 
   0   (0.223) 0.244 0.277 0.173 

Locus 122 : Mnov_gtseq_277 
2 alleles
0.0% missing data
   0   (0.795) 0.870 0.860 0.766 
   1   (0.205) 0.130 0.140 0.234 

Locus 123 : Mnov_gtseq_278 
2 alleles
1.1% missing data
   0   (0.887) 0.829 0.970 0.902 
   1   (0.113) 0.171 0.030 0.098 

Locus 124 : Mnov_gtseq_28 
2 alleles
0.3% missing data
   0   (0.767) 0.819 0.799 0.760 
   1   (0.233) 0.181 0.201 0.240 

Locus 125 : Mnov_gtseq_284 
2 alleles
0.0% missing data
   1   (0.629) 0.713 0.627 0.605 
   0   (0.371) 0.287 0.373 0.395 

Locus 126 : Mnov_gtseq_285 
2 alleles
0.0% missing data
   1   (0.764) 0.822 0.675 0.787 
   0   (0.236) 0.178 0.325 0.213 

Locus 127 : Mnov_gtseq_287 
2 alleles
0.0% missing data
   0   (0.793) 0.805 0.675 0.846 
   1   (0.207) 0.195 0.325 0.154 

Locus 128 : Mnov_gtseq_288 
2 alleles
16.2% missing data
   0   (0.622) 0.584 0.679 0.632 
   1   (0.378) 0.416 0.321 0.368 

Locus 129 : Mnov_gtseq_289 
2 alleles
0.0% missing data
   0   (0.465) 0.437 0.442 0.479 
   1   (0.535) 0.563 0.558 0.521 

Locus 130 : Mnov_gtseq_291 
2 alleles
0.3% missing data
   1   (0.712) 0.726 0.622 0.751 
   0   (0.288) 0.274 0.378 0.249 

Locus 131 : Mnov_gtseq_297 
2 alleles
0.0% missing data
   0   (0.662) 0.600 0.768 0.670 
   1   (0.338) 0.400 0.232 0.330 

Locus 132 : Mnov_gtseq_298 
2 alleles
36.4% missing data
   1   (0.593) 0.575 0.781 0.550 
   0   (0.407) 0.425 0.219 0.450 

Locus 133 : Mnov_gtseq_299 
2 alleles
1.1% missing data
   1   (0.583) 0.574 0.494 0.616 
   0   (0.417) 0.426 0.506 0.384 

Locus 134 : Mnov_gtseq_30 
3 alleles
16.2% missing data
   1   (0.545) 0.656 0.404 0.552 
   2   (0.434) 0.330 0.595 0.439 
   0   (0.022) 0.013 0.002 0.009 

Locus 135 : Mnov_gtseq_300 
2 alleles
5.6% missing data
   0   (0.599) 0.569 0.618 0.617 
   1   (0.401) 0.431 0.382 0.383 

Locus 136 : Mnov_gtseq_301 
3 alleles
5.6% missing data
   0   (0.382) 0.481 0.318 0.370 
   2   (0.402) 0.338 0.509 0.402 
   1   (0.216) 0.181 0.174 0.227 

Locus 137 : Mnov_gtseq_304 
2 alleles
28.9% missing data
   0   (0.848) 0.912 0.855 0.844 
   1   (0.152) 0.088 0.145 0.156 

Locus 138 : Mnov_gtseq_305 
2 alleles
9.2% missing data
   0   (0.879) 0.837 0.962 0.890 
   1   (0.121) 0.163 0.038 0.110 

Locus 139 : Mnov_gtseq_307 
2 alleles
2.5% missing data
   1   (0.507) 0.487 0.468 0.527 
   0   (0.493) 0.513 0.532 0.473 

Locus 140 : Mnov_gtseq_308 
2 alleles
0.0% missing data
   0   (0.602) 0.642 0.632 0.586 
   1   (0.398) 0.358 0.368 0.414 

Locus 141 : Mnov_gtseq_309 
3 alleles
2.5% missing data
   0   (0.355) 0.327 0.483 0.324 
   1   (0.584) 0.654 0.412 0.635 
   2   (0.062) 0.019 0.105 0.041 

Locus 142 : Mnov_gtseq_310 
2 alleles
10.4% missing data
   0   (0.861) 0.741 0.964 0.882 
   1   (0.139) 0.259 0.036 0.118 

Locus 143 : Mnov_gtseq_311 
2 alleles
1.7% missing data
   1   (0.669) 0.776 0.689 0.629 
   0   (0.331) 0.224 0.311 0.371 

Locus 144 : Mnov_gtseq_312 
2 alleles
0.0% missing data
   0   (0.483) 0.657 0.404 0.430 
   1   (0.517) 0.343 0.596 0.570 

Locus 145 : Mnov_gtseq_313 
2 alleles
0.8% missing data
   1   (0.763) 0.824 0.790 0.752 
   0   (0.237) 0.176 0.210 0.248 

Locus 146 : Mnov_gtseq_314 
2 alleles
0.0% missing data
   0   (0.494) 0.572 0.410 0.486 
   1   (0.506) 0.428 0.590 0.514 

Locus 147 : Mnov_gtseq_315 
2 alleles
1.4% missing data
   0   (0.498) 0.495 0.527 0.489 
   1   (0.502) 0.505 0.473 0.511 

Locus 148 : Mnov_gtseq_317 
2 alleles
24.6% missing data
   0   (0.506) 0.462 0.576 0.504 
   1   (0.494) 0.538 0.424 0.496 

Locus 149 : Mnov_gtseq_318 
2 alleles
5.0% missing data
   0   (0.439) 0.493 0.451 0.403 
   1   (0.561) 0.507 0.549 0.597 

Locus 150 : Mnov_gtseq_320 
2 alleles
6.2% missing data
   0   (0.666) 0.708 0.574 0.692 
   1   (0.334) 0.292 0.426 0.308 

Locus 151 : Mnov_gtseq_321 
2 alleles
0.0% missing data
   0   (0.101) 0.241 0.038 0.058 
   1   (0.899) 0.759 0.962 0.942 

Locus 152 : Mnov_gtseq_322 
2 alleles
1.4% missing data
   1   (0.502) 0.560 0.557 0.460 
   0   (0.498) 0.440 0.443 0.540 

Locus 153 : Mnov_gtseq_323 
2 alleles
0.0% missing data
   0   (0.412) 0.470 0.269 0.419 
   1   (0.588) 0.530 0.731 0.581 

Locus 154 : Mnov_gtseq_326 
2 alleles
3.4% missing data
   0   (0.610) 0.697 0.383 0.649 
   1   (0.390) 0.303 0.617 0.351 

Locus 155 : Mnov_gtseq_327 
2 alleles
3.4% missing data
   0   (0.776) 0.945 0.666 0.697 
   1   (0.224) 0.055 0.334 0.303 

Locus 156 : Mnov_gtseq_328 
2 alleles
0.0% missing data
   1   (0.664) 0.625 0.610 0.710 
   0   (0.336) 0.375 0.390 0.290 

Locus 157 : Mnov_gtseq_33 
2 alleles
0.0% missing data
   0   (0.605) 0.545 0.712 0.607 
   1   (0.395) 0.455 0.288 0.393 

Locus 158 : Mnov_gtseq_332 
2 alleles
12.0% missing data
   0   (0.362) 0.245 0.253 0.442 
   1   (0.638) 0.755 0.747 0.558 

Locus 159 : Mnov_gtseq_333 
2 alleles
3.6% missing data
   1   (0.672) 0.605 0.797 0.674 
   0   (0.328) 0.395 0.203 0.326 

Locus 160 : Mnov_gtseq_334 
2 alleles
0.0% missing data
   0   (0.780) 0.770 0.662 0.838 
   1   (0.220) 0.230 0.338 0.162 

Locus 161 : Mnov_gtseq_335 
2 alleles
0.0% missing data
   1   (0.688) 0.646 0.597 0.746 
   0   (0.312) 0.354 0.403 0.254 

Locus 162 : Mnov_gtseq_337 
3 alleles
15.4% missing data
   2   (0.231) 0.123 0.438 0.214 
   0   (0.505) 0.708 0.337 0.482 
   1   (0.264) 0.169 0.225 0.304 

Locus 163 : Mnov_gtseq_338 
2 alleles
0.3% missing data
   0   (0.421) 0.419 0.323 0.442 
   1   (0.579) 0.581 0.677 0.558 

Locus 164 : Mnov_gtseq_339 
2 alleles
0.3% missing data
   0   (0.540) 0.579 0.476 0.544 
   1   (0.460) 0.421 0.524 0.456 

Locus 165 : Mnov_gtseq_340 
2 alleles
2.0% missing data
   0   (0.523) 0.638 0.542 0.466 
   1   (0.477) 0.362 0.458 0.534 

Locus 166 : Mnov_gtseq_341 
2 alleles
0.0% missing data
   1   (0.792) 0.678 0.929 0.805 
   0   (0.208) 0.322 0.071 0.195 

Locus 167 : Mnov_gtseq_342 
2 alleles
13.4% missing data
   0   (0.539) 0.609 0.321 0.578 
   1   (0.461) 0.391 0.679 0.422 

Locus 168 : Mnov_gtseq_344 
2 alleles
