

----------------------------------------------------
STRUCTURE by Pritchard, Stephens and Donnelly (2000)
     and Falush, Stephens and Pritchard (2003)
       Code by Pritchard, Falush and Hubisz
             Version 2.3.4 (Jul 2012)
----------------------------------------------------



Command line arguments:   structure -m wint.area.structureRun/wint.area.structureRun.k3.r4_mainparams -e wint.area.structureRun/wint.area.structureRun.k3.r4_extraparams -i wint.area.structureRun/wint.area.structureRun.k3.r4_data -o wint.area.structureRun/wint.area.structureRun.k3.r4_out 
Input File:    wint.area.structureRun/wint.area.structureRun.k3.r4_data

Run parameters:
   357 individuals
   328 loci
   3 populations assumed
   1000 Burn-in period
   10000 Reps


--------------------------------------------
Proportion of membership of each pre-defined
 population in each of the 3 clusters

Given    Inferred Clusters       Number of
 Pop       1      2      3      Individuals

  1:     0.511  0.171  0.319       80
  2:     0.187  0.563  0.251      126
  3:     0.387  0.247  0.367      115
  4:     0.259  0.386  0.356       27
  5:     0.117  0.108  0.774        9
--------------------------------------------

Allele-freq. divergence among pops (Net nucleotide distance),
computed using point estimates of P.

      1       2       3      
 1      -    0.0279  0.0130  
 2   0.0279     -    0.0186  
 3   0.0130  0.0186     -    

Average distances (expected heterozygosity) between individuals in same cluster:
cluster  1  : 0.4171 
cluster  2  : 0.4067 
cluster  3  : 0.4156 

--------------------------------------------
Estimated Ln Prob of Data   = -134350.2
Mean value of ln likelihood = -133790.0
Variance of ln likelihood   = 1120.5
Mean value of alpha         = 1.0000

Mean value of Fst_1         = 0.0668
Mean value of Fst_2         = 0.0918
Mean value of Fst_3         = 0.0310


Inferred ancestry of individuals:
        Label (%Miss) Pop:  Inferred clusters
  1   207778    (2)    2 :  0.174 0.580 0.246 
  2 z0005757    (7)    3 :  0.268 0.294 0.438 
  3 z0005758    (0)    3 :  0.554 0.106 0.340 
  4 z0011944    (0)    1 :  0.071 0.161 0.768 
  5 z0012702   (10)    4 :  0.067 0.811 0.122 
  6 z0016577    (2)    3 :  0.293 0.374 0.333 
  7 z0016578   (21)    1 :  0.507 0.096 0.397 
  8 z0016579    (1)    3 :  0.264 0.189 0.547 
  9 z0018264    (0)    1 :  0.094 0.241 0.665 
 10 z0029828    (2)    3 :  0.603 0.245 0.152 
 11 z0029829   (14)    1 :  0.674 0.179 0.147 
 12 z0029846   (14)    1 :  0.297 0.155 0.548 
 13 z0029860    (1)    3 :  0.678 0.140 0.182 
 14 z0029863    (2)    1 :  0.158 0.147 0.695 
 15 z0029864    (8)    1 :  0.404 0.159 0.437 
 16 z0029865   (13)    3 :  0.426 0.113 0.462 
 17 z0037607    (2)    3 :  0.233 0.281 0.486 
 18 z0037609   (25)    3 :  0.261 0.150 0.589 
 19 z0037624   (21)    1 :  0.489 0.246 0.265 
 20 z0038417    (8)    2 :  0.091 0.756 0.152 
 21 z0040275    (9)    2 :  0.106 0.620 0.273 
 22 z0040287    (3)    2 :  0.196 0.404 0.400 
 23 z0040308    (1)    2 :  0.159 0.687 0.154 
 24 z0040333    (1)    2 :  0.240 0.581 0.179 
 25 z0040334    (1)    2 :  0.066 0.851 0.083 
 26 z0040337    (6)    2 :  0.283 0.437 0.281 
 27 z0040345    (1)    2 :  0.069 0.731 0.201 
 28 z0040357    (5)    2 :  0.135 0.635 0.230 
 29 z0040363   (20)    2 :  0.262 0.585 0.153 
 30 z0040364    (0)    2 :  0.104 0.765 0.130 
 31 z0040387    (1)    2 :  0.186 0.666 0.148 
 32 z0040403   (15)    2 :  0.192 0.541 0.266 
 33 z0040413   (43)    2 :  0.135 0.602 0.263 
 34 z0040439    (0)    2 :  0.060 0.842 0.098 
 35 z0040465   (20)    2 :  0.264 0.413 0.323 
 36 z0040513   (17)    3 :  0.381 0.400 0.219 
 37 z0040961   (12)    2 :  0.133 0.511 0.356 
 38 z0040985   (16)    2 :  0.107 0.444 0.450 
 39 z0041026    (0)    2 :  0.184 0.704 0.112 
 40 z0041051   (28)    2 :  0.101 0.499 0.400 
 41 z0041115    (7)    2 :  0.214 0.627 0.159 
 42 z0041153   (23)    2 :  0.168 0.378 0.454 
 43 z0041233    (4)    2 :  0.296 0.463 0.241 
 44 z0041243    (1)    2 :  0.165 0.448 0.387 
 45 z0041248    (6)    2 :  0.173 0.688 0.139 
 46 z0041250    (1)    2 :  0.084 0.739 0.177 
 47 z0041274    (2)    2 :  0.131 0.518 0.351 
 48 z0041465   (15)    2 :  0.275 0.629 0.095 
 49 z0041472    (2)    2 :  0.260 0.632 0.108 
 50 z0041480   (10)    2 :  0.340 0.419 0.242 
 51 z0041483    (0)    2 :  0.122 0.731 0.147 
 52 z0041494   (12)    2 :  0.133 0.631 0.236 
 53 z0041498    (1)    2 :  0.242 0.569 0.189 
 54 z0041501    (1)    2 :  0.068 0.803 0.129 
 55 z0041507    (7)    2 :  0.161 0.684 0.155 
 56 z0041512    (0)    2 :  0.107 0.779 0.113 
 57 z0041522   (17)    2 :  0.246 0.585 0.169 
 58 z0041526    (1)    3 :  0.208 0.617 0.175 
 59 z0041527   (16)    2 :  0.178 0.589 0.232 
 60 z0043243    (2)    2 :  0.376 0.168 0.456 
 61 z0043278    (2)    2 :  0.090 0.793 0.117 
 62 z0043475   (17)    3 :  0.310 0.430 0.260 
 63 z0043477    (0)    2 :  0.187 0.491 0.322 
 64 z0043478    (2)    2 :  0.078 0.852 0.070 
 65 z0043481    (0)    2 :  0.166 0.675 0.159 
 66 z0043489    (7)    2 :  0.070 0.766 0.164 
 67 z0043491   (13)    2 :  0.139 0.500 0.360 
 68 z0043493    (3)    2 :  0.082 0.437 0.481 
 69 z0043494    (2)    2 :  0.180 0.410 0.410 
 70 z0043498    (2)    2 :  0.161 0.755 0.084 
 71 z0043504    (7)    2 :  0.141 0.416 0.443 
 72 z0043526    (3)    4 :  0.169 0.437 0.394 
 73 z0043566    (3)    2 :  0.179 0.599 0.222 
 74 z0043572    (0)    2 :  0.235 0.624 0.141 
 75 z0043599    (5)    2 :  0.234 0.503 0.263 
 76 z0043642    (1)    2 :  0.296 0.421 0.283 
 77 z0043649    (1)    2 :  0.096 0.766 0.138 
 78 z0043652    (1)    2 :  0.167 0.339 0.494 
 79 z0043668    (1)    2 :  0.362 0.433 0.205 
 80 z0043674    (1)    4 :  0.475 0.076 0.448 
 81 z0043686    (1)    2 :  0.262 0.450 0.288 
 82 z0043693    (1)    2 :  0.268 0.492 0.239 
 83 z0043704   (15)    2 :  0.086 0.747 0.167 
 84 z0043807    (1)    2 :  0.241 0.558 0.202 
 85 z0043819    (1)    2 :  0.241 0.268 0.491 
 86 z0043876    (7)    2 :  0.428 0.321 0.251 
 87 z0043877   (33)    2 :  0.290 0.471 0.239 
 88 z0043891   (21)    4 :  0.371 0.270 0.359 
 89 z0043915   (33)    2 :  0.250 0.387 0.363 
 90 z0043940   (10)    2 :  0.162 0.128 0.711 
 91 z0043954    (2)    2 :  0.195 0.375 0.430 
 92 z0043966    (5)    2 :  0.154 0.724 0.122 
 93 z0043980    (0)    2 :  0.351 0.496 0.153 
 94 z0043994    (1)    3 :  0.097 0.779 0.125 
 95 z0044017   (12)    2 :  0.131 0.470 0.399 
 96 z0044019   (14)    2 :  0.254 0.552 0.194 
 97 z0044023   (36)    2 :  0.159 0.762 0.079 
 98 z0044033    (0)    2 :  0.062 0.888 0.050 
 99 z0044042    (3)    2 :  0.131 0.774 0.094 
100 z0044047   (25)    2 :  0.113 0.652 0.235 
101 z0044064   (13)    2 :  0.104 0.492 0.403 
102 z0044432   (14)    2 :  0.324 0.432 0.244 
103 z0045326    (0)    3 :  0.499 0.222 0.279 
104 z0045331    (5)    1 :  0.500 0.236 0.264 
105 z0045332    (2)    1 :  0.273 0.273 0.454 
106 z0045333    (6)    1 :  0.618 0.154 0.227 
107 z0045337    (5)    1 :  0.696 0.167 0.137 
108 z0045342   (13)    1 :  0.588 0.268 0.144 
109 z0045347    (1)    3 :  0.207 0.202 0.590 
110 z0045350    (0)    1 :  0.255 0.171 0.574 
111 z0045370    (1)    1 :  0.795 0.054 0.151 
112 z0045371    (1)    3 :  0.239 0.242 0.519 
113 z0045398    (1)    3 :  0.494 0.089 0.416 
114 z0045399    (1)    3 :  0.328 0.096 0.577 
115 z0045401   (26)    1 :  0.336 0.245 0.418 
116 z0045404    (0)    3 :  0.656 0.095 0.249 
117 z0045405    (5)    3 :  0.245 0.095 0.660 
118 z0045407    (2)    3 :  0.230 0.146 0.624 
119 z0045719    (0)    2 :  0.108 0.714 0.179 
120 z0045720    (1)    2 :  0.202 0.454 0.344 
121 z0045728    (1)    2 :  0.203 0.672 0.125 
122 z0045731    (1)    2 :  0.128 0.451 0.421 
123 z0045733    (0)    2 :  0.296 0.439 0.264 
124 z0045736    (1)    2 :  0.171 0.316 0.514 
125 z0045739    (1)    2 :  0.317 0.241 0.443 
126 z0045740    (1)    2 :  0.076 0.724 0.200 
127 z0045741    (0)    2 :  0.087 0.723 0.190 
128 z0045742    (0)    2 :  0.222 0.624 0.154 
129 z0045776    (1)    3 :  0.150 0.502 0.347 
130 z0045779    (0)    2 :  0.116 0.808 0.076 
131 z0045781    (0)    2 :  0.122 0.607 0.271 
132 z0045788    (5)    2 :  0.070 0.787 0.143 
133 z0045789    (2)    2 :  0.119 0.750 0.130 
134 z0045791    (5)    2 :  0.164 0.650 0.186 
135 z0045792   (23)    1 :  0.399 0.348 0.253 
136 z0045793    (0)    3 :  0.660 0.263 0.077 
137 z0047562   (15)    2 :  0.155 0.642 0.203 
138 z0047854    (1)    2 :  0.148 0.507 0.345 
139 z0051185    (1)    1 :  0.536 0.097 0.367 
140 z0051324    (6)    1 :  0.720 0.120 0.161 
141 z0051326    (0)    1 :  0.715 0.121 0.163 
142 z0051327    (4)    3 :  0.254 0.409 0.337 
143 z0051328    (3)    1 :  0.636 0.215 0.150 
144 z0051380    (0)    1 :  0.681 0.067 0.252 
145 z0051400    (0)    3 :  0.450 0.286 0.264 
146 z0051431   (23)    3 :  0.233 0.461 0.306 
147 z0051840   (34)    2 :  0.193 0.625 0.182 
148 z0051844   (27)    2 :  0.099 0.531 0.370 
149 z0051875   (29)    3 :  0.562 0.180 0.258 
150 z0051885    (8)    3 :  0.186 0.618 0.196 
151 z0051888    (1)    2 :  0.372 0.527 0.102 
152 z0051891    (1)    1 :  0.287 0.251 0.463 
153 z0051893    (4)    1 :  0.684 0.181 0.135 
154 z0051895    (0)    3 :  0.703 0.156 0.141 
155 z0051918    (1)    3 :  0.101 0.491 0.408 
156 z0051929    (1)    1 :  0.693 0.155 0.152 
157 z0051939   (12)    3 :  0.302 0.435 0.263 
158 z0051947    (3)    1 :  0.794 0.122 0.084 
159 z0051959    (2)    3 :  0.248 0.279 0.473 
160 z0052846    (0)    4 :  0.287 0.431 0.282 
161 z0052882    (1)    2 :  0.336 0.430 0.234 
162 z0053020   (22)    2 :  0.094 0.506 0.400 
163 z0053024   (13)    2 :  0.306 0.344 0.350 
164 z0053025    (5)    2 :  0.072 0.784 0.144 
165 z0053031    (0)    2 :  0.243 0.362 0.395 
166 z0053032    (1)    2 :  0.197 0.522 0.282 
167 z0053040    (5)    2 :  0.226 0.488 0.286 
168 z0053051    (1)    3 :  0.276 0.140 0.584 
169 z0053054    (6)    3 :  0.483 0.159 0.358 
170 z0053071    (3)    2 :  0.185 0.716 0.100 
171 z0053073    (2)    2 :  0.245 0.213 0.542 
172 z0053078    (1)    3 :  0.056 0.435 0.509 
173 z0053082    (2)    3 :  0.254 0.609 0.138 
174 z0053083   (12)    2 :  0.229 0.515 0.256 
175 z0053090   (11)    3 :  0.105 0.546 0.348 
176 z0053096    (0)    2 :  0.075 0.762 0.163 
177 z0053100    (8)    2 :  0.145 0.638 0.217 
178 z0053101    (0)    2 :  0.128 0.559 0.313 
179 z0053102    (9)    2 :  0.193 0.639 0.169 
180 z0053103    (1)    2 :  0.088 0.838 0.074 
181 z0053111    (2)    3 :  0.373 0.197 0.430 
182 z0053131    (0)    2 :  0.334 0.476 0.190 
183 z0053132    (0)    2 :  0.057 0.447 0.496 
184 z0053133    (1)    2 :  0.271 0.210 0.519 
185 z0053138    (0)    2 :  0.405 0.368 0.227 
186 z0053142    (3)    2 :  0.228 0.604 0.168 
187 z0053149    (1)    2 :  0.144 0.636 0.220 
188 z0053754    (1)    1 :  0.438 0.154 0.409 
189 z0053756    (2)    1 :  0.377 0.159 0.463 
190 z0053758   (17)    1 :  0.682 0.087 0.231 
191 z0053759    (1)    1 :  0.648 0.120 0.233 
192 z0053760    (0)    1 :  0.348 0.172 0.480 
193 z0053842    (2)    1 :  0.240 0.199 0.561 
194 z0053843    (6)    1 :  0.781 0.115 0.105 
195 z0053844    (9)    1 :  0.540 0.212 0.247 
196 z0053846    (3)    1 :  0.865 0.065 0.070 
197 z0053847    (1)    1 :  0.706 0.202 0.092 
198 z0053849    (1)    1 :  0.181 0.145 0.674 
199 z0055903    (1)    4 :  0.181 0.243 0.576 
200 z0055910   (35)    4 :  0.247 0.465 0.287 
201 z0055912    (7)    4 :  0.104 0.354 0.542 
202 z0055916   (17)    4 :  0.207 0.226 0.567 
203 z0055931    (4)    4 :  0.111 0.781 0.108 
204 z0055944    (4)    4 :  0.235 0.330 0.435 
205 z0055947   (10)    4 :  0.193 0.282 0.524 
206 z0055962    (6)    4 :  0.243 0.419 0.338 
207 z0055963   (21)    4 :  0.318 0.448 0.234 
208 z0055965   (26)    4 :  0.294 0.099 0.607 
209 z0055970   (16)    4 :  0.288 0.445 0.267 
210 z0055971    (8)    4 :  0.380 0.308 0.312 
211 z0055977    (6)    4 :  0.183 0.582 0.235 
212 z0055986   (21)    4 :  0.467 0.263 0.270 
213 z0055990    (7)    4 :  0.145 0.638 0.217 
214 z0055996    (3)    4 :  0.418 0.387 0.195 
215 z0055997    (4)    4 :  0.353 0.521 0.126 
216 z0055998    (5)    4 :  0.168 0.198 0.633 
217 z0055999    (3)    4 :  0.485 0.203 0.312 
218 z0056011    (9)    4 :  0.184 0.240 0.577 
219 z0056029    (5)    4 :  0.297 0.367 0.336 
220 z0056034    (2)    4 :  0.116 0.586 0.297 
221 z0056056   (26)    3 :  0.357 0.291 0.351 
222 z0056058    (5)    3 :  0.707 0.069 0.224 
223 z0056059    (8)    3 :  0.238 0.179 0.583 
224 z0056062    (1)    3 :  0.274 0.402 0.324 
225 z0056063    (4)    3 :  0.425 0.196 0.378 
226 z0056064    (0)    3 :  0.336 0.194 0.471 
227 z0056065    (0)    3 :  0.549 0.157 0.295 
228 z0056069    (1)    3 :  0.165 0.512 0.322 
229 z0056073    (0)    3 :  0.518 0.114 0.367 
230 z0056076    (5)    3 :  0.556 0.321 0.122 
231 z0056079   (10)    3 :  0.397 0.086 0.517 
232 z0056085    (1)    3 :  0.595 0.145 0.260 
233 z0056092    (1)    3 :  0.364 0.144 0.492 
234 z0056095    (1)    3 :  0.443 0.175 0.382 
235 z0056103    (8)    3 :  0.410 0.087 0.503 
236 z0056374    (8)    1 :  0.522 0.095 0.384 
237 z0056375    (0)    1 :  0.653 0.124 0.223 
238 z0056377    (0)    1 :  0.300 0.120 0.580 
239 z0056378    (2)    1 :  0.644 0.245 0.110 
240 z0056382    (1)    1 :  0.817 0.098 0.086 
241 z0056384    (3)    1 :  0.442 0.216 0.342 
242 z0056386    (8)    1 :  0.773 0.072 0.156 
243 z0056389    (1)    1 :  0.795 0.065 0.140 
244 z0056391    (2)    1 :  0.923 0.029 0.049 
245 z0056392   (12)    1 :  0.748 0.125 0.128 
246 z0056393    (9)    1 :  0.341 0.248 0.411 
247 z0056394    (1)    1 :  0.568 0.145 0.287 
248 z0056395    (2)    1 :  0.346 0.234 0.420 
249 z0056397    (1)    1 :  0.240 0.328 0.432 
250 z0061527    (3)    3 :  0.220 0.569 0.210 
251 z0061967    (1)    3 :  0.379 0.289 0.332 
252 z0061969    (1)    3 :  0.341 0.459 0.201 
253 z0061980    (1)    1 :  0.519 0.283 0.198 
254 z0066166    (3)    3 :  0.430 0.161 0.409 
255 z0066792    (2)    1 :  0.178 0.132 0.691 
256 z0066805    (2)    1 :  0.111 0.141 0.748 
257 z0068471    (3)    3 :  0.448 0.172 0.381 
258 z0075696    (7)    5 :  0.075 0.114 0.811 
259 z0101084    (8)    1 :  0.742 0.163 0.096 
260 z0107099    (3)    3 :  0.731 0.048 0.221 
261 z0107101    (0)    1 :  0.897 0.043 0.060 
262 z0108489    (1)    1 :  0.239 0.331 0.430 
263 z0108513    (0)    1 :  0.785 0.130 0.084 
264 z0108528    (1)    3 :  0.350 0.334 0.316 
265 z0113628    (2)    3 :  0.163 0.228 0.609 
266 z0133302   (18)    1 :  0.563 0.297 0.141 
267 z0173485    (0)    1 :  0.221 0.388 0.391 
268 z0175371    (1)    3 :  0.135 0.342 0.523 
269 z0175378    (0)    2 :  0.148 0.771 0.081 
270 z0175912    (6)    1 :  0.433 0.183 0.384 
271 z0175916    (3)    1 :  0.283 0.453 0.264 
272 z0175937    (1)    1 :  0.591 0.120 0.288 
273 z0178348   (13)    1 :  0.541 0.129 0.330 
274 z0187857    (3)    1 :  0.684 0.179 0.136 
275 z0187860    (0)    1 :  0.342 0.297 0.361 
276 z0187885    (0)    2 :  0.173 0.480 0.348 
277 z0187906   (10)    1 :  0.257 0.233 0.510 
278 z0195655    (0)    2 :  0.102 0.813 0.085 
279 z0195663    (1)    3 :  0.115 0.572 0.313 
280 z0195683    (1)    3 :  0.661 0.138 0.201 
281 z0195687   (22)    3 :  0.585 0.073 0.343 
282 z0195688    (0)    2 :  0.162 0.406 0.432 
283 z0195691    (1)    3 :  0.099 0.125 0.777 
284 z0195699    (0)    3 :  0.336 0.166 0.498 
285 z0195701    (8)    3 :  0.607 0.174 0.220 
286 z0195702    (0)    3 :  0.277 0.246 0.477 
287 z0195704    (1)    3 :  0.449 0.249 0.303 
288 z0195705    (1)    3 :  0.090 0.591 0.319 
289 z0195711    (0)    3 :  0.138 0.096 0.767 
290 z0195716    (0)    3 :  0.360 0.141 0.499 
291 z0195718   (13)    3 :  0.568 0.100 0.331 
292 z0195725    (5)    3 :  0.323 0.365 0.313 
293 z0195726   (17)    1 :  0.142 0.134 0.724 
294 z0195728   (14)    3 :  0.828 0.055 0.117 
295 z0195732   (16)    3 :  0.465 0.078 0.457 
296 z0195737    (1)    3 :  0.259 0.525 0.215 
297 z0195740   (30)    3 :  0.283 0.212 0.505 
298 z0195751    (1)    3 :  0.671 0.123 0.207 
299 z0195762    (2)    3 :  0.319 0.098 0.583 
300 z0195784    (0)    3 :  0.592 0.113 0.295 
301 z0196686    (0)    5 :  0.073 0.065 0.863 
302 z0196687    (0)    5 :  0.116 0.136 0.748 
303 z0196689    (1)    5 :  0.081 0.117 0.802 
304 z0196690    (3)    5 :  0.306 0.118 0.576 
305 z0196691    (9)    5 :  0.095 0.106 0.799 
306 z0196692    (1)    5 :  0.114 0.116 0.770 
307 z0196693    (2)    5 :  0.116 0.079 0.805 
308 z0196694    (3)    5 :  0.081 0.124 0.796 
309 z0196710    (0)    3 :  0.283 0.344 0.374 
310 z0196715   (23)    3 :  0.473 0.105 0.423 
311 z0196719    (0)    3 :  0.313 0.163 0.524 
312 z0196724   (20)    3 :  0.537 0.235 0.228 
313 z0196725    (1)    3 :  0.557 0.154 0.289 
314 z0196729    (3)    3 :  0.475 0.251 0.274 
315 z0196730    (3)    1 :  0.611 0.167 0.222 
316 z0196731    (1)    3 :  0.541 0.074 0.385 
317 z0196733   (17)    1 :  0.480 0.105 0.415 
318 z0196734    (2)    3 :  0.390 0.346 0.264 
319 z0196739   (18)    3 :  0.494 0.346 0.161 
320 z0196740   (10)    3 :  0.505 0.152 0.342 
321 z0196746    (3)    1 :  0.662 0.189 0.150 
322 z0196751    (0)    3 :  0.473 0.245 0.282 
323 z0196752    (0)    3 :  0.377 0.118 0.505 
324 z0196754    (0)    3 :  0.621 0.191 0.188 
325 z0196758    (2)    1 :  0.571 0.149 0.280 
326 z0196763    (2)    3 :  0.262 0.152 0.587 
327 z0196764    (1)    3 :  0.389 0.197 0.414 
328 z0196766    (0)    3 :  0.515 0.194 0.290 
329 z0196769    (1)    3 :  0.614 0.148 0.238 
330 z0196774    (1)    3 :  0.589 0.134 0.277 
331 z0196783    (0)    1 :  0.885 0.043 0.072 
332 z0196794    (2)    1 :  0.858 0.057 0.086 
333 z0196804   (15)    1 :  0.528 0.139 0.333 
334 z0196809   (15)    3 :  0.208 0.071 0.721 
335 z0196810    (2)    1 :  0.366 0.133 0.501 
336 z0196811    (1)    1 :  0.347 0.063 0.591 
337 z0196824    (0)    3 :  0.277 0.348 0.375 
338 z0196825    (1)    3 :  0.478 0.343 0.179 
339 z0196828    (1)    2 :  0.449 0.219 0.331 
340 z0196829    (0)    3 :  0.295 0.189 0.516 
341 z0196834   (28)    3 :  0.486 0.260 0.254 
342 z0196835    (0)    3 :  0.735 0.177 0.088 
343 z0196838    (2)    1 :  0.215 0.063 0.722 
344 z0196841   (22)    3 :  0.575 0.134 0.292 
345 z0196843   (27)    3 :  0.551 0.146 0.303 
346 z0196849    (1)    3 :  0.518 0.148 0.333 
347 z0196852    (1)    2 :  0.212 0.400 0.389 
348 z0196855    (0)    2 :  0.262 0.299 0.439 
349 z0196856    (1)    3 :  0.189 0.254 0.557 
350 z0196857    (0)    2 :  0.401 0.501 0.098 
351 z0196864    (2)    3 :  0.125 0.443 0.432 
352 z0196894    (0)    3 :  0.321 0.096 0.583 
353 z0197662    (3)    1 :  0.273 0.367 0.360 
354 z0197665    (2)    1 :  0.735 0.127 0.138 
355 z0197668   (20)    3 :  0.153 0.141 0.706 
356 z0197669    (1)    3 :  0.199 0.446 0.355 
357 z0197672    (1)    3 :  0.512 0.235 0.252 


Estimated Allele Frequencies in each cluster
First column gives estimated ancestral frequencies


Locus 1 : HI.v.HI.SEAK 
5 alleles
66.2% missing data
   0   (0.192) 0.093 0.258 0.174 
   4   (0.433) 0.680 0.067 0.501 
   1   (0.164) 0.056 0.588 0.125 
   2   (0.048) 0.014 0.040 0.029 
   3   (0.163) 0.158 0.047 0.171 

Locus 2 : Mnov_gtseq_1 
2 alleles
0.0% missing data
   0   (0.424) 0.370 0.363 0.457 
   1   (0.576) 0.630 0.637 0.543 

Locus 3 : Mnov_gtseq_10 
2 alleles
0.3% missing data
   0   (0.819) 0.693 0.924 0.850 
   1   (0.181) 0.307 0.076 0.150 

Locus 4 : Mnov_gtseq_102 
2 alleles
0.8% missing data
   0   (0.572) 0.465 0.681 0.592 
   1   (0.428) 0.535 0.319 0.408 

Locus 5 : Mnov_gtseq_104 
2 alleles
0.3% missing data
   0   (0.879) 0.734 0.939 0.926 
   1   (0.121) 0.266 0.061 0.074 

Locus 6 : Mnov_gtseq_106 
2 alleles
15.4% missing data
   1   (0.756) 0.797 0.790 0.752 
   0   (0.244) 0.203 0.210 0.248 

Locus 7 : Mnov_gtseq_107 
2 alleles
37.8% missing data
   1   (0.215) 0.153 0.419 0.167 
   0   (0.785) 0.847 0.581 0.833 

Locus 8 : Mnov_gtseq_111 
2 alleles
39.2% missing data
   1   (0.725) 0.617 0.572 0.821 
   0   (0.275) 0.383 0.428 0.179 

Locus 9 : Mnov_gtseq_112 
2 alleles
1.1% missing data
   0   (0.572) 0.699 0.683 0.483 
   1   (0.428) 0.301 0.317 0.517 

Locus 10 : Mnov_gtseq_113 
2 alleles
1.7% missing data
   1   (0.705) 0.775 0.678 0.704 
   0   (0.295) 0.225 0.322 0.296 

Locus 11 : Mnov_gtseq_114 
2 alleles
4.5% missing data
   0   (0.543) 0.601 0.372 0.577 
   1   (0.457) 0.399 0.628 0.423 

Locus 12 : Mnov_gtseq_117 
2 alleles
27.2% missing data
   0   (0.628) 0.552 0.804 0.605 
   1   (0.372) 0.448 0.196 0.395 

Locus 13 : Mnov_gtseq_118 
2 alleles
8.1% missing data
   0   (0.725) 0.588 0.838 0.759 
   1   (0.275) 0.412 0.162 0.241 

Locus 14 : Mnov_gtseq_12 
2 alleles
0.3% missing data
   0   (0.493) 0.467 0.302 0.563 
   1   (0.507) 0.533 0.698 0.437 

Locus 15 : Mnov_gtseq_124 
2 alleles
4.8% missing data
   1   (0.788) 0.669 0.867 0.832 
   0   (0.212) 0.331 0.133 0.168 

Locus 16 : Mnov_gtseq_125 
2 alleles
1.1% missing data
   1   (0.906) 0.981 0.716 0.919 
   0   (0.094) 0.019 0.284 0.081 

Locus 17 : Mnov_gtseq_126 
2 alleles
0.0% missing data
   0   (0.373) 0.191 0.360 0.463 
   1   (0.627) 0.809 0.640 0.537 

Locus 18 : Mnov_gtseq_127 
2 alleles
7.0% missing data
   0   (0.614) 0.708 0.496 0.619 
   1   (0.386) 0.292 0.504 0.381 

Locus 19 : Mnov_gtseq_128 
2 alleles
31.4% missing data
   0   (0.685) 0.799 0.673 0.646 
   1   (0.315) 0.201 0.327 0.354 

Locus 20 : Mnov_gtseq_129 
2 alleles
2.0% missing data
   0   (0.491) 0.479 0.593 0.465 
   1   (0.509) 0.521 0.407 0.535 

Locus 21 : Mnov_gtseq_13 
2 alleles
0.0% missing data
   0   (0.595) 0.479 0.609 0.651 
   1   (0.405) 0.521 0.391 0.349 

Locus 22 : Mnov_gtseq_130 
2 alleles
28.9% missing data
   1   (0.528) 0.474 0.465 0.577 
   0   (0.472) 0.526 0.535 0.423 

Locus 23 : Mnov_gtseq_135 
2 alleles
0.6% missing data
   1   (0.446) 0.432 0.541 0.416 
   0   (0.554) 0.568 0.459 0.584 

Locus 24 : Mnov_gtseq_138 
2 alleles
0.6% missing data
   0   (0.474) 0.447 0.419 0.501 
   1   (0.526) 0.553 0.581 0.499 

Locus 25 : Mnov_gtseq_140 
2 alleles
1.1% missing data
   0   (0.424) 0.408 0.578 0.374 
   1   (0.576) 0.592 0.422 0.626 

Locus 26 : Mnov_gtseq_141 
2 alleles
0.3% missing data
   0   (0.532) 0.671 0.544 0.469 
   1   (0.468) 0.329 0.456 0.531 

Locus 27 : Mnov_gtseq_143 
2 alleles
2.8% missing data
   1   (0.548) 0.648 0.486 0.525 
   0   (0.452) 0.352 0.514 0.475 

Locus 28 : Mnov_gtseq_145 
2 alleles
2.0% missing data
   0   (0.438) 0.563 0.455 0.371 
   1   (0.562) 0.437 0.545 0.629 

Locus 29 : Mnov_gtseq_147 
2 alleles
26.3% missing data
   0   (0.791) 0.860 0.540 0.842 
   1   (0.209) 0.140 0.460 0.158 

Locus 30 : Mnov_gtseq_148 
2 alleles
9.2% missing data
   0   (0.339) 0.225 0.164 0.451 
   1   (0.661) 0.775 0.836 0.549 

Locus 31 : Mnov_gtseq_149 
2 alleles
0.6% missing data
   0   (0.605) 0.597 0.571 0.627 
   1   (0.395) 0.403 0.429 0.373 

Locus 32 : Mnov_gtseq_15 
2 alleles
0.0% missing data
   0   (0.466) 0.543 0.411 0.450 
   1   (0.534) 0.457 0.589 0.550 

Locus 33 : Mnov_gtseq_152 
2 alleles
0.8% missing data
   0   (0.320) 0.327 0.382 0.282 
   1   (0.680) 0.673 0.618 0.718 

Locus 34 : Mnov_gtseq_154 
2 alleles
3.4% missing data
   0   (0.561) 0.610 0.437 0.586 
   1   (0.439) 0.390 0.563 0.414 

Locus 35 : Mnov_gtseq_155 
2 alleles
41.7% missing data
   0   (0.659) 0.675 0.696 0.657 
   1   (0.341) 0.325 0.304 0.343 

Locus 36 : Mnov_gtseq_157 
2 alleles
0.6% missing data
   1   (0.557) 0.519 0.623 0.556 
   0   (0.443) 0.481 0.377 0.444 

Locus 37 : Mnov_gtseq_158 
2 alleles
0.6% missing data
   0   (0.400) 0.670 0.101 0.410 
   1   (0.600) 0.330 0.899 0.590 

Locus 38 : Mnov_gtseq_159 
2 alleles
24.6% missing data
   0   (0.600) 0.717 0.443 0.603 
   1   (0.400) 0.283 0.557 0.397 

Locus 39 : Mnov_gtseq_16 
2 alleles
0.0% missing data
   0   (0.641) 0.658 0.581 0.667 
   1   (0.359) 0.342 0.419 0.333 

Locus 40 : Mnov_gtseq_160 
2 alleles
2.5% missing data
   0   (0.501) 0.510 0.404 0.527 
   1   (0.499) 0.490 0.596 0.473 

Locus 41 : Mnov_gtseq_161 
2 alleles
2.0% missing data
   1   (0.774) 0.713 0.807 0.816 
   0   (0.226) 0.287 0.193 0.184 

Locus 42 : Mnov_gtseq_162 
2 alleles
2.2% missing data
   1   (0.401) 0.525 0.459 0.322 
   0   (0.599) 0.475 0.541 0.678 

Locus 43 : Mnov_gtseq_167 
2 alleles
1.1% missing data
   1   (0.793) 0.743 0.876 0.817 
   0   (0.207) 0.257 0.124 0.183 

Locus 44 : Mnov_gtseq_17 
2 alleles
0.0% missing data
   0   (0.503) 0.596 0.481 0.471 
   1   (0.497) 0.404 0.519 0.529 

Locus 45 : Mnov_gtseq_170 
2 alleles
0.0% missing data
   0   (0.318) 0.267 0.245 0.347 
   1   (0.682) 0.733 0.755 0.653 

Locus 46 : Mnov_gtseq_171 
2 alleles
42.0% missing data
   1   (0.707) 0.601 0.726 0.763 
   0   (0.293) 0.399 0.274 0.237 

Locus 47 : Mnov_gtseq_173 
2 alleles
21.8% missing data
   1   (0.495) 0.290 0.701 0.524 
   0   (0.505) 0.710 0.299 0.476 

Locus 48 : Mnov_gtseq_174 
2 alleles
2.8% missing data
   0   (0.283) 0.243 0.413 0.243 
   1   (0.717) 0.757 0.587 0.757 

Locus 49 : Mnov_gtseq_180 
2 alleles
14.0% missing data
   0   (0.598) 0.598 0.859 0.498 
   1   (0.402) 0.402 0.141 0.502 

Locus 50 : Mnov_gtseq_182 
2 alleles
9.0% missing data
   0   (0.844) 0.731 0.839 0.909 
   1   (0.156) 0.269 0.161 0.091 

Locus 51 : Mnov_gtseq_186 
2 alleles
27.7% missing data
   0   (0.534) 0.535 0.471 0.556 
   1   (0.466) 0.465 0.529 0.444 

Locus 52 : Mnov_gtseq_187 
2 alleles
7.6% missing data
   1   (0.564) 0.599 0.677 0.514 
   0   (0.436) 0.401 0.323 0.486 

Locus 53 : Mnov_gtseq_188 
2 alleles
13.4% missing data
   0   (0.584) 0.448 0.635 0.641 
   1   (0.416) 0.552 0.365 0.359 

Locus 54 : Mnov_gtseq_189 
2 alleles
3.6% missing data
   0   (0.417) 0.553 0.469 0.340 
   1   (0.583) 0.447 0.531 0.660 

Locus 55 : Mnov_gtseq_19 
2 alleles
0.0% missing data
   1   (0.923) 0.990 0.831 0.922 
   0   (0.077) 0.010 0.169 0.078 

Locus 56 : Mnov_gtseq_190 
2 alleles
0.0% missing data
   1   (0.418) 0.410 0.348 0.434 
   0   (0.582) 0.590 0.652 0.566 

Locus 57 : Mnov_gtseq_191 
2 alleles
26.3% missing data
   0   (0.883) 0.897 0.985 0.832 
   1   (0.117) 0.103 0.015 0.168 

Locus 58 : Mnov_gtseq_192 
2 alleles
21.0% missing data
   0   (0.823) 0.807 0.824 0.863 
   1   (0.177) 0.193 0.176 0.137 

Locus 59 : Mnov_gtseq_193 
2 alleles
0.0% missing data
   0   (0.696) 0.742 0.778 0.667 
   1   (0.304) 0.258 0.222 0.333 

Locus 60 : Mnov_gtseq_195 
2 alleles
0.0% missing data
   0   (0.573) 0.454 0.540 0.645 
   1   (0.427) 0.546 0.460 0.355 

Locus 61 : Mnov_gtseq_196 
2 alleles
0.3% missing data
   0   (0.330) 0.420 0.165 0.337 
   1   (0.670) 0.580 0.835 0.663 

Locus 62 : Mnov_gtseq_197 
3 alleles
0.3% missing data
   1   (0.382) 0.419 0.318 0.373 
   0   (0.413) 0.465 0.586 0.340 
   2   (0.205) 0.116 0.096 0.287 

Locus 63 : Mnov_gtseq_2 
2 alleles
0.3% missing data
   0   (0.206) 0.082 0.228 0.252 
   1   (0.794) 0.918 0.772 0.748 

Locus 64 : Mnov_gtseq_200 
2 alleles
2.8% missing data
   0   (0.397) 0.328 0.612 0.355 
   1   (0.603) 0.672 0.388 0.645 

Locus 65 : Mnov_gtseq_201 
2 alleles
0.0% missing data
   0   (0.876) 0.762 0.977 0.891 
   1   (0.124) 0.238 0.023 0.109 

Locus 66 : Mnov_gtseq_202 
2 alleles
0.0% missing data
   0   (0.419) 0.429 0.520 0.371 
   1   (0.581) 0.571 0.480 0.629 

Locus 67 : Mnov_gtseq_204 
2 alleles
3.9% missing data
   0   (0.438) 0.458 0.516 0.396 
   1   (0.562) 0.542 0.484 0.604 

Locus 68 : Mnov_gtseq_205 
3 alleles
0.0% missing data
   0   (0.219) 0.258 0.203 0.185 
   2   (0.716) 0.718 0.735 0.767 
   1   (0.065) 0.024 0.062 0.048 

Locus 69 : Mnov_gtseq_208 
2 alleles
0.0% missing data
   0   (0.639) 0.715 0.444 0.677 
   1   (0.361) 0.285 0.556 0.323 

Locus 70 : Mnov_gtseq_209 
2 alleles
0.0% missing data
   0   (0.440) 0.405 0.562 0.413 
   1   (0.560) 0.595 0.438 0.587 

Locus 71 : Mnov_gtseq_21 
2 alleles
0.0% missing data
   1   (0.545) 0.599 0.359 0.589 
   0   (0.455) 0.401 0.641 0.411 

Locus 72 : Mnov_gtseq_210 
2 alleles
5.0% missing data
   0   (0.389) 0.529 0.229 0.376 
   1   (0.611) 0.471 0.771 0.624 

Locus 73 : Mnov_gtseq_213 
2 alleles
5.6% missing data
   0   (0.511) 0.560 0.401 0.525 
   1   (0.489) 0.440 0.599 0.475 

Locus 74 : Mnov_gtseq_214 
2 alleles
5.3% missing data
   0   (0.525) 0.512 0.703 0.470 
   1   (0.475) 0.488 0.297 0.530 

Locus 75 : Mnov_gtseq_215 
2 alleles
0.0% missing data
   0   (0.442) 0.384 0.560 0.427 
   1   (0.558) 0.616 0.440 0.573 

Locus 76 : Mnov_gtseq_216 
2 alleles
0.0% missing data
   1   (0.537) 0.431 0.659 0.550 
   0   (0.463) 0.569 0.341 0.450 

Locus 77 : Mnov_gtseq_217 
2 alleles
24.4% missing data
   0   (0.322) 0.314 0.194 0.350 
   1   (0.678) 0.686 0.806 0.650 

Locus 78 : Mnov_gtseq_218 
2 alleles
0.3% missing data
   0   (0.626) 0.433 0.763 0.674 
   1   (0.374) 0.567 0.237 0.326 

Locus 79 : Mnov_gtseq_22 
2 alleles
3.9% missing data
   1   (0.572) 0.582 0.728 0.521 
   0   (0.428) 0.418 0.272 0.479 

Locus 80 : Mnov_gtseq_220 
2 alleles
0.3% missing data
   0   (0.532) 0.478 0.644 0.524 
   1   (0.468) 0.522 0.356 0.476 

Locus 81 : Mnov_gtseq_222 
2 alleles
14.3% missing data
   0   (0.559) 0.273 0.661 0.663 
   1   (0.441) 0.727 0.339 0.337 

Locus 82 : Mnov_gtseq_223 
2 alleles
2.5% missing data
   0   (0.639) 0.720 0.630 0.620 
   1   (0.361) 0.280 0.370 0.380 

Locus 83 : Mnov_gtseq_225 
2 alleles
0.0% missing data
   0   (0.509) 0.592 0.483 0.476 
   1   (0.491) 0.408 0.517 0.524 

Locus 84 : Mnov_gtseq_227 
2 alleles
0.3% missing data
   0   (0.528) 0.429 0.639 0.541 
   1   (0.472) 0.571 0.361 0.459 

Locus 85 : Mnov_gtseq_229 
2 alleles
0.8% missing data
   1   (0.536) 0.525 0.634 0.515 
   0   (0.464) 0.475 0.366 0.485 

Locus 86 : Mnov_gtseq_230 
2 alleles
10.4% missing data
   0   (0.755) 0.720 0.878 0.753 
   1   (0.245) 0.280 0.122 0.247 

Locus 87 : Mnov_gtseq_232 
2 alleles
0.0% missing data
   0   (0.468) 0.452 0.657 0.411 
   1   (0.532) 0.548 0.343 0.589 

Locus 88 : Mnov_gtseq_234 
2 alleles
9.8% missing data
   0   (0.735) 0.695 0.827 0.747 
   1   (0.265) 0.305 0.173 0.253 

Locus 89 : Mnov_gtseq_235 
2 alleles
0.3% missing data
   0   (0.797) 0.714 0.881 0.830 
   1   (0.203) 0.286 0.119 0.170 

Locus 90 : Mnov_gtseq_237 
2 alleles
0.3% missing data
   0   (0.552) 0.451 0.721 0.543 
   1   (0.448) 0.549 0.279 0.457 

Locus 91 : Mnov_gtseq_238 
2 alleles
0.0% missing data
   0   (0.593) 0.644 0.762 0.518 
   1   (0.407) 0.356 0.238 0.482 

Locus 92 : Mnov_gtseq_239 
2 alleles
0.0% missing data
   0   (0.735) 0.686 0.746 0.778 
   1   (0.265) 0.314 0.254 0.222 

Locus 93 : Mnov_gtseq_240 
2 alleles
0.0% missing data
   1   (0.419) 0.323 0.398 0.464 
   0   (0.581) 0.677 0.602 0.536 

Locus 94 : Mnov_gtseq_241 
2 alleles
0.0% missing data
   0   (0.858) 0.814 0.852 0.910 
   1   (0.142) 0.186 0.148 0.090 

Locus 95 : Mnov_gtseq_243 
2 alleles
0.0% missing data
   0   (0.609) 0.493 0.597 0.673 
   1   (0.391) 0.507 0.403 0.327 

Locus 96 : Mnov_gtseq_244 
2 alleles
0.0% missing data
   0   (0.320) 0.367 0.409 0.259 
   1   (0.680) 0.633 0.591 0.741 

Locus 97 : Mnov_gtseq_245 
2 alleles
20.7% missing data
   1   (0.489) 0.540 0.617 0.424 
   0   (0.511) 0.460 0.383 0.576 

Locus 98 : Mnov_gtseq_246 
2 alleles
0.3% missing data
   0   (0.436) 0.493 0.489 0.387 
   1   (0.564) 0.507 0.511 0.613 

Locus 99 : Mnov_gtseq_247 
2 alleles
3.4% missing data
   0   (0.324) 0.226 0.190 0.404 
   1   (0.676) 0.774 0.810 0.596 

Locus 100 : Mnov_gtseq_248 
2 alleles
0.3% missing data
   0   (0.238) 0.098 0.376 0.263 
   1   (0.762) 0.902 0.624 0.737 

Locus 101 : Mnov_gtseq_25 
2 alleles
0.3% missing data
   0   (0.435) 0.468 0.593 0.369 
   1   (0.565) 0.532 0.407 0.631 

Locus 102 : Mnov_gtseq_250 
2 alleles
3.9% missing data
   0   (0.808) 0.719 0.717 0.885 
   1   (0.192) 0.281 0.283 0.115 

Locus 103 : Mnov_gtseq_251 
2 alleles
2.0% missing data
   1   (0.218) 0.122 0.195 0.246 
   0   (0.782) 0.878 0.805 0.754 

Locus 104 : Mnov_gtseq_253 
2 alleles
16.2% missing data
   0   (0.489) 0.373 0.514 0.535 
   1   (0.511) 0.627 0.486 0.465 

Locus 105 : Mnov_gtseq_254 
2 alleles
0.0% missing data
   1   (0.906) 0.938 0.987 0.868 
   0   (0.094) 0.062 0.013 0.132 

Locus 106 : Mnov_gtseq_255 
2 alleles
0.0% missing data
   0   (0.322) 0.395 0.453 0.241 
   1   (0.678) 0.605 0.547 0.759 

Locus 107 : Mnov_gtseq_257 
2 alleles
0.0% missing data
   0   (0.609) 0.734 0.494 0.596 
   1   (0.391) 0.266 0.506 0.404 

Locus 108 : Mnov_gtseq_258 
2 alleles
0.0% missing data
   0   (0.541) 0.397 0.608 0.589 
   1   (0.459) 0.603 0.392 0.411 

Locus 109 : Mnov_gtseq_26 
2 alleles
0.0% missing data
   1   (0.892) 0.921 0.960 0.891 
   0   (0.108) 0.079 0.040 0.109 

Locus 110 : Mnov_gtseq_260 
2 alleles
0.3% missing data
   0   (0.750) 0.843 0.764 0.725 
   1   (0.250) 0.157 0.236 0.275 

Locus 111 : Mnov_gtseq_261 
2 alleles
0.6% missing data
   0   (0.499) 0.441 0.535 0.512 
   1   (0.501) 0.559 0.465 0.488 

Locus 112 : Mnov_gtseq_262 
2 alleles
3.1% missing data
   0   (0.416) 0.396 0.518 0.384 
   1   (0.584) 0.604 0.482 0.616 

Locus 113 : Mnov_gtseq_263 
2 alleles
0.0% missing data
   1   (0.842) 0.742 0.906 0.887 
   0   (0.158) 0.258 0.094 0.113 

Locus 114 : Mnov_gtseq_265 
2 alleles
0.0% missing data
   0   (0.463) 0.329 0.572 0.489 
   1   (0.537) 0.671 0.428 0.511 

Locus 115 : Mnov_gtseq_268 
2 alleles
0.0% missing data
   0   (0.606) 0.435 0.664 0.669 
   1   (0.394) 0.565 0.336 0.331 

Locus 116 : Mnov_gtseq_269 
2 alleles
1.1% missing data
   1   (0.489) 0.483 0.435 0.508 
   0   (0.511) 0.517 0.565 0.492 

Locus 117 : Mnov_gtseq_270 
2 alleles
11.8% missing data
   1   (0.779) 0.808 0.791 0.793 
   0   (0.221) 0.192 0.209 0.207 

Locus 118 : Mnov_gtseq_271 
2 alleles
10.9% missing data
   0   (0.631) 0.632 0.616 0.651 
   1   (0.369) 0.368 0.384 0.349 

Locus 119 : Mnov_gtseq_273 
2 alleles
1.4% missing data
   1   (0.520) 0.548 0.591 0.490 
   0   (0.480) 0.452 0.409 0.510 

Locus 120 : Mnov_gtseq_274 
2 alleles
0.0% missing data
   1   (0.519) 0.475 0.404 0.577 
   0   (0.481) 0.525 0.596 0.423 

Locus 121 : Mnov_gtseq_275 
2 alleles
13.7% missing data
   1   (0.774) 0.761 0.725 0.820 
   0   (0.226) 0.239 0.275 0.180 

Locus 122 : Mnov_gtseq_277 
2 alleles
0.0% missing data
   0   (0.798) 0.866 0.856 0.772 
   1   (0.202) 0.134 0.144 0.228 

Locus 123 : Mnov_gtseq_278 
2 alleles
1.1% missing data
   0   (0.885) 0.832 0.969 0.899 
   1   (0.115) 0.168 0.031 0.101 

Locus 124 : Mnov_gtseq_28 
2 alleles
0.3% missing data
   0   (0.769) 0.818 0.796 0.764 
   1   (0.231) 0.182 0.204 0.236 

Locus 125 : Mnov_gtseq_284 
2 alleles
0.0% missing data
   1   (0.632) 0.713 0.624 0.608 
   0   (0.368) 0.287 0.376 0.392 

Locus 126 : Mnov_gtseq_285 
2 alleles
0.0% missing data
   1   (0.765) 0.811 0.675 0.798 
   0   (0.235) 0.189 0.325 0.202 

Locus 127 : Mnov_gtseq_287 
2 alleles
0.0% missing data
   0   (0.796) 0.800 0.673 0.855 
   1   (0.204) 0.200 0.327 0.145 

Locus 128 : Mnov_gtseq_288 
2 alleles
16.2% missing data
   0   (0.628) 0.576 0.672 0.648 
   1   (0.372) 0.424 0.328 0.352 

Locus 129 : Mnov_gtseq_289 
2 alleles
0.0% missing data
   0   (0.464) 0.439 0.449 0.470 
   1   (0.536) 0.561 0.551 0.530 

Locus 130 : Mnov_gtseq_291 
2 alleles
0.3% missing data
   1   (0.713) 0.724 0.624 0.752 
   0   (0.287) 0.276 0.376 0.248 

Locus 131 : Mnov_gtseq_297 
2 alleles
0.0% missing data
   0   (0.660) 0.603 0.770 0.664 
   1   (0.340) 0.397 0.230 0.336 

Locus 132 : Mnov_gtseq_298 
2 alleles
36.4% missing data
   1   (0.601) 0.574 0.777 0.555 
   0   (0.399) 0.426 0.223 0.445 

Locus 133 : Mnov_gtseq_299 
2 alleles
1.1% missing data
   1   (0.581) 0.576 0.491 0.619 
   0   (0.419) 0.424 0.509 0.381 

Locus 134 : Mnov_gtseq_30 
3 alleles
16.2% missing data
   1   (0.544) 0.652 0.407 0.553 
   2   (0.435) 0.335 0.591 0.438 
   0   (0.022) 0.013 0.002 0.009 

Locus 135 : Mnov_gtseq_300 
2 alleles
5.6% missing data
   0   (0.599) 0.568 0.614 0.622 
   1   (0.401) 0.432 0.386 0.378 

Locus 136 : Mnov_gtseq_301 
3 alleles
5.6% missing data
   0   (0.382) 0.489 0.318 0.363 
   2   (0.402) 0.326 0.509 0.413 
   1   (0.217) 0.184 0.173 0.224 

Locus 137 : Mnov_gtseq_304 
2 alleles
28.9% missing data
   0   (0.849) 0.902 0.854 0.855 
   1   (0.151) 0.098 0.146 0.145 

Locus 138 : Mnov_gtseq_305 
2 alleles
9.2% missing data
   0   (0.876) 0.837 0.962 0.890 
   1   (0.124) 0.163 0.038 0.110 

Locus 139 : Mnov_gtseq_307 
2 alleles
2.5% missing data
   1   (0.507) 0.495 0.466 0.525 
   0   (0.493) 0.505 0.534 0.475 

Locus 140 : Mnov_gtseq_308 
2 alleles
0.0% missing data
   0   (0.604) 0.636 0.628 0.594 
   1   (0.396) 0.364 0.372 0.406 

Locus 141 : Mnov_gtseq_309 
3 alleles
2.5% missing data
   0   (0.357) 0.324 0.479 0.329 
   1   (0.581) 0.657 0.415 0.631 
   2   (0.062) 0.019 0.105 0.040 

Locus 142 : Mnov_gtseq_310 
2 alleles
10.4% missing data
   0   (0.857) 0.752 0.962 0.874 
   1   (0.143) 0.248 0.038 0.126 

Locus 143 : Mnov_gtseq_311 
2 alleles
1.7% missing data
   1   (0.673) 0.775 0.686 0.633 
   0   (0.327) 0.225 0.314 0.367 

Locus 144 : Mnov_gtseq_312 
2 alleles
0.0% missing data
   0   (0.485) 0.660 0.400 0.429 
   1   (0.515) 0.340 0.600 0.571 

Locus 145 : Mnov_gtseq_313 
2 alleles
0.8% missing data
   1   (0.762) 0.826 0.785 0.753 
   0   (0.238) 0.174 0.215 0.247 

Locus 146 : Mnov_gtseq_314 
2 alleles
0.0% missing data
   0   (0.493) 0.574 0.411 0.483 
   1   (0.507) 0.426 0.589 0.517 

Locus 147 : Mnov_gtseq_315 
2 alleles
1.4% missing data
   0   (0.502) 0.484 0.526 0.502 
   1   (0.498) 0.516 0.474 0.498 

Locus 148 : Mnov_gtseq_317 
2 alleles
24.6% missing data
   0   (0.511) 0.448 0.571 0.522 
   1   (0.489) 0.552 0.429 0.478 

Locus 149 : Mnov_gtseq_318 
2 alleles
5.0% missing data
   0   (0.440) 0.488 0.448 0.409 
   1   (0.560) 0.512 0.552 0.591 

Locus 150 : Mnov_gtseq_320 
2 alleles
6.2% missing data
   0   (0.668) 0.707 0.572 0.695 
   1   (0.332) 0.293 0.428 0.305 

Locus 151 : Mnov_gtseq_321 
2 alleles
0.0% missing data
   0   (0.104) 0.235 0.040 0.062 
   1   (0.896) 0.765 0.960 0.938 

Locus 152 : Mnov_gtseq_322 
2 alleles
1.4% missing data
   1   (0.501) 0.553 0.558 0.463 
   0   (0.499) 0.447 0.442 0.537 

Locus 153 : Mnov_gtseq_323 
2 alleles
0.0% missing data
   0   (0.407) 0.476 0.272 0.412 
   1   (0.593) 0.524 0.728 0.588 

Locus 154 : Mnov_gtseq_326 
2 alleles
3.4% missing data
   0   (0.612) 0.694 0.383 0.654 
   1   (0.388) 0.306 0.617 0.346 

Locus 155 : Mnov_gtseq_327 
2 alleles
3.4% missing data
   0   (0.768) 0.944 0.679 0.683 
   1   (0.232) 0.056 0.321 0.317 

Locus 156 : Mnov_gtseq_328 
2 alleles
0.0% missing data
   1   (0.664) 0.617 0.614 0.715 
   0   (0.336) 0.383 0.386 0.285 

Locus 157 : Mnov_gtseq_33 
2 alleles
0.0% missing data
   0   (0.605) 0.547 0.709 0.606 
   1   (0.395) 0.453 0.291 0.394 

Locus 158 : Mnov_gtseq_332 
2 alleles
12.0% missing data
   0   (0.364) 0.244 0.248 0.452 
   1   (0.636) 0.756 0.752 0.548 

Locus 159 : Mnov_gtseq_333 
2 alleles
3.6% missing data
   1   (0.675) 0.595 0.796 0.685 
   0   (0.325) 0.405 0.204 0.315 

Locus 160 : Mnov_gtseq_334 
2 alleles
0.0% missing data
   0   (0.780) 0.765 0.667 0.840 
   1   (0.220) 0.235 0.333 0.160 

Locus 161 : Mnov_gtseq_335 
2 alleles
0.0% missing data
   1   (0.682) 0.655 0.601 0.735 
   0   (0.318) 0.345 0.399 0.265 

Locus 162 : Mnov_gtseq_337 
3 alleles
15.4% missing data
   2   (0.224) 0.121 0.442 0.206 
   0   (0.510) 0.708 0.335 0.486 
   1   (0.266) 0.171 0.223 0.307 

Locus 163 : Mnov_gtseq_338 
2 alleles
0.3% missing data
   0   (0.420) 0.413 0.323 0.447 
   1   (0.580) 0.587 0.677 0.553 

Locus 164 : Mnov_gtseq_339 
2 alleles
0.3% missing data
   0   (0.537) 0.579 0.476 0.544 
   1   (0.463) 0.421 0.524 0.456 

Locus 165 : Mnov_gtseq_340 
2 alleles
2.0% missing data
   0   (0.522) 0.636 0.542 0.468 
   1   (0.478) 0.364 0.458 0.532 

Locus 166 : Mnov_gtseq_341 
2 alleles
0.0% missing data
   1   (0.794) 0.673 0.926 0.812 
   0   (0.206) 0.327 0.074 0.188 

Locus 167 : Mnov_gtseq_342 
2 alleles
13.4% missing data
   0   (0.539) 0.606 0.325 0.581 
   1   (0.461) 0.394 0.675 0.419 

Locus 168 : Mnov_gtseq_344 
2 alleles
