

----------------------------------------------------
STRUCTURE by Pritchard, Stephens and Donnelly (2000)
     and Falush, Stephens and Pritchard (2003)
       Code by Pritchard, Falush and Hubisz
             Version 2.3.4 (Jul 2012)
----------------------------------------------------



Command line arguments:   structure -m wint.area.structureRun/wint.area.structureRun.k3.r2_mainparams -e wint.area.structureRun/wint.area.structureRun.k3.r2_extraparams -i wint.area.structureRun/wint.area.structureRun.k3.r2_data -o wint.area.structureRun/wint.area.structureRun.k3.r2_out 
Input File:    wint.area.structureRun/wint.area.structureRun.k3.r2_data

Run parameters:
   350 individuals
   298 loci
   3 populations assumed
   1000 Burn-in period
   10000 Reps


--------------------------------------------
Proportion of membership of each pre-defined
 population in each of the 3 clusters

Given    Inferred Clusters       Number of
 Pop       1      2      3      Individuals

  1:     0.516  0.319  0.166       77
  2:     0.197  0.234  0.568      124
  3:     0.397  0.352  0.251      113
  4:     0.293  0.315  0.392       27
  5:     0.088  0.824  0.089        9
--------------------------------------------

Allele-freq. divergence among pops (Net nucleotide distance),
computed using point estimates of P.

      1       2       3      
 1      -    0.0116  0.0249  
 2   0.0116     -    0.0194  
 3   0.0249  0.0194     -    

Average distances (expected heterozygosity) between individuals in same cluster:
cluster  1  : 0.4478 
cluster  2  : 0.4467 
cluster  3  : 0.4348 

--------------------------------------------
Estimated Ln Prob of Data   = -135710.9
Mean value of ln likelihood = -135115.7
Variance of ln likelihood   = 1190.5
Mean value of alpha         = 1.0000

Mean value of Fst_1         = 0.0541
Mean value of Fst_2         = 0.0288
Mean value of Fst_3         = 0.0886


Inferred ancestry of individuals:
        Label (%Miss) Pop:  Inferred clusters
  1   207778    (1)    2 :  0.234 0.125 0.641 
  2 z0005757    (7)    3 :  0.470 0.311 0.220 
  3 z0005758    (0)    3 :  0.479 0.306 0.216 
  4 z0011944    (0)    1 :  0.038 0.843 0.119 
  5 z0012702    (8)    4 :  0.062 0.130 0.807 
  6 z0016577    (1)    3 :  0.447 0.213 0.340 
  7 z0016578   (20)    1 :  0.643 0.247 0.110 
  8 z0016579    (1)    3 :  0.260 0.499 0.241 
  9 z0018264    (0)    1 :  0.073 0.807 0.121 
 10 z0029828    (2)    3 :  0.661 0.150 0.188 
 11 z0029829   (13)    1 :  0.780 0.117 0.104 
 12 z0029846    (0)    1 :  0.487 0.218 0.295 
 13 z0029860    (0)    3 :  0.611 0.156 0.233 
 14 z0029863    (1)    1 :  0.158 0.675 0.167 
 15 z0029864    (8)    1 :  0.217 0.615 0.168 
 16 z0029865   (12)    3 :  0.634 0.283 0.083 
 17 z0037607    (1)    3 :  0.116 0.586 0.298 
 18 z0037609   (23)    3 :  0.379 0.433 0.188 
 19 z0037624   (20)    1 :  0.497 0.290 0.213 
 20 z0038417    (7)    2 :  0.098 0.174 0.728 
 21 z0040275    (8)    2 :  0.095 0.227 0.679 
 22 z0040287    (3)    2 :  0.241 0.429 0.330 
 23 z0040308    (0)    2 :  0.172 0.107 0.721 
 24 z0040333    (1)    2 :  0.206 0.168 0.626 
 25 z0040334    (1)    2 :  0.066 0.108 0.826 
 26 z0040337    (4)    2 :  0.169 0.395 0.436 
 27 z0040345    (1)    2 :  0.101 0.150 0.749 
 28 z0040357    (5)    2 :  0.224 0.200 0.576 
 29 z0040363   (19)    2 :  0.175 0.242 0.583 
 30 z0040364    (0)    2 :  0.089 0.095 0.816 
 31 z0040387    (0)    2 :  0.179 0.248 0.573 
 32 z0040403   (15)    2 :  0.255 0.258 0.488 
 33 z0040439    (0)    2 :  0.057 0.137 0.806 
 34 z0040465   (20)    2 :  0.322 0.150 0.529 
 35 z0040513   (24)    3 :  0.455 0.234 0.310 
 36 z0040961   (11)    2 :  0.169 0.406 0.425 
 37 z0040985   (14)    2 :  0.228 0.356 0.416 
 38 z0041026    (0)    2 :  0.243 0.177 0.579 
 39 z0041051   (30)    2 :  0.111 0.329 0.560 
 40 z0041115    (7)    2 :  0.316 0.109 0.576 
 41 z0041153   (23)    2 :  0.239 0.312 0.449 
 42 z0041233    (3)    2 :  0.369 0.127 0.505 
 43 z0041243    (0)    2 :  0.193 0.257 0.550 
 44 z0041248    (5)    2 :  0.143 0.230 0.627 
 45 z0041250    (1)    2 :  0.104 0.155 0.741 
 46 z0041274    (1)    2 :  0.311 0.316 0.372 
 47 z0041465   (16)    2 :  0.352 0.066 0.582 
 48 z0041472    (2)    2 :  0.309 0.155 0.536 
 49 z0041480    (9)    2 :  0.288 0.157 0.555 
 50 z0041483    (0)    2 :  0.182 0.076 0.742 
 51 z0041494   (12)    2 :  0.131 0.203 0.666 
 52 z0041498    (1)    2 :  0.176 0.196 0.628 
 53 z0041501    (1)    2 :  0.074 0.181 0.745 
 54 z0041507    (6)    2 :  0.119 0.254 0.627 
 55 z0041512    (0)    2 :  0.104 0.128 0.768 
 56 z0041522   (15)    2 :  0.183 0.251 0.566 
 57 z0041526    (0)    3 :  0.186 0.077 0.737 
 58 z0041527   (14)    2 :  0.336 0.122 0.543 
 59 z0043243    (1)    2 :  0.295 0.533 0.171 
 60 z0043278    (0)    2 :  0.098 0.239 0.663 
 61 z0043475   (16)    3 :  0.238 0.285 0.478 
 62 z0043477    (0)    2 :  0.188 0.321 0.490 
 63 z0043478    (2)    2 :  0.099 0.140 0.761 
 64 z0043481    (0)    2 :  0.129 0.157 0.714 
 65 z0043489    (5)    2 :  0.078 0.217 0.705 
 66 z0043491   (12)    2 :  0.189 0.369 0.442 
 67 z0043493    (2)    2 :  0.209 0.422 0.369 
 68 z0043494    (1)    2 :  0.247 0.173 0.580 
 69 z0043498    (1)    2 :  0.118 0.124 0.758 
 70 z0043504    (7)    2 :  0.169 0.403 0.428 
 71 z0043526    (3)    4 :  0.136 0.479 0.385 
 72 z0043566    (2)    2 :  0.155 0.155 0.690 
 73 z0043572    (0)    2 :  0.154 0.153 0.694 
 74 z0043599    (2)    2 :  0.323 0.187 0.490 
 75 z0043642    (0)    2 :  0.185 0.189 0.625 
 76 z0043649    (1)    2 :  0.143 0.110 0.747 
 77 z0043652    (1)    2 :  0.330 0.415 0.255 
 78 z0043668    (0)    2 :  0.272 0.216 0.512 
 79 z0043674    (0)    4 :  0.696 0.192 0.112 
 80 z0043686    (1)    2 :  0.163 0.267 0.570 
 81 z0043693    (1)    2 :  0.249 0.207 0.543 
 82 z0043704   (14)    2 :  0.088 0.103 0.809 
 83 z0043807    (1)    2 :  0.170 0.250 0.579 
 84 z0043819    (0)    2 :  0.248 0.487 0.264 
 85 z0043876    (7)    2 :  0.474 0.174 0.352 
 86 z0043877   (32)    2 :  0.327 0.203 0.470 
 87 z0043891   (21)    4 :  0.231 0.367 0.401 
 88 z0043915   (31)    2 :  0.188 0.429 0.383 
 89 z0043940   (10)    2 :  0.290 0.566 0.143 
 90 z0043954    (1)    2 :  0.292 0.360 0.348 
 91 z0043966    (5)    2 :  0.131 0.175 0.694 
 92 z0043980    (1)    2 :  0.300 0.235 0.465 
 93 z0044017   (11)    2 :  0.152 0.194 0.654 
 94 z0044019   (14)    2 :  0.277 0.229 0.494 
 95 z0044023   (35)    2 :  0.108 0.098 0.794 
 96 z0044033    (0)    2 :  0.065 0.048 0.887 
 97 z0044042    (3)    2 :  0.099 0.099 0.802 
 98 z0044047   (24)    2 :  0.123 0.157 0.720 
 99 z0044064   (13)    2 :  0.123 0.248 0.629 
100 z0044432   (14)    2 :  0.257 0.422 0.321 
101 z0045326    (0)    3 :  0.572 0.173 0.255 
102 z0045331    (5)    1 :  0.471 0.252 0.277 
103 z0045332    (1)    1 :  0.371 0.410 0.219 
104 z0045333    (6)    1 :  0.636 0.260 0.104 
105 z0045337    (4)    1 :  0.738 0.156 0.106 
106 z0045342   (12)    1 :  0.535 0.193 0.272 
107 z0045347    (1)    3 :  0.256 0.560 0.184 
108 z0045350    (0)    1 :  0.395 0.438 0.167 
109 z0045370    (0)    1 :  0.853 0.094 0.053 
110 z0045371    (1)    3 :  0.358 0.383 0.260 
111 z0045398    (1)    3 :  0.420 0.530 0.050 
112 z0045399    (1)    3 :  0.293 0.602 0.105 
113 z0045401   (23)    1 :  0.511 0.261 0.229 
114 z0045404    (0)    3 :  0.697 0.183 0.120 
115 z0045405    (4)    3 :  0.263 0.541 0.196 
116 z0045407    (1)    3 :  0.190 0.604 0.206 
117 z0045719    (0)    2 :  0.133 0.286 0.581 
118 z0045720    (1)    2 :  0.369 0.353 0.278 
119 z0045728    (0)    2 :  0.185 0.172 0.643 
120 z0045731    (0)    2 :  0.172 0.359 0.469 
121 z0045733    (0)    2 :  0.401 0.241 0.359 
122 z0045736    (1)    2 :  0.309 0.239 0.452 
123 z0045739    (1)    2 :  0.289 0.417 0.294 
124 z0045740    (1)    2 :  0.125 0.174 0.701 
125 z0045741    (0)    2 :  0.148 0.294 0.557 
126 z0045742    (0)    2 :  0.269 0.099 0.632 
127 z0045776    (0)    3 :  0.269 0.336 0.395 
128 z0045779    (0)    2 :  0.137 0.064 0.799 
129 z0045781    (0)    2 :  0.126 0.237 0.637 
130 z0045788    (5)    2 :  0.061 0.102 0.837 
131 z0045789    (2)    2 :  0.087 0.193 0.720 
132 z0045791    (4)    2 :  0.128 0.205 0.666 
133 z0045792   (22)    1 :  0.331 0.376 0.293 
134 z0045793    (0)    3 :  0.613 0.104 0.284 
135 z0047562   (14)    2 :  0.204 0.156 0.639 
136 z0047854    (1)    2 :  0.186 0.163 0.651 
137 z0051185    (0)    1 :  0.517 0.365 0.118 
138 z0051324    (0)    1 :  0.560 0.288 0.151 
139 z0051327    (3)    3 :  0.401 0.221 0.378 
140 z0051328    (1)    1 :  0.524 0.239 0.237 
141 z0051380    (0)    1 :  0.820 0.139 0.041 
142 z0051400    (0)    3 :  0.530 0.166 0.304 
143 z0051431   (21)    3 :  0.336 0.193 0.471 
144 z0051840   (33)    2 :  0.185 0.248 0.568 
145 z0051844   (27)    2 :  0.161 0.323 0.516 
146 z0051875   (28)    3 :  0.527 0.262 0.211 
147 z0051885    (7)    3 :  0.180 0.242 0.578 
148 z0051888    (0)    2 :  0.227 0.158 0.615 
149 z0051891    (0)    1 :  0.377 0.361 0.262 
150 z0051893    (2)    1 :  0.522 0.291 0.187 
151 z0051895    (0)    3 :  0.600 0.234 0.166 
152 z0051918    (0)    3 :  0.100 0.508 0.392 
153 z0051929    (1)    1 :  0.687 0.170 0.143 
154 z0051939   (11)    3 :  0.262 0.318 0.420 
155 z0051947    (3)    1 :  0.612 0.244 0.144 
156 z0051959    (1)    3 :  0.183 0.574 0.243 
157 z0052846    (0)    4 :  0.405 0.299 0.296 
158 z0052882    (1)    2 :  0.290 0.288 0.423 
159 z0053020   (20)    2 :  0.189 0.266 0.546 
160 z0053024   (12)    2 :  0.271 0.306 0.423 
161 z0053025    (3)    2 :  0.073 0.099 0.828 
162 z0053031    (0)    2 :  0.319 0.384 0.298 
163 z0053032    (0)    2 :  0.180 0.334 0.486 
164 z0053040    (5)    2 :  0.249 0.239 0.511 
165 z0053051    (0)    3 :  0.298 0.573 0.129 
166 z0053054    (5)    3 :  0.501 0.327 0.172 
167 z0053071    (2)    2 :  0.122 0.105 0.773 
168 z0053073    (1)    2 :  0.272 0.466 0.262 
169 z0053078    (0)    3 :  0.073 0.410 0.518 
170 z0053082    (1)    3 :  0.250 0.152 0.598 
171 z0053083   (12)    2 :  0.248 0.216 0.536 
172 z0053090   (10)    3 :  0.112 0.276 0.612 
173 z0053096    (0)    2 :  0.046 0.169 0.784 
174 z0053100    (6)    2 :  0.128 0.177 0.695 
175 z0053101    (0)    2 :  0.125 0.343 0.532 
176 z0053102    (8)    2 :  0.119 0.157 0.723 
177 z0053103    (0)    2 :  0.100 0.084 0.816 
178 z0053111    (2)    3 :  0.291 0.465 0.244 
179 z0053131    (0)    2 :  0.340 0.152 0.508 
180 z0053132    (0)    2 :  0.081 0.482 0.437 
181 z0053133    (0)    2 :  0.302 0.414 0.283 
182 z0053138    (0)    2 :  0.352 0.197 0.451 
183 z0053142    (2)    2 :  0.330 0.238 0.432 
184 z0053149    (0)    2 :  0.147 0.231 0.622 
185 z0053754    (1)    1 :  0.236 0.554 0.209 
186 z0053756    (1)    1 :  0.154 0.748 0.098 
187 z0053758   (17)    1 :  0.728 0.110 0.162 
188 z0053759    (0)    1 :  0.550 0.345 0.104 
189 z0053842    (1)    1 :  0.417 0.345 0.237 
190 z0053843    (6)    1 :  0.716 0.198 0.086 
191 z0053844    (7)    1 :  0.511 0.267 0.221 
192 z0053846    (2)    1 :  0.753 0.142 0.105 
193 z0053847    (0)    1 :  0.412 0.356 0.232 
194 z0053849    (1)    1 :  0.308 0.554 0.139 
195 z0055903    (1)    4 :  0.389 0.408 0.203 
196 z0055910   (34)    4 :  0.277 0.383 0.340 
197 z0055912    (7)    4 :  0.126 0.537 0.338 
198 z0055916   (15)    4 :  0.302 0.382 0.316 
199 z0055931    (2)    4 :  0.150 0.152 0.697 
200 z0055944    (3)    4 :  0.466 0.251 0.284 
201 z0055947    (9)    4 :  0.383 0.285 0.333 
202 z0055962    (6)    4 :  0.188 0.229 0.584 
203 z0055963   (21)    4 :  0.179 0.258 0.563 
204 z0055965   (25)    4 :  0.146 0.767 0.087 
205 z0055970   (15)    4 :  0.272 0.270 0.458 
206 z0055971    (7)    4 :  0.278 0.349 0.372 
207 z0055977    (6)    4 :  0.197 0.263 0.540 
208 z0055986   (19)    4 :  0.551 0.261 0.188 
209 z0055990    (6)    4 :  0.162 0.179 0.659 
210 z0055996    (2)    4 :  0.364 0.157 0.479 
211 z0055997    (3)    4 :  0.376 0.191 0.434 
212 z0055998    (4)    4 :  0.232 0.567 0.201 
213 z0055999    (2)    4 :  0.525 0.293 0.181 
214 z0056011    (7)    4 :  0.282 0.396 0.321 
215 z0056029    (4)    4 :  0.342 0.177 0.482 
216 z0056034    (0)    4 :  0.194 0.272 0.533 
217 z0056056   (25)    3 :  0.556 0.221 0.223 
218 z0056058    (5)    3 :  0.882 0.071 0.047 
219 z0056059    (8)    3 :  0.327 0.383 0.289 
220 z0056062    (1)    3 :  0.284 0.482 0.234 
221 z0056063    (4)    3 :  0.433 0.419 0.148 
222 z0056064    (0)    3 :  0.230 0.601 0.169 
223 z0056065    (0)    3 :  0.511 0.384 0.105 
224 z0056073    (0)    3 :  0.556 0.272 0.172 
225 z0056076    (4)    3 :  0.199 0.582 0.219 
226 z0056079    (9)    3 :  0.412 0.464 0.124 
227 z0056085    (0)    3 :  0.380 0.424 0.196 
228 z0056092    (1)    3 :  0.322 0.573 0.105 
229 z0056095    (1)    3 :  0.418 0.479 0.103 
230 z0056103    (7)    3 :  0.544 0.383 0.074 
231 z0056374    (7)    1 :  0.816 0.123 0.061 
232 z0056375    (0)    1 :  0.717 0.181 0.102 
233 z0056377    (0)    1 :  0.381 0.426 0.193 
234 z0056378    (0)    1 :  0.685 0.154 0.161 
235 z0056382    (0)    1 :  0.677 0.218 0.105 
236 z0056384    (3)    1 :  0.367 0.498 0.135 
237 z0056386    (7)    1 :  0.668 0.232 0.100 
238 z0056389    (0)    1 :  0.788 0.109 0.103 
239 z0056391    (1)    1 :  0.908 0.054 0.038 
240 z0056392   (11)    1 :  0.739 0.165 0.095 
241 z0056393    (8)    1 :  0.659 0.121 0.220 
242 z0056394    (0)    1 :  0.696 0.147 0.156 
243 z0056395    (1)    1 :  0.348 0.424 0.228 
244 z0056397    (0)    1 :  0.200 0.499 0.301 
245 z0061527    (2)    3 :  0.144 0.157 0.699 
246 z0061967    (1)    3 :  0.362 0.378 0.260 
247 z0061969    (0)    3 :  0.371 0.106 0.523 
248 z0061980    (1)    1 :  0.444 0.367 0.190 
249 z0066166    (3)    3 :  0.498 0.147 0.355 
250 z0066792    (2)    1 :  0.076 0.780 0.145 
251 z0066805    (1)    1 :  0.079 0.817 0.104 
252 z0068471    (2)    3 :  0.438 0.401 0.162 
253 z0075696    (6)    5 :  0.068 0.856 0.076 
254 z0101084    (7)    1 :  0.743 0.120 0.137 
255 z0107099    (2)    3 :  0.769 0.171 0.061 
256 z0107101    (0)    1 :  0.881 0.057 0.062 
257 z0108489    (0)    1 :  0.325 0.462 0.213 
258 z0108513    (0)    1 :  0.710 0.142 0.148 
259 z0108528    (0)    3 :  0.475 0.164 0.361 
260 z0113628    (1)    3 :  0.181 0.514 0.304 
261 z0133302   (16)    1 :  0.402 0.390 0.209 
262 z0173485    (1)    1 :  0.187 0.351 0.462 
263 z0175371    (1)    3 :  0.180 0.488 0.332 
264 z0175378    (0)    2 :  0.145 0.083 0.772 
265 z0175912    (0)    1 :  0.612 0.214 0.174 
266 z0175916    (1)    1 :  0.249 0.344 0.407 
267 z0175937    (1)    1 :  0.604 0.279 0.118 
268 z0178348   (12)    1 :  0.596 0.227 0.177 
269 z0187819    (7)    3 :  0.574 0.237 0.189 
270 z0187857    (1)    1 :  0.747 0.093 0.160 
271 z0187860    (0)    1 :  0.454 0.275 0.271 
272 z0187885    (0)    2 :  0.081 0.443 0.476 
273 z0187906    (9)    1 :  0.198 0.568 0.234 
274 z0195655    (0)    2 :  0.087 0.094 0.819 
275 z0195663    (0)    3 :  0.129 0.278 0.592 
276 z0195683    (1)    3 :  0.615 0.245 0.140 
277 z0195688    (0)    2 :  0.252 0.303 0.445 
278 z0195691    (0)    3 :  0.200 0.534 0.266 
279 z0195699    (0)    3 :  0.516 0.182 0.302 
280 z0195701    (7)    3 :  0.553 0.325 0.122 
281 z0195702    (0)    3 :  0.213 0.468 0.319 
282 z0195704    (0)    3 :  0.493 0.190 0.317 
283 z0195705    (0)    3 :  0.119 0.139 0.741 
284 z0195711    (0)    3 :  0.217 0.621 0.162 
285 z0195716    (0)    3 :  0.246 0.583 0.171 
286 z0195718   (12)    3 :  0.590 0.331 0.079 
287 z0195725    (5)    3 :  0.399 0.144 0.457 
288 z0195726   (16)    1 :  0.333 0.546 0.121 
289 z0195728   (14)    3 :  0.793 0.149 0.057 
290 z0195732   (16)    3 :  0.582 0.346 0.072 
291 z0195737    (0)    3 :  0.236 0.237 0.527 
292 z0195740   (26)    3 :  0.216 0.488 0.296 
293 z0195751    (1)    3 :  0.707 0.193 0.100 
294 z0195762    (1)    3 :  0.164 0.763 0.073 
295 z0195784    (0)    3 :  0.462 0.447 0.091 
296 z0196686    (0)    5 :  0.047 0.909 0.044 
297 z0196687    (0)    5 :  0.066 0.784 0.150 
298 z0196689    (0)    5 :  0.055 0.812 0.133 
299 z0196690    (2)    5 :  0.150 0.778 0.072 
300 z0196691    (7)    5 :  0.071 0.875 0.054 
301 z0196692    (1)    5 :  0.126 0.776 0.099 
302 z0196693    (1)    5 :  0.111 0.796 0.093 
303 z0196694    (1)    5 :  0.095 0.830 0.075 
304 z0196710    (0)    3 :  0.213 0.593 0.194 
305 z0196715   (22)    3 :  0.685 0.200 0.115 
306 z0196719    (0)    3 :  0.456 0.304 0.241 
307 z0196724   (20)    3 :  0.534 0.220 0.246 
308 z0196725    (0)    3 :  0.595 0.261 0.144 
309 z0196729    (1)    3 :  0.441 0.394 0.165 
310 z0196730    (3)    1 :  0.689 0.155 0.156 
311 z0196731    (0)    3 :  0.565 0.302 0.132 
312 z0196733   (13)    1 :  0.461 0.367 0.172 
313 z0196734    (1)    3 :  0.351 0.350 0.299 
314 z0196739   (17)    3 :  0.383 0.207 0.410 
315 z0196740   (11)    3 :  0.291 0.593 0.116 
316 z0196746    (1)    1 :  0.656 0.253 0.091 
317 z0196751    (0)    3 :  0.375 0.451 0.174 
318 z0196752    (0)    3 :  0.100 0.855 0.045 
319 z0196754    (0)    3 :  0.639 0.121 0.239 
320 z0196758    (1)    1 :  0.479 0.340 0.181 
321 z0196763    (1)    3 :  0.353 0.434 0.213 
322 z0196764    (0)    3 :  0.550 0.331 0.119 
323 z0196766    (0)    3 :  0.405 0.502 0.093 
324 z0196769    (1)    3 :  0.608 0.313 0.079 
325 z0196774    (0)    3 :  0.297 0.637 0.067 
326 z0196783    (0)    1 :  0.844 0.093 0.063 
327 z0196794    (2)    1 :  0.715 0.216 0.069 
328 z0196804   (14)    1 :  0.604 0.281 0.115 
329 z0196809    (0)    3 :  0.463 0.434 0.103 
330 z0196810    (1)    1 :  0.246 0.645 0.108 
331 z0196811    (0)    1 :  0.466 0.459 0.075 
332 z0196824    (0)    3 :  0.243 0.369 0.388 
333 z0196825    (0)    3 :  0.540 0.189 0.271 
334 z0196828    (1)    2 :  0.413 0.304 0.283 
335 z0196829    (0)    3 :  0.527 0.218 0.255 
336 z0196834   (26)    3 :  0.484 0.211 0.304 
337 z0196835    (0)    3 :  0.799 0.098 0.104 
338 z0196841   (20)    3 :  0.320 0.537 0.143 
339 z0196843   (25)    3 :  0.651 0.152 0.197 
340 z0196849    (0)    3 :  0.615 0.227 0.158 
341 z0196852    (0)    2 :  0.242 0.352 0.406 
342 z0196855    (0)    2 :  0.173 0.411 0.416 
343 z0196856    (0)    3 :  0.122 0.473 0.406 
344 z0196864    (1)    3 :  0.183 0.250 0.567 
345 z0196894    (0)    3 :  0.401 0.521 0.078 
346 z0197662    (2)    1 :  0.287 0.257 0.456 
347 z0197665    (2)    1 :  0.824 0.122 0.055 
348 z0197668   (20)    3 :  0.154 0.694 0.152 
349 z0197669    (0)    3 :  0.161 0.244 0.595 
350 z0197672    (1)    3 :  0.389 0.421 0.190 


Estimated Allele Frequencies in each cluster
First column gives estimated ancestral frequencies


Locus 1 : Mnov_gtseq_1 
2 alleles
0.0% missing data
   0   (0.426) 0.436 0.448 0.323 
   1   (0.574) 0.564 0.552 0.677 

Locus 2 : Mnov_gtseq_10 
2 alleles
0.3% missing data
   0   (0.818) 0.696 0.844 0.936 
   1   (0.182) 0.304 0.156 0.064 

Locus 3 : Mnov_gtseq_102 
2 alleles
0.9% missing data
   0   (0.551) 0.481 0.539 0.702 
   1   (0.449) 0.519 0.461 0.298 

Locus 4 : Mnov_gtseq_104 
2 alleles
0.3% missing data
   0   (0.869) 0.753 0.918 0.929 
   1   (0.131) 0.247 0.082 0.071 

Locus 5 : Mnov_gtseq_106 
2 alleles
14.9% missing data
   1   (0.749) 0.802 0.729 0.797 
   0   (0.251) 0.198 0.271 0.203 

Locus 6 : Mnov_gtseq_107 
2 alleles
37.4% missing data
   1   (0.209) 0.154 0.168 0.400 
   0   (0.791) 0.846 0.832 0.600 

Locus 7 : Mnov_gtseq_112 
2 alleles
0.9% missing data
   0   (0.571) 0.692 0.473 0.684 
   1   (0.429) 0.308 0.527 0.316 

Locus 8 : Mnov_gtseq_113 
2 alleles
2.0% missing data
   1   (0.713) 0.804 0.703 0.656 
   0   (0.287) 0.196 0.297 0.344 

Locus 9 : Mnov_gtseq_114 
3 alleles
4.3% missing data
   0   (0.501) 0.628 0.495 0.356 
   1   (0.469) 0.364 0.492 0.612 
   2   (0.029) 0.007 0.013 0.033 

Locus 10 : Mnov_gtseq_117 
2 alleles
26.9% missing data
   0   (0.639) 0.521 0.652 0.796 
   1   (0.361) 0.479 0.348 0.204 

Locus 11 : Mnov_gtseq_12 
2 alleles
0.3% missing data
   0   (0.489) 0.477 0.554 0.296 
   1   (0.511) 0.523 0.446 0.704 

Locus 12 : Mnov_gtseq_124 
4 alleles
5.1% missing data
   3   (0.718) 0.688 0.755 0.846 
   2   (0.224) 0.294 0.210 0.125 
   1   (0.031) 0.009 0.016 0.024 
   0   (0.027) 0.009 0.019 0.004 

Locus 13 : Mnov_gtseq_125 
3 alleles
1.7% missing data
   1   (0.224) 0.150 0.193 0.356 
   2   (0.702) 0.831 0.756 0.333 
   0   (0.074) 0.019 0.051 0.311 

Locus 14 : Mnov_gtseq_126 
2 alleles
0.0% missing data
   0   (0.383) 0.222 0.489 0.319 
   1   (0.617) 0.778 0.511 0.681 

Locus 15 : Mnov_gtseq_127 
2 alleles
6.9% missing data
   0   (0.631) 0.679 0.664 0.471 
   1   (0.369) 0.321 0.336 0.529 

Locus 16 : Mnov_gtseq_128 
2 alleles
30.9% missing data
   0   (0.688) 0.786 0.655 0.663 
   1   (0.312) 0.214 0.345 0.337 

Locus 17 : Mnov_gtseq_129 
3 alleles
2.0% missing data
   0   (0.479) 0.524 0.428 0.589 
   1   (0.308) 0.342 0.275 0.306 
   2   (0.213) 0.134 0.297 0.105 

Locus 18 : Mnov_gtseq_13 
3 alleles
0.0% missing data
   1   (0.386) 0.543 0.313 0.393 
   2   (0.192) 0.102 0.245 0.142 
   0   (0.423) 0.355 0.441 0.465 

Locus 19 : Mnov_gtseq_130 
2 alleles
28.6% missing data
   1   (0.514) 0.475 0.541 0.504 
   0   (0.486) 0.525 0.459 0.496 

Locus 20 : Mnov_gtseq_135 
2 alleles
0.6% missing data
   0   (0.450) 0.431 0.438 0.512 
   1   (0.550) 0.569 0.562 0.488 

Locus 21 : Mnov_gtseq_138 
3 alleles
0.6% missing data
   0   (0.242) 0.277 0.198 0.284 
   1   (0.528) 0.485 0.554 0.599 
   2   (0.230) 0.238 0.249 0.117 

Locus 22 : Mnov_gtseq_140 
2 alleles
1.1% missing data
   0   (0.426) 0.405 0.390 0.572 
   1   (0.574) 0.595 0.610 0.428 

Locus 23 : Mnov_gtseq_141 
2 alleles
0.3% missing data
   0   (0.550) 0.630 0.524 0.521 
   1   (0.450) 0.370 0.476 0.479 

Locus 24 : Mnov_gtseq_143 
2 alleles
2.6% missing data
   1   (0.540) 0.642 0.498 0.499 
   0   (0.460) 0.358 0.502 0.501 

Locus 25 : Mnov_gtseq_145 
2 alleles
2.0% missing data
   0   (0.455) 0.519 0.415 0.459 
   1   (0.545) 0.481 0.585 0.541 

Locus 26 : Mnov_gtseq_147 
3 alleles
25.4% missing data
   0   (0.781) 0.862 0.815 0.574 
   2   (0.137) 0.115 0.119 0.107 
   1   (0.082) 0.022 0.066 0.319 

Locus 27 : Mnov_gtseq_148 
3 alleles
9.1% missing data
   0   (0.323) 0.250 0.420 0.167 
   1   (0.424) 0.404 0.384 0.595 
   2   (0.254) 0.345 0.196 0.238 

Locus 28 : Mnov_gtseq_149 
2 alleles
0.3% missing data
   0   (0.606) 0.629 0.620 0.555 
   1   (0.394) 0.371 0.380 0.445 

Locus 29 : Mnov_gtseq_15 
2 alleles
0.0% missing data
   0   (0.473) 0.513 0.468 0.419 
   1   (0.527) 0.487 0.532 0.581 

Locus 30 : Mnov_gtseq_152 
2 alleles
0.9% missing data
   0   (0.329) 0.291 0.315 0.383 
   1   (0.671) 0.709 0.685 0.617 

Locus 31 : Mnov_gtseq_154 
3 alleles
3.4% missing data
   0   (0.355) 0.441 0.373 0.195 
   2   (0.221) 0.159 0.227 0.251 
   1   (0.424) 0.400 0.400 0.554 

Locus 32 : Mnov_gtseq_157 
2 alleles
0.6% missing data
   1   (0.544) 0.539 0.524 0.628 
   0   (0.456) 0.461 0.476 0.372 

Locus 33 : Mnov_gtseq_158 
2 alleles
0.6% missing data
   0   (0.429) 0.626 0.452 0.118 
   1   (0.571) 0.374 0.548 0.882 

Locus 34 : Mnov_gtseq_159 
3 alleles
24.0% missing data
   0   (0.596) 0.697 0.626 0.433 
   1   (0.198) 0.157 0.162 0.352 
   2   (0.206) 0.146 0.212 0.215 

Locus 35 : Mnov_gtseq_16 
2 alleles
0.0% missing data
   0   (0.628) 0.675 0.626 0.609 
   1   (0.372) 0.325 0.374 0.391 

Locus 36 : Mnov_gtseq_160 
2 alleles
2.3% missing data
   0   (0.482) 0.552 0.465 0.422 
   1   (0.518) 0.448 0.535 0.578 

Locus 37 : Mnov_gtseq_161 
2 alleles
1.7% missing data
   1   (0.753) 0.776 0.743 0.814 
   0   (0.247) 0.224 0.257 0.186 

Locus 38 : Mnov_gtseq_167 
3 alleles
1.1% missing data
   2   (0.738) 0.703 0.790 0.781 
   0   (0.197) 0.266 0.167 0.130 
   1   (0.065) 0.031 0.043 0.088 

Locus 39 : Mnov_gtseq_17 
2 alleles
0.3% missing data
   0   (0.536) 0.531 0.561 0.468 
   1   (0.464) 0.469 0.439 0.532 

Locus 40 : Mnov_gtseq_170 
2 alleles
0.0% missing data
   0   (0.307) 0.292 0.309 0.261 
   1   (0.693) 0.708 0.691 0.739 

Locus 41 : Mnov_gtseq_171 
3 alleles
41.4% missing data
   2   (0.615) 0.576 0.664 0.613 
   0   (0.292) 0.384 0.247 0.276 
   1   (0.092) 0.040 0.089 0.111 

Locus 42 : Mnov_gtseq_173 
4 alleles
21.4% missing data
   3   (0.448) 0.244 0.532 0.564 
   1   (0.482) 0.741 0.422 0.314 
   2   (0.055) 0.012 0.041 0.121 
   0   (0.015) 0.003 0.005 0.001 

Locus 43 : Mnov_gtseq_174 
2 alleles
2.6% missing data
   0   (0.279) 0.221 0.256 0.419 
   1   (0.721) 0.779 0.744 0.581 

Locus 44 : Mnov_gtseq_180 
3 alleles
14.3% missing data
   1   (0.575) 0.637 0.448 0.868 
   2   (0.338) 0.266 0.465 0.118 
   0   (0.086) 0.097 0.087 0.014 

Locus 45 : Mnov_gtseq_182 
2 alleles
8.6% missing data
   0   (0.843) 0.736 0.908 0.844 
   1   (0.157) 0.264 0.092 0.156 

Locus 46 : Mnov_gtseq_186 
3 alleles
28.0% missing data
   1   (0.470) 0.483 0.459 0.505 
   2   (0.092) 0.069 0.113 0.022 
   0   (0.438) 0.448 0.427 0.473 

Locus 47 : Mnov_gtseq_187 
2 alleles
7.1% missing data
   1   (0.577) 0.547 0.563 0.689 
   0   (0.423) 0.453 0.437 0.311 

Locus 48 : Mnov_gtseq_188 
2 alleles
13.4% missing data
   0   (0.585) 0.472 0.641 0.605 
   1   (0.415) 0.528 0.359 0.395 

Locus 49 : Mnov_gtseq_189 
2 alleles
3.7% missing data
   0   (0.419) 0.555 0.333 0.462 
   1   (0.581) 0.445 0.667 0.538 

Locus 50 : Mnov_gtseq_19 
3 alleles
0.0% missing data
   1   (0.842) 0.902 0.859 0.791 
   2   (0.083) 0.086 0.055 0.052 
   0   (0.075) 0.012 0.086 0.158 

Locus 51 : Mnov_gtseq_190 
2 alleles
0.0% missing data
   1   (0.418) 0.421 0.422 0.369 
   0   (0.582) 0.579 0.578 0.631 

Locus 52 : Mnov_gtseq_192 
2 alleles
20.9% missing data
   0   (0.823) 0.811 0.857 0.830 
   1   (0.177) 0.189 0.143 0.170 

Locus 53 : Mnov_gtseq_193 
2 alleles
0.0% missing data
   0   (0.688) 0.755 0.638 0.781 
   1   (0.312) 0.245 0.362 0.219 

Locus 54 : Mnov_gtseq_195 
3 alleles
0.0% missing data
   1   (0.551) 0.484 0.597 0.569 
   2   (0.422) 0.511 0.377 0.428 
   0   (0.027) 0.006 0.026 0.003 

Locus 55 : Mnov_gtseq_196 
2 alleles
0.3% missing data
   0   (0.355) 0.382 0.403 0.147 
   1   (0.645) 0.618 0.597 0.853 

Locus 56 : Mnov_gtseq_197 
3 alleles
0.3% missing data
   1   (0.388) 0.405 0.382 0.323 
   0   (0.408) 0.481 0.330 0.574 
   2   (0.204) 0.115 0.288 0.103 

Locus 57 : Mnov_gtseq_2 
3 alleles
0.3% missing data
   0   (0.183) 0.114 0.168 0.266 
   2   (0.771) 0.876 0.744 0.728 
   1   (0.046) 0.010 0.087 0.006 

Locus 58 : Mnov_gtseq_200 
2 alleles
2.3% missing data
   0   (0.396) 0.346 0.352 0.603 
   1   (0.604) 0.654 0.648 0.397 

Locus 59 : Mnov_gtseq_201 
4 alleles
0.0% missing data
   0   (0.582) 0.487 0.660 0.624 
   2   (0.142) 0.148 0.103 0.180 
   3   (0.145) 0.146 0.112 0.166 
   1   (0.131) 0.218 0.125 0.030 

Locus 60 : Mnov_gtseq_202 
2 alleles
0.0% missing data
   0   (0.404) 0.462 0.337 0.508 
   1   (0.596) 0.538 0.663 0.492 

Locus 61 : Mnov_gtseq_204 
2 alleles
3.4% missing data
   0   (0.440) 0.445 0.410 0.525 
   1   (0.560) 0.555 0.590 0.475 

Locus 62 : Mnov_gtseq_205 
5 alleles
0.0% missing data
   0   (0.219) 0.229 0.200 0.218 
   4   (0.033) 0.007 0.015 0.111 
   3   (0.671) 0.727 0.735 0.609 
   1   (0.060) 0.029 0.044 0.060 
   2   (0.018) 0.009 0.006 0.001 

Locus 63 : Mnov_gtseq_208 
2 alleles
0.0% missing data
   0   (0.648) 0.734 0.677 0.438 
   1   (0.352) 0.266 0.323 0.562 

Locus 64 : Mnov_gtseq_209 
3 alleles
0.0% missing data
   0   (0.425) 0.461 0.365 0.563 
   2   (0.531) 0.532 0.605 0.334 
   1   (0.044) 0.007 0.030 0.103 

Locus 65 : Mnov_gtseq_21 
2 alleles
0.0% missing data
   1   (0.544) 0.616 0.562 0.371 
   0   (0.456) 0.384 0.438 0.629 

Locus 66 : Mnov_gtseq_210 
2 alleles
4.6% missing data
   0   (0.368) 0.545 0.314 0.244 
   1   (0.632) 0.455 0.686 0.756 

Locus 67 : Mnov_gtseq_211 
2 alleles
1.1% missing data
   0   (0.407) 0.478 0.388 0.321 
   1   (0.593) 0.522 0.612 0.679 

Locus 68 : Mnov_gtseq_213 
2 alleles
5.4% missing data
   0   (0.507) 0.591 0.495 0.399 
   1   (0.493) 0.409 0.505 0.601 

Locus 69 : Mnov_gtseq_214 
2 alleles
5.1% missing data
   0   (0.505) 0.530 0.420 0.734 
   1   (0.495) 0.470 0.580 0.266 

Locus 70 : Mnov_gtseq_215 
2 alleles
0.0% missing data
   0   (0.433) 0.416 0.397 0.558 
   1   (0.567) 0.584 0.603 0.442 

Locus 71 : Mnov_gtseq_216 
3 alleles
0.0% missing data
   2   (0.527) 0.423 0.547 0.673 
   1   (0.446) 0.574 0.429 0.321 
   0   (0.027) 0.003 0.025 0.006 

Locus 72 : Mnov_gtseq_217 
2 alleles
23.7% missing data
   0   (0.309) 0.337 0.306 0.216 
   1   (0.691) 0.663 0.694 0.784 

Locus 73 : Mnov_gtseq_218 
2 alleles
0.6% missing data
   0   (0.611) 0.453 0.641 0.783 
   1   (0.389) 0.547 0.359 0.217 

Locus 74 : Mnov_gtseq_22 
4 alleles
3.4% missing data
   2   (0.498) 0.476 0.489 0.702 
   0   (0.221) 0.242 0.217 0.158 
   1   (0.209) 0.223 0.219 0.125 
   3   (0.072) 0.060 0.075 0.015 

Locus 75 : Mnov_gtseq_220 
3 alleles
0.0% missing data
   0   (0.522) 0.477 0.525 0.629 
   1   (0.424) 0.511 0.411 0.339 
   2   (0.054) 0.012 0.064 0.032 

Locus 76 : Mnov_gtseq_223 
2 alleles
2.6% missing data
   0   (0.643) 0.724 0.620 0.623 
   1   (0.357) 0.276 0.380 0.377 

Locus 77 : Mnov_gtseq_224 
3 alleles
0.6% missing data
   0   (0.239) 0.190 0.236 0.270 
   1   (0.709) 0.776 0.713 0.719 
   2   (0.052) 0.034 0.051 0.011 

Locus 78 : Mnov_gtseq_225 
2 alleles
0.0% missing data
   0   (0.491) 0.620 0.422 0.502 
   1   (0.509) 0.380 0.578 0.498 

Locus 79 : Mnov_gtseq_227 
2 alleles
0.3% missing data
   0   (0.545) 0.432 0.587 0.610 
   1   (0.455) 0.568 0.413 0.390 

Locus 80 : Mnov_gtseq_229 
2 alleles
0.9% missing data
   1   (0.540) 0.549 0.525 0.594 
   0   (0.460) 0.451 0.475 0.406 

Locus 81 : Mnov_gtseq_232 
2 alleles
0.0% missing data
   0   (0.462) 0.447 0.417 0.637 
   1   (0.538) 0.553 0.583 0.363 

Locus 82 : Mnov_gtseq_234 
2 alleles
9.1% missing data
   0   (0.737) 0.695 0.752 0.821 
   1   (0.263) 0.305 0.248 0.179 

Locus 83 : Mnov_gtseq_235 
2 alleles
0.0% missing data
   0   (0.809) 0.698 0.859 0.869 
   1   (0.191) 0.302 0.141 0.131 

Locus 84 : Mnov_gtseq_238 
2 alleles
0.0% missing data
   0   (0.611) 0.589 0.592 0.743 
   1   (0.389) 0.411 0.408 0.257 

Locus 85 : Mnov_gtseq_239 
2 alleles
0.0% missing data
   0   (0.720) 0.723 0.725 0.768 
   1   (0.280) 0.277 0.275 0.232 

Locus 86 : Mnov_gtseq_241 
2 alleles
0.0% missing data
   0   (0.855) 0.837 0.899 0.843 
   1   (0.145) 0.163 0.101 0.157 

Locus 87 : Mnov_gtseq_243 
2 alleles
0.0% missing data
   0   (0.601) 0.514 0.658 0.600 
   1   (0.399) 0.486 0.342 0.400 

Locus 88 : Mnov_gtseq_244 
2 alleles
0.0% missing data
   0   (0.317) 0.359 0.257 0.410 
   1   (0.683) 0.641 0.743 0.590 

Locus 89 : Mnov_gtseq_245 
2 alleles
20.0% missing data
   1   (0.490) 0.528 0.423 0.635 
   0   (0.510) 0.472 0.577 0.365 

Locus 90 : Mnov_gtseq_246 
2 alleles
0.3% missing data
   0   (0.402) 0.573 0.283 0.510 
   1   (0.598) 0.427 0.717 0.490 

Locus 91 : Mnov_gtseq_247 
2 alleles
3.1% missing data
   0   (0.321) 0.230 0.404 0.194 
   1   (0.679) 0.770 0.596 0.806 

Locus 92 : Mnov_gtseq_248 
2 alleles
0.3% missing data
   0   (0.222) 0.118 0.216 0.401 
   1   (0.778) 0.882 0.784 0.599 

Locus 93 : Mnov_gtseq_25 
2 alleles
0.3% missing data
   0   (0.434) 0.499 0.353 0.583 
   1   (0.566) 0.501 0.647 0.417 

Locus 94 : Mnov_gtseq_250 
2 alleles
3.4% missing data
   0   (0.779) 0.747 0.826 0.745 
   1   (0.221) 0.253 0.174 0.255 

Locus 95 : Mnov_gtseq_251 
2 alleles
2.0% missing data
   1   (0.207) 0.173 0.199 0.204 
   0   (0.793) 0.827 0.801 0.796 

Locus 96 : Mnov_gtseq_253 
2 alleles
16.3% missing data
   0   (0.489) 0.367 0.546 0.508 
   1   (0.511) 0.633 0.454 0.492 

Locus 97 : Mnov_gtseq_254 
2 alleles
0.0% missing data
   1   (0.909) 0.913 0.909 0.978 
   0   (0.091) 0.087 0.091 0.022 

Locus 98 : Mnov_gtseq_255 
3 alleles
0.0% missing data
   0   (0.345) 0.361 0.310 0.421 
   2   (0.369) 0.347 0.348 0.457 
   1   (0.286) 0.292 0.342 0.122 

Locus 99 : Mnov_gtseq_257 
2 alleles
0.0% missing data
   0   (0.606) 0.745 0.564 0.512 
   1   (0.394) 0.255 0.436 0.488 

Locus 100 : Mnov_gtseq_258 
2 alleles
0.0% missing data
   0   (0.546) 0.415 0.602 0.601 
   1   (0.454) 0.585 0.398 0.399 

Locus 101 : Mnov_gtseq_26 
2 alleles
0.0% missing data
   1   (0.894) 0.935 0.877 0.958 
   0   (0.106) 0.065 0.123 0.042 

Locus 102 : Mnov_gtseq_260 
2 alleles
0.6% missing data
   0   (0.751) 0.824 0.731 0.771 
   1   (0.249) 0.176 0.269 0.229 

Locus 103 : Mnov_gtseq_261 
3 alleles
0.3% missing data
   0   (0.467) 0.479 0.453 0.547 
   1   (0.299) 0.246 0.335 0.254 
   2   (0.234) 0.274 0.212 0.199 

Locus 104 : Mnov_gtseq_262 
3 alleles
3.1% missing data
   0   (0.416) 0.358 0.430 0.511 
   1   (0.434) 0.485 0.439 0.373 
   2   (0.150) 0.156 0.131 0.115 

Locus 105 : Mnov_gtseq_263 
2 alleles
0.0% missing data
   1   (0.825) 0.786 0.851 0.898 
   0   (0.175) 0.214 0.149 0.102 

Locus 106 : Mnov_gtseq_265 
2 alleles
0.0% missing data
   0   (0.438) 0.392 0.414 0.571 
   1   (0.562) 0.608 0.586 0.429 

Locus 107 : Mnov_gtseq_268 
2 alleles
0.0% missing data
   0   (0.590) 0.412 0.651 0.697 
   1   (0.410) 0.588 0.349 0.303 

Locus 108 : Mnov_gtseq_269 
2 alleles
1.1% missing data
   1   (0.474) 0.519 0.457 0.454 
   0   (0.526) 0.481 0.543 0.546 

Locus 109 : Mnov_gtseq_270 
2 alleles
11.1% missing data
   1   (0.777) 0.797 0.788 0.806 
   0   (0.223) 0.203 0.212 0.194 

Locus 110 : Mnov_gtseq_271 
3 alleles
9.7% missing data
   1   (0.594) 0.605 0.614 0.587 
   2   (0.353) 0.376 0.327 0.395 
   0   (0.053) 0.018 0.059 0.018 

Locus 111 : Mnov_gtseq_273 
2 alleles
1.4% missing data
   1   (0.519) 0.556 0.480 0.590 
   0   (0.481) 0.444 0.520 0.410 

Locus 112 : Mnov_gtseq_274 
2 alleles
0.0% missing data
   1   (0.507) 0.493 0.533 0.424 
   0   (0.493) 0.507 0.467 0.576 

Locus 113 : Mnov_gtseq_275 
3 alleles
13.4% missing data
   2   (0.759) 0.750 0.806 0.748 
   1   (0.213) 0.242 0.169 0.246 
   0   (0.028) 0.009 0.024 0.006 

Locus 114 : Mnov_gtseq_277 
2 alleles
0.0% missing data
   0   (0.798) 0.848 0.778 0.868 
   1   (0.202) 0.152 0.222 0.132 

Locus 115 : Mnov_gtseq_278 
2 alleles
1.1% missing data
   0   (0.887) 0.832 0.901 0.973 
   1   (0.113) 0.168 0.099 0.027 

Locus 116 : Mnov_gtseq_28 
2 alleles
0.3% missing data
   0   (0.779) 0.809 0.790 0.783 
   1   (0.221) 0.191 0.210 0.217 

Locus 117 : Mnov_gtseq_281 
3 alleles
1.7% missing data
   2   (0.844) 0.913 0.861 0.847 
   0   (0.120) 0.071 0.107 0.148 
   1   (0.035) 0.016 0.031 0.005 

Locus 118 : Mnov_gtseq_283 
2 alleles
20.6% missing data
   0   (0.757) 0.784 0.752 0.805 
   1   (0.243) 0.216 0.248 0.195 

Locus 119 : Mnov_gtseq_284 
2 alleles
0.0% missing data
   1   (0.646) 0.687 0.653 0.607 
   0   (0.354) 0.313 0.347 0.393 

Locus 120 : Mnov_gtseq_285 
3 alleles
0.0% missing data
   2   (0.582) 0.527 0.667 0.504 
   0   (0.198) 0.277 0.152 0.158 
   1   (0.220) 0.196 0.180 0.337 

Locus 121 : Mnov_gtseq_287 
2 alleles
0.0% missing data
   0   (0.790) 0.828 0.827 0.676 
   1   (0.210) 0.172 0.173 0.324 

Locus 122 : Mnov_gtseq_288 
3 alleles
15.7% missing data
   0   (0.591) 0.511 0.627 0.675 
   2   (0.377) 0.444 0.356 0.322 
   1   (0.032) 0.045 0.017 0.003 

Locus 123 : Mnov_gtseq_289 
4 alleles
0.0% missing data
   0   (0.448) 0.448 0.470 0.451 
   1   (0.392) 0.365 0.391 0.493 
   2   (0.131) 0.175 0.122 0.047 
   3   (0.029) 0.012 0.017 0.009 

Locus 124 : Mnov_gtseq_291 
4 alleles
0.6% missing data
   3   (0.703) 0.722 0.758 0.613 
   1   (0.132) 0.190 0.109 0.051 
   2   (0.036) 0.031 0.022 0.004 
   0   (0.129) 0.057 0.111 0.332 

Locus 125 : Mnov_gtseq_298 
2 alleles
35.7% missing data
   1   (0.583) 0.598 0.511 0.789 
   0   (0.417) 0.402 0.489 0.211 

Locus 126 : Mnov_gtseq_299 
2 alleles
0.9% missing data
   1   (0.580) 0.543 0.619 0.528 
   0   (0.420) 0.457 0.381 0.472 

Locus 127 : Mnov_gtseq_30 
2 alleles
16.9% missing data
   0   (0.950) 0.911 0.971 0.993 
   1   (0.050) 0.089 0.029 0.007 

Locus 128 : Mnov_gtseq_300 
2 alleles
4.6% missing data
   0   (0.582) 0.613 0.560 0.623 
   1   (0.418) 0.387 0.440 0.377 

Locus 129 : Mnov_gtseq_305 
2 alleles
8.9% missing data
   0   (0.889) 0.811 0.924 0.952 
   1   (0.111) 0.189 0.076 0.048 

Locus 130 : Mnov_gtseq_307 
2 alleles
2.3% missing data
   1   (0.495) 0.474 0.506 0.494 
   0   (0.505) 0.526 0.494 0.506 

Locus 131 : Mnov_gtseq_308 
2 alleles
0.0% missing data
   0   (0.598) 0.648 0.577 0.624 
   1   (0.402) 0.352 0.423 0.376 

Locus 132 : Mnov_gtseq_310 
2 alleles
10.3% missing data
   0   (0.866) 0.729 0.897 0.964 
   1   (0.134) 0.271 0.103 0.036 

Locus 133 : Mnov_gtseq_311 
2 alleles
1.7% missing data
   1   (0.665) 0.753 0.621 0.702 
   0   (0.335) 0.247 0.379 0.298 

Locus 134 : Mnov_gtseq_313 
2 alleles
0.9% missing data
   1   (0.766) 0.837 0.742 0.800 
   0   (0.234) 0.163 0.258 0.200 

Locus 135 : Mnov_gtseq_314 
2 alleles
0.0% missing data
   0   (0.516) 0.537 0.545 0.401 
   1   (0.484) 0.463 0.455 0.599 

Locus 136 : Mnov_gtseq_315 
2 alleles
1.1% missing data
   0   (0.500) 0.530 0.480 0.508 
   1   (0.500) 0.470 0.520 0.492 

Locus 137 : Mnov_gtseq_317 
3 alleles
24.3% missing data
   0   (0.490) 0.511 0.478 0.551 
   1   (0.420) 0.434 0.417 0.417 
   2   (0.089) 0.055 0.105 0.033 

Locus 138 : Mnov_gtseq_318 
2 alleles
4.9% missing data
   0   (0.450) 0.483 0.439 0.409 
   1   (0.550) 0.517 0.561 0.591 

Locus 139 : Mnov_gtseq_320 
2 alleles
5.7% missing data
   0   (0.671) 0.701 0.699 0.576 
   1   (0.329) 0.299 0.301 0.424 

Locus 140 : Mnov_gtseq_321 
2 alleles
0.0% missing data
   0   (0.096) 0.247 0.049 0.035 
   1   (0.904) 0.753 0.951 0.965 

Locus 141 : Mnov_gtseq_322 
2 alleles
1.7% missing data
   1   (0.514) 0.524 0.502 0.551 
   0   (0.486) 0.476 0.498 0.449 

Locus 142 : Mnov_gtseq_323 
3 alleles
0.0% missing data
   1   (0.399) 0.467 0.403 0.290 
   0   (0.408) 0.345 0.395 0.603 
   2   (0.193) 0.188 0.202 0.107 

Locus 143 : Mnov_gtseq_326 
2 alleles
3.1% missing data
   0   (0.615) 0.697 0.654 0.371 
   1   (0.385) 0.303 0.346 0.629 

Locus 144 : Mnov_gtseq_328 
2 alleles
0.0% missing data
   1   (0.643) 0.648 0.658 0.623 
   0   (0.357) 0.352 0.342 0.377 

Locus 145 : Mnov_gtseq_33 
2 alleles
0.0% missing data
   0   (0.603) 0.591 0.593 0.690 
   1   (0.397) 0.409 0.407 0.310 

Locus 146 : Mnov_gtseq_332 
2 alleles
11.7% missing data
   0   (0.353) 0.296 0.394 0.268 
   1   (0.647) 0.704 0.606 0.732 

Locus 147 : Mnov_gtseq_333 
2 alleles
3.7% missing data
   1   (0.655) 0.621 0.639 0.802 
   0   (0.345) 0.379 0.361 0.198 

Locus 148 : Mnov_gtseq_334 
2 alleles
0.0% missing data
   0   (0.777) 0.765 0.830 0.685 
   1   (0.223) 0.235 0.170 0.315 

Locus 149 : Mnov_gtseq_335 
2 alleles
0.0% missing data
   1   (0.704) 0.613 0.789 0.605 
   0   (0.296) 0.387 0.211 0.395 

Locus 150 : Mnov_gtseq_337 
3 alleles
14.9% missing data
   1   (0.229) 0.142 0.209 0.424 
   0   (0.267) 0.162 0.333 0.213 
   2   (0.504) 0.696 0.457 0.363 

Locus 151 : Mnov_gtseq_339 
2 alleles
0.3% missing data
   0   (0.552) 0.535 0.590 0.467 
   1   (0.448) 0.465 0.410 0.533 

Locus 152 : Mnov_gtseq_340 
2 alleles
2.0% missing data
   0   (0.533) 0.629 0.483 0.536 
   1   (0.467) 0.371 0.517 0.464 

Locus 153 : Mnov_gtseq_341 
2 alleles
0.0% missing data
   1   (0.771) 0.751 0.742 0.920 
   0   (0.229) 0.249 0.258 0.080 

Locus 154 : Mnov_gtseq_342 
2 alleles
13.1% missing data
   0   (0.530) 0.630 0.533 0.346 
   1   (0.470) 0.370 0.467 0.654 

Locus 155 : Mnov_gtseq_344 
2 alleles
0.0% missing data
   0   (0.577) 0.732 0.509 0.523 
   1   (0.423) 0.268 0.491 0.477 

Locus 156 : Mnov_gtseq_345 
2 alleles
0.0% missing data
   0   (0.771) 0.640 0.791 0.917 
   1   (0.229) 0.360 0.209 0.083 

Locus 157 : Mnov_gtseq_347 
2 alleles
0.0% missing data
   1   (0.695) 0.696 0.680 0.793 
   0   (0.305) 0.304 0.320 0.207 

Locus 158 : Mnov_gtseq_350 
2 alleles
31.7% missing data
   0   (0.310) 0.293 0.252 0.485 
   1   (0.690) 0.707 0.748 0.515 

Locus 159 : Mnov_gtseq_352 
2 alleles
2.9% missing data
   0   (0.494) 0.503 0.488 0.479 
   1   (0.506) 0.497 0.512 0.521 

Locus 160 : Mnov_gtseq_353 
2 alleles
1.1% missing data
   0   (0.489) 0.534 0.492 0.396 
