

----------------------------------------------------
STRUCTURE by Pritchard, Stephens and Donnelly (2000)
     and Falush, Stephens and Pritchard (2003)
       Code by Pritchard, Falush and Hubisz
             Version 2.3.4 (Jul 2012)
----------------------------------------------------



Command line arguments:   structure -m wint.area.structureRun/wint.area.structureRun.k7.r5_mainparams -e wint.area.structureRun/wint.area.structureRun.k7.r5_extraparams -i wint.area.structureRun/wint.area.structureRun.k7.r5_data -o wint.area.structureRun/wint.area.structureRun.k7.r5_out 
Input File:    wint.area.structureRun/wint.area.structureRun.k7.r5_data

Run parameters:
   350 individuals
   298 loci
   7 populations assumed
   1000 Burn-in period
   10000 Reps


--------------------------------------------
Proportion of membership of each pre-defined
 population in each of the 7 clusters

Given    Inferred Clusters                                   Number of
 Pop       1      2      3      4      5      6      7      Individuals

  1:     0.135  0.077  0.104  0.139  0.176  0.147  0.223       77
  2:     0.113  0.265  0.175  0.136  0.107  0.115  0.090      124
  3:     0.133  0.105  0.138  0.161  0.164  0.163  0.136      113
  4:     0.129  0.163  0.175  0.159  0.135  0.125  0.115       27
  5:     0.544  0.058  0.080  0.084  0.075  0.079  0.080        9
--------------------------------------------

Allele-freq. divergence among pops (Net nucleotide distance),
computed using point estimates of P.

      1       2       3       4       5       6       7      
 1      -    0.0626  0.0257  0.0290  0.0376  0.0310  0.0529  
 2   0.0626     -    0.0351  0.0522  0.0597  0.0489  0.0763  
 3   0.0257  0.0351     -    0.0144  0.0222  0.0168  0.0418  
 4   0.0290  0.0522  0.0144     -    0.0230  0.0223  0.0381  
 5   0.0376  0.0597  0.0222  0.0230     -    0.0261  0.0412  
 6   0.0310  0.0489  0.0168  0.0223  0.0261     -    0.0390  
 7   0.0529  0.0763  0.0418  0.0381  0.0412  0.0390     -    

Average distances (expected heterozygosity) between individuals in same cluster:
cluster  1  : 0.4147 
cluster  2  : 0.3934 
cluster  3  : 0.4426 
cluster  4  : 0.4280 
cluster  5  : 0.4370 
cluster  6  : 0.4371 
cluster  7  : 0.4080 

--------------------------------------------
Estimated Ln Prob of Data   = -253149.4
Mean value of ln likelihood = -134001.8
Variance of ln likelihood   = 238295.2
Mean value of alpha         = 1.0000

Mean value of Fst_1         = 0.1469
Mean value of Fst_2         = 0.2318
Mean value of Fst_3         = 0.0948
Mean value of Fst_4         = 0.1260
Mean value of Fst_5         = 0.1332
Mean value of Fst_6         = 0.1184
Mean value of Fst_7         = 0.1994


Inferred ancestry of individuals:
        Label (%Miss) Pop:  Inferred clusters
  1   207778    (1)    2 :  0.095 0.301 0.150 0.188 0.100 0.067 0.100 
  2 z0005757    (7)    3 :  0.114 0.069 0.189 0.107 0.130 0.165 0.226 
  3 z0005758    (0)    3 :  0.126 0.100 0.099 0.271 0.081 0.140 0.183 
  4 z0011944    (0)    1 :  0.602 0.063 0.131 0.061 0.038 0.064 0.040 
  5 z0012702    (8)    4 :  0.110 0.266 0.405 0.070 0.061 0.060 0.029 
  6 z0016577    (1)    3 :  0.091 0.138 0.142 0.212 0.140 0.130 0.147 
  7 z0016578   (20)    1 :  0.107 0.046 0.074 0.090 0.467 0.139 0.076 
  8 z0016579    (1)    3 :  0.170 0.087 0.128 0.207 0.090 0.198 0.120 
  9 z0018264    (0)    1 :  0.512 0.069 0.101 0.075 0.059 0.112 0.071 
 10 z0029828    (2)    3 :  0.072 0.069 0.153 0.155 0.309 0.153 0.090 
 11 z0029829   (13)    1 :  0.054 0.053 0.100 0.122 0.405 0.138 0.128 
 12 z0029846    (0)    1 :  0.106 0.145 0.134 0.121 0.247 0.080 0.168 
 13 z0029860    (0)    3 :  0.080 0.094 0.134 0.138 0.341 0.070 0.144 
 14 z0029863    (1)    1 :  0.298 0.077 0.141 0.149 0.136 0.141 0.058 
 15 z0029864    (8)    1 :  0.276 0.081 0.095 0.185 0.170 0.112 0.081 
 16 z0029865   (12)    3 :  0.074 0.035 0.079 0.405 0.074 0.115 0.217 
 17 z0037607    (1)    3 :  0.239 0.123 0.172 0.180 0.112 0.135 0.040 
 18 z0037609   (23)    3 :  0.158 0.086 0.126 0.199 0.207 0.112 0.114 
 19 z0037624   (20)    1 :  0.068 0.093 0.111 0.185 0.065 0.244 0.234 
 20 z0038417    (7)    2 :  0.116 0.438 0.125 0.087 0.073 0.065 0.096 
 21 z0040275    (8)    2 :  0.153 0.363 0.124 0.110 0.108 0.095 0.047 
 22 z0040287    (3)    2 :  0.210 0.110 0.161 0.208 0.139 0.075 0.097 
 23 z0040308    (0)    2 :  0.044 0.279 0.162 0.299 0.056 0.084 0.077 
 24 z0040333    (1)    2 :  0.063 0.141 0.369 0.112 0.108 0.154 0.052 
 25 z0040334    (1)    2 :  0.080 0.437 0.203 0.094 0.055 0.086 0.045 
 26 z0040337    (4)    2 :  0.160 0.141 0.250 0.152 0.129 0.092 0.076 
 27 z0040345    (1)    2 :  0.121 0.378 0.132 0.183 0.058 0.064 0.064 
 28 z0040357    (5)    2 :  0.103 0.269 0.202 0.096 0.107 0.104 0.119 
 29 z0040363   (19)    2 :  0.077 0.269 0.226 0.116 0.079 0.135 0.098 
 30 z0040364    (0)    2 :  0.079 0.482 0.094 0.145 0.059 0.069 0.072 
 31 z0040387    (0)    2 :  0.104 0.229 0.291 0.099 0.083 0.077 0.117 
 32 z0040403   (15)    2 :  0.112 0.248 0.136 0.099 0.156 0.089 0.161 
 33 z0040439    (0)    2 :  0.173 0.483 0.096 0.074 0.069 0.063 0.041 
 34 z0040465   (20)    2 :  0.072 0.246 0.129 0.131 0.252 0.096 0.074 
 35 z0040513   (24)    3 :  0.103 0.099 0.236 0.160 0.160 0.123 0.119 
 36 z0040961   (11)    2 :  0.193 0.146 0.264 0.082 0.102 0.109 0.103 
 37 z0040985   (14)    2 :  0.104 0.141 0.206 0.191 0.116 0.142 0.100 
 38 z0041026    (0)    2 :  0.090 0.288 0.158 0.091 0.139 0.152 0.081 
 39 z0041051   (30)    2 :  0.200 0.322 0.103 0.106 0.068 0.123 0.078 
 40 z0041115    (7)    2 :  0.064 0.333 0.129 0.105 0.078 0.075 0.217 
 41 z0041153   (23)    2 :  0.145 0.188 0.167 0.161 0.105 0.139 0.095 
 42 z0041233    (3)    2 :  0.081 0.198 0.179 0.160 0.138 0.112 0.131 
 43 z0041243    (0)    2 :  0.111 0.274 0.133 0.254 0.085 0.072 0.072 
 44 z0041248    (5)    2 :  0.121 0.286 0.199 0.107 0.069 0.123 0.094 
 45 z0041250    (1)    2 :  0.108 0.416 0.148 0.103 0.085 0.085 0.055 
 46 z0041274    (1)    2 :  0.181 0.153 0.157 0.107 0.200 0.133 0.069 
 47 z0041465   (16)    2 :  0.037 0.378 0.065 0.092 0.154 0.069 0.204 
 48 z0041472    (2)    2 :  0.070 0.218 0.201 0.181 0.102 0.078 0.149 
 49 z0041480    (9)    2 :  0.069 0.259 0.116 0.187 0.123 0.113 0.132 
 50 z0041483    (0)    2 :  0.082 0.475 0.077 0.063 0.113 0.078 0.112 
 51 z0041494   (12)    2 :  0.070 0.170 0.352 0.106 0.087 0.178 0.036 
 52 z0041498    (1)    2 :  0.097 0.347 0.137 0.081 0.111 0.118 0.108 
 53 z0041501    (1)    2 :  0.075 0.196 0.486 0.090 0.058 0.065 0.029 
 54 z0041507    (6)    2 :  0.102 0.251 0.242 0.146 0.072 0.131 0.056 
 55 z0041512    (0)    2 :  0.110 0.345 0.207 0.108 0.111 0.069 0.048 
 56 z0041522   (15)    2 :  0.125 0.352 0.092 0.098 0.114 0.096 0.122 
 57 z0041526    (0)    3 :  0.047 0.452 0.102 0.114 0.101 0.074 0.109 
 58 z0041527   (14)    2 :  0.069 0.218 0.210 0.162 0.122 0.100 0.120 
 59 z0043243    (1)    2 :  0.219 0.086 0.154 0.118 0.090 0.080 0.252 
 60 z0043278    (0)    2 :  0.131 0.339 0.173 0.107 0.073 0.124 0.052 
 61 z0043475   (16)    3 :  0.087 0.139 0.202 0.115 0.098 0.277 0.082 
 62 z0043477    (0)    2 :  0.204 0.222 0.155 0.175 0.075 0.066 0.103 
 63 z0043478    (2)    2 :  0.095 0.462 0.101 0.103 0.047 0.068 0.124 
 64 z0043481    (0)    2 :  0.084 0.284 0.236 0.121 0.088 0.081 0.107 
 65 z0043489    (5)    2 :  0.140 0.331 0.247 0.095 0.061 0.076 0.050 
 66 z0043491   (12)    2 :  0.131 0.216 0.151 0.210 0.110 0.109 0.073 
 67 z0043493    (2)    2 :  0.128 0.105 0.147 0.425 0.066 0.060 0.069 
 68 z0043494    (1)    2 :  0.097 0.236 0.174 0.145 0.179 0.109 0.060 
 69 z0043498    (1)    2 :  0.066 0.349 0.219 0.081 0.106 0.120 0.059 
 70 z0043504    (7)    2 :  0.156 0.201 0.112 0.279 0.057 0.086 0.109 
 71 z0043526    (3)    4 :  0.150 0.088 0.364 0.157 0.080 0.087 0.075 
 72 z0043566    (2)    2 :  0.078 0.274 0.206 0.134 0.058 0.132 0.118 
 73 z0043572    (0)    2 :  0.077 0.345 0.146 0.109 0.084 0.172 0.067 
 74 z0043599    (2)    2 :  0.075 0.223 0.176 0.131 0.145 0.150 0.100 
 75 z0043642    (0)    2 :  0.097 0.258 0.193 0.099 0.204 0.100 0.049 
 76 z0043649    (1)    2 :  0.085 0.389 0.172 0.093 0.113 0.064 0.084 
 77 z0043652    (1)    2 :  0.123 0.091 0.226 0.156 0.195 0.112 0.098 
 78 z0043668    (0)    2 :  0.074 0.157 0.257 0.163 0.061 0.147 0.141 
 79 z0043674    (0)    4 :  0.119 0.049 0.096 0.090 0.336 0.090 0.220 
 80 z0043686    (1)    2 :  0.155 0.306 0.125 0.104 0.110 0.107 0.092 
 81 z0043693    (1)    2 :  0.064 0.154 0.367 0.096 0.147 0.099 0.072 
 82 z0043704   (14)    2 :  0.093 0.550 0.064 0.060 0.099 0.075 0.059 
 83 z0043807    (1)    2 :  0.107 0.222 0.171 0.105 0.150 0.194 0.052 
 84 z0043819    (0)    2 :  0.134 0.075 0.194 0.108 0.103 0.306 0.079 
 85 z0043876    (7)    2 :  0.054 0.122 0.139 0.275 0.063 0.164 0.182 
 86 z0043877   (32)    2 :  0.063 0.141 0.281 0.129 0.080 0.161 0.144 
 87 z0043891   (21)    4 :  0.182 0.180 0.141 0.123 0.126 0.113 0.135 
 88 z0043915   (31)    2 :  0.237 0.149 0.167 0.147 0.095 0.124 0.080 
 89 z0043940   (10)    2 :  0.171 0.053 0.157 0.177 0.208 0.112 0.122 
 90 z0043954    (1)    2 :  0.143 0.149 0.169 0.148 0.151 0.129 0.111 
 91 z0043966    (5)    2 :  0.095 0.376 0.117 0.109 0.132 0.116 0.054 
 92 z0043980    (1)    2 :  0.090 0.160 0.188 0.108 0.103 0.257 0.094 
 93 z0044017   (11)    2 :  0.140 0.292 0.186 0.095 0.143 0.078 0.066 
 94 z0044019   (14)    2 :  0.072 0.197 0.169 0.134 0.063 0.239 0.126 
 95 z0044023   (35)    2 :  0.068 0.484 0.081 0.067 0.058 0.131 0.111 
 96 z0044033    (0)    2 :  0.037 0.568 0.135 0.059 0.063 0.086 0.053 
 97 z0044042    (3)    2 :  0.091 0.458 0.103 0.117 0.049 0.064 0.118 
 98 z0044047   (24)    2 :  0.091 0.229 0.297 0.128 0.101 0.101 0.053 
 99 z0044064   (13)    2 :  0.104 0.254 0.150 0.190 0.112 0.142 0.048 
100 z0044432   (14)    2 :  0.161 0.087 0.247 0.146 0.100 0.158 0.101 
101 z0045326    (0)    3 :  0.061 0.124 0.111 0.131 0.361 0.072 0.140 
102 z0045331    (5)    1 :  0.088 0.132 0.094 0.122 0.363 0.124 0.078 
103 z0045332    (1)    1 :  0.151 0.070 0.159 0.097 0.299 0.159 0.065 
104 z0045333    (6)    1 :  0.101 0.063 0.091 0.117 0.076 0.180 0.372 
105 z0045337    (4)    1 :  0.117 0.071 0.070 0.073 0.077 0.059 0.533 
106 z0045342   (12)    1 :  0.053 0.055 0.158 0.100 0.165 0.398 0.070 
107 z0045347    (1)    3 :  0.211 0.072 0.154 0.202 0.082 0.091 0.187 
108 z0045350    (0)    1 :  0.141 0.060 0.142 0.117 0.171 0.256 0.112 
109 z0045370    (0)    1 :  0.074 0.030 0.082 0.131 0.457 0.055 0.173 
110 z0045371    (1)    3 :  0.150 0.120 0.125 0.133 0.190 0.155 0.126 
111 z0045398    (1)    3 :  0.185 0.025 0.101 0.375 0.098 0.093 0.122 
112 z0045399    (1)    3 :  0.210 0.049 0.138 0.142 0.134 0.220 0.106 
113 z0045401   (23)    1 :  0.094 0.082 0.127 0.112 0.292 0.177 0.116 
114 z0045404    (0)    3 :  0.078 0.048 0.096 0.118 0.498 0.079 0.084 
115 z0045405    (4)    3 :  0.132 0.064 0.155 0.225 0.230 0.122 0.071 
116 z0045407    (1)    3 :  0.258 0.098 0.144 0.116 0.154 0.154 0.075 
117 z0045719    (0)    2 :  0.123 0.244 0.170 0.140 0.115 0.175 0.034 
118 z0045720    (1)    2 :  0.153 0.104 0.187 0.204 0.147 0.110 0.095 
119 z0045728    (0)    2 :  0.080 0.304 0.167 0.131 0.052 0.135 0.131 
120 z0045731    (0)    2 :  0.108 0.129 0.299 0.201 0.126 0.091 0.046 
121 z0045733    (0)    2 :  0.088 0.113 0.205 0.193 0.156 0.129 0.117 
122 z0045736    (1)    2 :  0.086 0.150 0.189 0.134 0.143 0.206 0.093 
123 z0045739    (1)    2 :  0.107 0.106 0.150 0.166 0.165 0.239 0.067 
124 z0045740    (1)    2 :  0.096 0.403 0.111 0.105 0.081 0.115 0.090 
125 z0045741    (0)    2 :  0.106 0.128 0.439 0.125 0.100 0.067 0.035 
126 z0045742    (0)    2 :  0.064 0.335 0.124 0.060 0.242 0.060 0.115 
127 z0045776    (0)    3 :  0.127 0.143 0.222 0.124 0.101 0.127 0.156 
128 z0045779    (0)    2 :  0.050 0.568 0.045 0.047 0.068 0.053 0.169 
129 z0045781    (0)    2 :  0.096 0.287 0.202 0.175 0.085 0.098 0.057 
130 z0045788    (5)    2 :  0.111 0.492 0.149 0.064 0.043 0.087 0.054 
131 z0045789    (2)    2 :  0.151 0.455 0.067 0.078 0.097 0.096 0.055 
132 z0045791    (4)    2 :  0.159 0.330 0.173 0.075 0.100 0.098 0.065 
133 z0045792   (22)    1 :  0.110 0.117 0.171 0.186 0.073 0.136 0.207 
134 z0045793    (0)    3 :  0.041 0.154 0.066 0.065 0.340 0.209 0.125 
135 z0047562   (14)    2 :  0.090 0.252 0.199 0.141 0.146 0.101 0.072 
136 z0047854    (1)    2 :  0.090 0.290 0.154 0.140 0.128 0.107 0.091 
137 z0051185    (0)    1 :  0.085 0.042 0.102 0.286 0.218 0.177 0.090 
138 z0051324    (0)    1 :  0.108 0.067 0.093 0.221 0.143 0.156 0.212 
139 z0051327    (3)    3 :  0.061 0.150 0.161 0.213 0.137 0.211 0.067 
140 z0051328    (1)    1 :  0.114 0.113 0.114 0.183 0.072 0.087 0.317 
141 z0051380    (0)    1 :  0.072 0.029 0.042 0.085 0.050 0.060 0.662 
142 z0051400    (0)    3 :  0.100 0.120 0.170 0.084 0.189 0.120 0.218 
143 z0051431   (21)    3 :  0.087 0.183 0.146 0.197 0.220 0.119 0.048 
144 z0051840   (33)    2 :  0.129 0.239 0.152 0.090 0.150 0.191 0.048 
145 z0051844   (27)    2 :  0.129 0.191 0.241 0.142 0.109 0.124 0.062 
146 z0051875   (28)    3 :  0.078 0.063 0.125 0.151 0.290 0.198 0.095 
147 z0051885    (7)    3 :  0.117 0.342 0.071 0.056 0.172 0.186 0.057 
148 z0051888    (0)    2 :  0.070 0.339 0.130 0.118 0.124 0.127 0.092 
149 z0051891    (0)    1 :  0.130 0.082 0.194 0.176 0.156 0.175 0.088 
150 z0051893    (2)    1 :  0.119 0.077 0.147 0.177 0.122 0.112 0.246 
151 z0051895    (0)    3 :  0.102 0.066 0.137 0.229 0.173 0.127 0.167 
152 z0051918    (0)    3 :  0.287 0.204 0.145 0.122 0.068 0.118 0.056 
153 z0051929    (1)    1 :  0.075 0.072 0.103 0.229 0.122 0.113 0.285 
154 z0051939   (11)    3 :  0.114 0.183 0.146 0.108 0.268 0.123 0.058 
155 z0051947    (3)    1 :  0.056 0.067 0.055 0.049 0.061 0.422 0.289 
156 z0051959    (1)    3 :  0.245 0.148 0.097 0.217 0.066 0.112 0.114 
157 z0052846    (0)    4 :  0.139 0.124 0.140 0.121 0.261 0.081 0.134 
158 z0052882    (1)    2 :  0.092 0.187 0.156 0.130 0.135 0.215 0.085 
159 z0053020   (20)    2 :  0.171 0.161 0.248 0.171 0.101 0.056 0.092 
160 z0053024   (12)    2 :  0.107 0.168 0.144 0.281 0.096 0.100 0.103 
161 z0053025    (3)    2 :  0.079 0.547 0.067 0.113 0.092 0.061 0.041 
162 z0053031    (0)    2 :  0.194 0.150 0.127 0.143 0.146 0.120 0.119 
163 z0053032    (0)    2 :  0.132 0.223 0.146 0.151 0.067 0.167 0.113 
164 z0053040    (5)    2 :  0.113 0.155 0.236 0.157 0.137 0.108 0.095 
165 z0053051    (0)    3 :  0.175 0.051 0.201 0.144 0.223 0.145 0.060 
166 z0053054    (5)    3 :  0.091 0.040 0.183 0.175 0.215 0.199 0.097 
167 z0053071    (2)    2 :  0.074 0.429 0.128 0.095 0.121 0.100 0.052 
168 z0053073    (1)    2 :  0.135 0.096 0.144 0.178 0.072 0.249 0.127 
169 z0053078    (0)    3 :  0.309 0.270 0.127 0.088 0.085 0.080 0.040 
170 z0053082    (1)    3 :  0.057 0.205 0.247 0.080 0.164 0.187 0.060 
171 z0053083   (12)    2 :  0.111 0.203 0.213 0.169 0.090 0.103 0.111 
172 z0053090   (10)    3 :  0.117 0.195 0.295 0.160 0.063 0.112 0.058 
173 z0053096    (0)    2 :  0.195 0.437 0.148 0.054 0.068 0.067 0.030 
174 z0053100    (6)    2 :  0.064 0.228 0.204 0.184 0.070 0.201 0.049 
175 z0053101    (0)    2 :  0.166 0.314 0.098 0.091 0.072 0.171 0.088 
176 z0053102    (8)    2 :  0.065 0.220 0.329 0.124 0.092 0.131 0.039 
177 z0053103    (0)    2 :  0.063 0.491 0.113 0.105 0.082 0.085 0.061 
178 z0053111    (2)    3 :  0.147 0.094 0.130 0.199 0.114 0.236 0.079 
179 z0053131    (0)    2 :  0.088 0.307 0.079 0.178 0.123 0.125 0.100 
180 z0053132    (0)    2 :  0.273 0.156 0.266 0.082 0.098 0.082 0.042 
181 z0053133    (0)    2 :  0.135 0.074 0.270 0.131 0.172 0.158 0.061 
182 z0053138    (0)    2 :  0.088 0.210 0.136 0.181 0.136 0.108 0.140 
183 z0053142    (2)    2 :  0.151 0.231 0.126 0.091 0.106 0.079 0.216 
184 z0053149    (0)    2 :  0.150 0.317 0.129 0.080 0.078 0.073 0.173 
185 z0053754    (1)    1 :  0.273 0.142 0.068 0.089 0.093 0.094 0.241 
186 z0053756    (1)    1 :  0.313 0.073 0.071 0.095 0.087 0.196 0.165 
187 z0053758   (17)    1 :  0.059 0.098 0.062 0.051 0.503 0.056 0.171 
188 z0053759    (0)    1 :  0.131 0.058 0.103 0.149 0.080 0.210 0.269 
189 z0053842    (1)    1 :  0.059 0.063 0.098 0.502 0.117 0.092 0.069 
190 z0053843    (6)    1 :  0.102 0.039 0.109 0.099 0.410 0.122 0.120 
191 z0053844    (7)    1 :  0.102 0.092 0.110 0.156 0.197 0.179 0.164 
192 z0053846    (2)    1 :  0.086 0.043 0.077 0.054 0.493 0.106 0.142 
193 z0053847    (0)    1 :  0.045 0.059 0.039 0.035 0.030 0.639 0.154 
194 z0053849    (1)    1 :  0.211 0.067 0.101 0.276 0.159 0.084 0.102 
195 z0055903    (1)    4 :  0.117 0.061 0.224 0.195 0.118 0.121 0.164 
196 z0055910   (34)    4 :  0.165 0.153 0.157 0.205 0.094 0.096 0.131 
197 z0055912    (7)    4 :  0.239 0.137 0.158 0.167 0.104 0.117 0.078 
198 z0055916   (15)    4 :  0.160 0.143 0.155 0.234 0.110 0.091 0.107 
199 z0055931    (2)    4 :  0.107 0.340 0.151 0.104 0.087 0.127 0.083 
200 z0055944    (3)    4 :  0.101 0.106 0.177 0.217 0.139 0.074 0.185 
201 z0055947    (9)    4 :  0.124 0.133 0.118 0.179 0.324 0.052 0.070 
202 z0055962    (6)    4 :  0.086 0.281 0.170 0.163 0.095 0.134 0.072 
203 z0055963   (21)    4 :  0.118 0.246 0.159 0.157 0.108 0.145 0.067 
204 z0055965   (25)    4 :  0.255 0.049 0.138 0.115 0.085 0.250 0.108 
205 z0055970   (15)    4 :  0.089 0.149 0.199 0.178 0.086 0.147 0.153 
206 z0055971    (7)    4 :  0.143 0.175 0.149 0.181 0.091 0.115 0.147 
207 z0055977    (6)    4 :  0.111 0.233 0.149 0.208 0.137 0.113 0.051 
208 z0055986   (19)    4 :  0.091 0.094 0.125 0.116 0.173 0.204 0.198 
209 z0055990    (6)    4 :  0.094 0.354 0.112 0.078 0.128 0.164 0.070 
210 z0055996    (2)    4 :  0.064 0.204 0.133 0.198 0.183 0.141 0.076 
211 z0055997    (3)    4 :  0.075 0.176 0.148 0.122 0.087 0.255 0.137 
212 z0055998    (4)    4 :  0.214 0.116 0.154 0.123 0.101 0.172 0.120 
213 z0055999    (2)    4 :  0.127 0.088 0.165 0.105 0.223 0.096 0.196 
214 z0056011    (7)    4 :  0.114 0.070 0.233 0.321 0.114 0.080 0.068 
215 z0056029    (4)    4 :  0.090 0.136 0.256 0.199 0.090 0.102 0.126 
216 z0056034    (0)    4 :  0.096 0.259 0.149 0.161 0.096 0.139 0.100 
217 z0056056   (25)    3 :  0.105 0.080 0.179 0.177 0.132 0.130 0.197 
218 z0056058    (5)    3 :  0.038 0.035 0.049 0.054 0.066 0.065 0.694 
219 z0056059    (8)    3 :  0.089 0.065 0.212 0.150 0.116 0.288 0.080 
220 z0056062    (1)    3 :  0.200 0.091 0.200 0.101 0.088 0.078 0.243 
221 z0056063    (4)    3 :  0.107 0.056 0.197 0.254 0.109 0.177 0.099 
222 z0056064    (0)    3 :  0.237 0.066 0.187 0.140 0.107 0.162 0.100 
223 z0056065    (0)    3 :  0.151 0.061 0.113 0.099 0.185 0.184 0.207 
224 z0056073    (0)    3 :  0.078 0.060 0.129 0.295 0.184 0.133 0.121 
225 z0056076    (4)    3 :  0.103 0.064 0.047 0.046 0.035 0.648 0.057 
226 z0056079    (9)    3 :  0.149 0.045 0.085 0.338 0.101 0.129 0.153 
227 z0056085    (0)    3 :  0.162 0.075 0.126 0.098 0.289 0.177 0.072 
228 z0056092    (1)    3 :  0.210 0.059 0.107 0.119 0.200 0.196 0.110 
229 z0056095    (1)    3 :  0.201 0.051 0.137 0.100 0.171 0.209 0.130 
230 z0056103    (7)    3 :  0.115 0.034 0.091 0.180 0.073 0.198 0.308 
231 z0056374    (7)    1 :  0.052 0.045 0.077 0.099 0.074 0.086 0.567 
232 z0056375    (0)    1 :  0.090 0.064 0.131 0.100 0.314 0.072 0.228 
233 z0056377    (0)    1 :  0.111 0.085 0.125 0.251 0.087 0.184 0.157 
234 z0056378    (0)    1 :  0.064 0.061 0.111 0.079 0.075 0.231 0.379 
235 z0056382    (0)    1 :  0.101 0.044 0.092 0.080 0.482 0.138 0.063 
236 z0056384    (3)    1 :  0.223 0.084 0.125 0.109 0.078 0.164 0.217 
237 z0056386    (7)    1 :  0.110 0.058 0.073 0.076 0.302 0.239 0.143 
238 z0056389    (0)    1 :  0.053 0.042 0.059 0.047 0.622 0.087 0.091 
239 z0056391    (1)    1 :  0.040 0.032 0.053 0.052 0.372 0.078 0.373 
240 z0056392   (11)    1 :  0.081 0.059 0.081 0.082 0.171 0.089 0.437 
241 z0056393    (8)    1 :  0.070 0.078 0.134 0.174 0.246 0.067 0.232 
242 z0056394    (0)    1 :  0.073 0.053 0.115 0.293 0.198 0.060 0.207 
243 z0056395    (1)    1 :  0.145 0.094 0.112 0.129 0.056 0.185 0.279 
244 z0056397    (0)    1 :  0.191 0.181 0.111 0.179 0.081 0.086 0.169 
245 z0061527    (2)    3 :  0.081 0.372 0.126 0.108 0.089 0.168 0.056 
246 z0061967    (1)    3 :  0.112 0.094 0.139 0.229 0.113 0.229 0.084 
247 z0061969    (0)    3 :  0.057 0.274 0.096 0.137 0.214 0.119 0.103 
248 z0061980    (1)    1 :  0.180 0.100 0.117 0.102 0.142 0.128 0.230 
249 z0066166    (3)    3 :  0.078 0.202 0.089 0.118 0.249 0.063 0.201 
250 z0066792    (2)    1 :  0.496 0.104 0.083 0.077 0.086 0.088 0.067 
251 z0066805    (1)    1 :  0.502 0.061 0.127 0.082 0.091 0.052 0.085 
252 z0068471    (2)    3 :  0.130 0.081 0.116 0.082 0.055 0.180 0.356 
253 z0075696    (6)    5 :  0.604 0.041 0.073 0.084 0.096 0.066 0.035 
254 z0101084    (7)    1 :  0.076 0.063 0.109 0.100 0.125 0.055 0.473 
255 z0107099    (2)    3 :  0.083 0.032 0.087 0.161 0.227 0.092 0.318 
256 z0107101    (0)    1 :  0.039 0.051 0.056 0.045 0.180 0.063 0.566 
257 z0108489    (0)    1 :  0.174 0.089 0.153 0.148 0.079 0.177 0.181 
258 z0108513    (0)    1 :  0.071 0.118 0.063 0.065 0.278 0.115 0.289 
259 z0108528    (0)    3 :  0.068 0.157 0.134 0.141 0.170 0.183 0.147 
260 z0113628    (1)    3 :  0.170 0.079 0.236 0.195 0.101 0.166 0.053 
261 z0133302   (16)    1 :  0.093 0.056 0.082 0.065 0.074 0.543 0.088 
262 z0173485    (1)    1 :  0.069 0.147 0.185 0.198 0.079 0.273 0.050 
263 z0175371    (1)    3 :  0.238 0.152 0.121 0.107 0.108 0.204 0.071 
264 z0175378    (0)    2 :  0.042 0.382 0.121 0.143 0.120 0.153 0.040 
265 z0175912    (0)    1 :  0.089 0.090 0.094 0.137 0.056 0.054 0.480 
266 z0175916    (1)    1 :  0.144 0.207 0.099 0.117 0.094 0.220 0.119 
267 z0175937    (1)    1 :  0.131 0.052 0.109 0.133 0.315 0.088 0.171 
268 z0178348   (12)    1 :  0.096 0.081 0.088 0.148 0.081 0.056 0.450 
269 z0187819    (7)    3 :  0.095 0.076 0.136 0.125 0.133 0.096 0.340 
270 z0187857    (1)    1 :  0.050 0.098 0.099 0.115 0.138 0.094 0.406 
271 z0187860    (0)    1 :  0.082 0.094 0.167 0.151 0.113 0.245 0.147 
272 z0187885    (0)    2 :  0.253 0.224 0.153 0.084 0.095 0.137 0.054 
273 z0187906    (9)    1 :  0.219 0.073 0.193 0.224 0.097 0.103 0.090 
274 z0195655    (0)    2 :  0.068 0.528 0.065 0.125 0.053 0.097 0.064 
275 z0195663    (0)    3 :  0.161 0.267 0.196 0.132 0.107 0.094 0.043 
276 z0195683    (1)    3 :  0.061 0.050 0.114 0.135 0.231 0.306 0.103 
277 z0195688    (0)    2 :  0.176 0.181 0.173 0.122 0.155 0.093 0.100 
278 z0195691    (0)    3 :  0.133 0.078 0.239 0.162 0.141 0.187 0.060 
279 z0195699    (0)    3 :  0.081 0.097 0.135 0.256 0.247 0.099 0.084 
280 z0195701    (7)    3 :  0.137 0.059 0.100 0.123 0.199 0.226 0.156 
281 z0195702    (0)    3 :  0.120 0.114 0.134 0.130 0.065 0.364 0.073 
282 z0195704    (0)    3 :  0.100 0.174 0.100 0.084 0.056 0.100 0.387 
283 z0195705    (0)    3 :  0.075 0.278 0.278 0.161 0.079 0.079 0.050 
284 z0195711    (0)    3 :  0.214 0.069 0.164 0.234 0.118 0.108 0.092 
285 z0195716    (0)    3 :  0.222 0.088 0.120 0.100 0.103 0.248 0.118 
286 z0195718   (12)    3 :  0.139 0.039 0.116 0.098 0.160 0.242 0.207 
287 z0195725    (5)    3 :  0.074 0.209 0.118 0.175 0.066 0.064 0.294 
288 z0195726   (16)    1 :  0.079 0.043 0.111 0.489 0.087 0.136 0.054 
289 z0195728   (14)    3 :  0.063 0.032 0.077 0.068 0.488 0.173 0.098 
290 z0195732   (16)    3 :  0.106 0.032 0.091 0.351 0.206 0.105 0.108 
291 z0195737    (0)    3 :  0.104 0.158 0.271 0.110 0.130 0.141 0.086 
292 z0195740   (26)    3 :  0.197 0.094 0.159 0.254 0.114 0.088 0.094 
293 z0195751    (1)    3 :  0.069 0.041 0.099 0.135 0.342 0.222 0.093 
294 z0195762    (1)    3 :  0.360 0.052 0.086 0.216 0.118 0.079 0.089 
295 z0195784    (0)    3 :  0.150 0.041 0.167 0.174 0.165 0.118 0.185 
296 z0196686    (0)    5 :  0.665 0.036 0.064 0.051 0.041 0.074 0.069 
297 z0196687    (0)    5 :  0.537 0.093 0.103 0.066 0.065 0.071 0.067 
298 z0196689    (0)    5 :  0.568 0.078 0.075 0.096 0.056 0.092 0.035 
299 z0196690    (2)    5 :  0.502 0.040 0.079 0.063 0.089 0.074 0.153 
300 z0196691    (7)    5 :  0.535 0.029 0.107 0.110 0.059 0.082 0.078 
301 z0196692    (1)    5 :  0.481 0.084 0.070 0.099 0.088 0.074 0.103 
302 z0196693    (1)    5 :  0.518 0.059 0.064 0.063 0.112 0.110 0.074 
303 z0196694    (1)    5 :  0.487 0.063 0.082 0.124 0.069 0.072 0.103 
304 z0196710    (0)    3 :  0.238 0.103 0.142 0.113 0.092 0.177 0.135 
305 z0196715   (22)    3 :  0.063 0.051 0.107 0.215 0.221 0.126 0.216 
306 z0196719    (0)    3 :  0.097 0.096 0.150 0.169 0.289 0.066 0.132 
307 z0196724   (20)    3 :  0.073 0.071 0.143 0.248 0.191 0.181 0.093 
308 z0196725    (0)    3 :  0.098 0.071 0.133 0.072 0.087 0.150 0.389 
309 z0196729    (1)    3 :  0.094 0.077 0.099 0.099 0.150 0.348 0.133 
310 z0196730    (3)    1 :  0.053 0.092 0.054 0.048 0.040 0.099 0.614 
311 z0196731    (0)    3 :  0.094 0.048 0.100 0.246 0.178 0.173 0.161 
312 z0196733   (13)    1 :  0.115 0.081 0.134 0.258 0.153 0.121 0.138 
313 z0196734    (1)    3 :  0.075 0.071 0.202 0.257 0.157 0.182 0.055 
314 z0196739   (17)    3 :  0.064 0.130 0.164 0.171 0.097 0.241 0.133 
315 z0196740   (11)    3 :  0.307 0.065 0.074 0.162 0.183 0.100 0.109 
316 z0196746    (1)    1 :  0.103 0.039 0.134 0.075 0.124 0.131 0.394 
317 z0196751    (0)    3 :  0.100 0.067 0.095 0.077 0.100 0.474 0.086 
318 z0196752    (0)    3 :  0.399 0.038 0.066 0.077 0.058 0.266 0.095 
319 z0196754    (0)    3 :  0.067 0.075 0.187 0.107 0.388 0.065 0.111 
320 z0196758    (1)    1 :  0.184 0.104 0.093 0.110 0.144 0.111 0.254 
321 z0196763    (1)    3 :  0.123 0.061 0.224 0.219 0.216 0.083 0.074 
322 z0196764    (0)    3 :  0.127 0.063 0.129 0.213 0.255 0.088 0.124 
323 z0196766    (0)    3 :  0.122 0.051 0.069 0.078 0.122 0.366 0.191 
324 z0196769    (1)    3 :  0.132 0.042 0.095 0.201 0.224 0.127 0.179 
325 z0196774    (0)    3 :  0.245 0.043 0.085 0.087 0.102 0.233 0.204 
326 z0196783    (0)    1 :  0.063 0.042 0.055 0.075 0.240 0.084 0.442 
327 z0196794    (2)    1 :  0.139 0.043 0.070 0.082 0.249 0.188 0.229 
328 z0196804   (14)    1 :  0.115 0.057 0.110 0.213 0.221 0.085 0.200 
329 z0196809    (0)    3 :  0.154 0.055 0.109 0.197 0.288 0.080 0.117 
330 z0196810    (1)    1 :  0.197 0.064 0.096 0.119 0.060 0.279 0.185 
331 z0196811    (0)    1 :  0.167 0.044 0.105 0.279 0.207 0.061 0.136 
332 z0196824    (0)    3 :  0.141 0.155 0.141 0.111 0.096 0.260 0.096 
333 z0196825    (0)    3 :  0.070 0.084 0.148 0.196 0.123 0.214 0.165 
334 z0196828    (1)    2 :  0.106 0.119 0.156 0.264 0.123 0.090 0.141 
335 z0196829    (0)    3 :  0.075 0.074 0.136 0.313 0.109 0.128 0.165 
336 z0196834   (26)    3 :  0.078 0.134 0.100 0.127 0.152 0.291 0.117 
337 z0196835    (0)    3 :  0.050 0.060 0.103 0.156 0.206 0.116 0.310 
338 z0196841   (20)    3 :  0.159 0.057 0.101 0.112 0.093 0.383 0.095 
339 z0196843   (25)    3 :  0.074 0.089 0.097 0.183 0.088 0.080 0.388 
340 z0196849    (0)    3 :  0.079 0.056 0.109 0.145 0.380 0.164 0.066 
341 z0196852    (0)    2 :  0.129 0.128 0.185 0.264 0.113 0.112 0.069 
342 z0196855    (0)    2 :  0.150 0.195 0.150 0.168 0.095 0.113 0.129 
343 z0196856    (0)    3 :  0.167 0.189 0.132 0.240 0.075 0.144 0.053 
344 z0196864    (1)    3 :  0.110 0.195 0.181 0.287 0.090 0.077 0.060 
345 z0196894    (0)    3 :  0.243 0.060 0.100 0.123 0.207 0.102 0.167 
346 z0197662    (2)    1 :  0.085 0.194 0.134 0.245 0.072 0.145 0.124 
347 z0197665    (2)    1 :  0.100 0.043 0.045 0.064 0.092 0.078 0.577 
348 z0197668   (20)    3 :  0.364 0.079 0.124 0.137 0.173 0.057 0.066 
349 z0197669    (0)    3 :  0.133 0.218 0.261 0.094 0.156 0.090 0.048 
350 z0197672    (1)    3 :  0.118 0.075 0.130 0.181 0.231 0.206 0.059 


Estimated Allele Frequencies in each cluster
First column gives estimated ancestral frequencies


Locus 1 : Mnov_gtseq_1 
2 alleles
0.0% missing data
   0   (0.430) 0.504 0.182 0.476 0.582 0.368 0.335 0.373 
   1   (0.570) 0.496 0.818 0.524 0.418 0.632 0.665 0.627 

Locus 2 : Mnov_gtseq_10 
2 alleles
0.3% missing data
   0   (0.824) 0.923 0.966 0.899 0.786 0.691 0.822 0.676 
   1   (0.176) 0.077 0.034 0.101 0.214 0.309 0.178 0.324 

Locus 3 : Mnov_gtseq_102 
2 alleles
0.9% missing data
   0   (0.550) 0.588 0.846 0.646 0.527 0.655 0.295 0.440 
   1   (0.450) 0.412 0.154 0.354 0.473 0.345 0.705 0.560 

Locus 4 : Mnov_gtseq_104 
2 alleles
0.3% missing data
   0   (0.866) 0.960 0.963 0.931 0.930 0.760 0.798 0.695 
   1   (0.134) 0.040 0.037 0.069 0.070 0.240 0.202 0.305 

Locus 5 : Mnov_gtseq_106 
2 alleles
14.9% missing data
   1   (0.758) 0.675 0.778 0.840 0.831 0.836 0.694 0.774 
   0   (0.242) 0.325 0.222 0.160 0.169 0.164 0.306 0.226 

Locus 6 : Mnov_gtseq_107 
2 alleles
37.4% missing data
   1   (0.231) 0.097 0.467 0.350 0.191 0.113 0.317 0.146 
   0   (0.769) 0.903 0.533 0.650 0.809 0.887 0.683 0.854 

Locus 7 : Mnov_gtseq_112 
2 alleles
0.9% missing data
   0   (0.600) 0.332 0.727 0.618 0.723 0.717 0.626 0.577 
   1   (0.400) 0.668 0.273 0.382 0.277 0.283 0.374 0.423 

Locus 8 : Mnov_gtseq_113 
2 alleles
2.0% missing data
   1   (0.718) 0.662 0.593 0.720 0.816 0.809 0.601 0.847 
   0   (0.282) 0.338 0.407 0.280 0.184 0.191 0.399 0.153 

Locus 9 : Mnov_gtseq_114 
3 alleles
4.3% missing data
   0   (0.520) 0.391 0.184 0.508 0.648 0.649 0.470 0.622 
   1   (0.448) 0.601 0.762 0.476 0.337 0.340 0.521 0.372 
   2   (0.032) 0.008 0.054 0.016 0.014 0.011 0.009 0.006 

Locus 10 : Mnov_gtseq_117 
2 alleles
26.9% missing data
   0   (0.645) 0.652 0.905 0.607 0.645 0.527 0.774 0.456 
   1   (0.355) 0.348 0.095 0.393 0.355 0.473 0.226 0.544 

Locus 11 : Mnov_gtseq_12 
2 alleles
0.3% missing data
   0   (0.446) 0.737 0.260 0.337 0.370 0.754 0.342 0.275 
   1   (0.554) 0.263 0.740 0.663 0.630 0.246 0.658 0.725 

Locus 12 : Mnov_gtseq_124 
4 alleles
5.1% missing data
   3   (0.713) 0.841 0.916 0.738 0.743 0.784 0.770 0.537 
   2   (0.223) 0.134 0.061 0.231 0.232 0.159 0.213 0.453 
   1   (0.034) 0.011 0.019 0.015 0.012 0.045 0.010 0.003 
   0   (0.030) 0.015 0.004 0.016 0.013 0.012 0.007 0.007 

Locus 13 : Mnov_gtseq_125 
3 alleles
1.7% missing data
   1   (0.236) 0.244 0.428 0.278 0.131 0.305 0.138 0.076 
   2   (0.652) 0.702 0.121 0.585 0.772 0.660 0.800 0.904 
   0   (0.112) 0.055 0.450 0.138 0.097 0.035 0.062 0.020 

Locus 14 : Mnov_gtseq_126 
2 alleles
0.0% missing data
   0   (0.360) 0.636 0.264 0.338 0.479 0.165 0.287 0.219 
   1   (0.640) 0.364 0.736 0.662 0.521 0.835 0.713 0.781 

Locus 15 : Mnov_gtseq_127 
2 alleles
6.9% missing data
   0   (0.628) 0.642 0.333 0.614 0.578 0.742 0.711 0.628 
   1   (0.372) 0.358 0.667 0.386 0.422 0.258 0.289 0.372 

Locus 16 : Mnov_gtseq_128 
2 alleles
30.9% missing data
   0   (0.675) 0.658 0.639 0.675 0.729 0.747 0.610 0.862 
   1   (0.325) 0.342 0.361 0.325 0.271 0.253 0.390 0.138 

Locus 17 : Mnov_gtseq_129 
3 alleles
2.0% missing data
   0   (0.521) 0.237 0.505 0.695 0.670 0.429 0.569 0.492 
   1   (0.311) 0.195 0.404 0.208 0.223 0.453 0.329 0.340 
   2   (0.169) 0.567 0.091 0.096 0.107 0.118 0.102 0.168 

Locus 18 : Mnov_gtseq_13 
3 alleles
0.0% missing data
   1   (0.417) 0.171 0.385 0.350 0.597 0.537 0.374 0.508 
   2   (0.171) 0.366 0.078 0.176 0.143 0.061 0.250 0.068 
   0   (0.412) 0.464 0.536 0.474 0.260 0.402 0.375 0.424 

Locus 19 : Mnov_gtseq_130 
2 alleles
28.6% missing data
   1   (0.495) 0.630 0.558 0.393 0.529 0.483 0.527 0.425 
   0   (0.505) 0.370 0.442 0.607 0.471 0.517 0.473 0.575 

Locus 20 : Mnov_gtseq_135 
2 alleles
0.6% missing data
   0   (0.469) 0.383 0.572 0.484 0.489 0.468 0.491 0.316 
   1   (0.531) 0.617 0.428 0.516 0.511 0.532 0.509 0.684 

Locus 21 : Mnov_gtseq_138 
3 alleles
0.6% missing data
   0   (0.260) 0.134 0.205 0.374 0.159 0.227 0.311 0.387 
   1   (0.517) 0.655 0.737 0.445 0.470 0.554 0.515 0.424 
   2   (0.224) 0.210 0.058 0.180 0.370 0.220 0.174 0.188 

Locus 22 : Mnov_gtseq_140 
2 alleles
1.1% missing data
   0   (0.467) 0.239 0.580 0.583 0.523 0.588 0.514 0.148 
   1   (0.533) 0.761 0.420 0.417 0.477 0.412 0.486 0.852 

Locus 23 : Mnov_gtseq_141 
2 alleles
0.3% missing data
   0   (0.544) 0.431 0.500 0.532 0.517 0.440 0.688 0.819 
   1   (0.456) 0.569 0.500 0.468 0.483 0.560 0.312 0.181 

Locus 24 : Mnov_gtseq_143 
2 alleles
2.6% missing data
   1   (0.537) 0.322 0.521 0.487 0.522 0.632 0.615 0.738 
   0   (0.463) 0.678 0.479 0.513 0.478 0.368 0.385 0.262 

Locus 25 : Mnov_gtseq_145 
2 alleles
2.0% missing data
   0   (0.456) 0.302 0.551 0.356 0.322 0.448 0.687 0.596 
   1   (0.544) 0.698 0.449 0.644 0.678 0.552 0.313 0.404 

Locus 26 : Mnov_gtseq_147 
3 alleles
25.4% missing data
   0   (0.762) 0.789 0.392 0.727 0.875 0.839 0.765 0.894 
   2   (0.147) 0.127 0.049 0.135 0.078 0.129 0.200 0.087 
   1   (0.090) 0.084 0.559 0.138 0.047 0.032 0.035 0.019 

Locus 27 : Mnov_gtseq_148 
3 alleles
9.1% missing data
   0   (0.303) 0.513 0.093 0.217 0.381 0.273 0.333 0.139 
   1   (0.444) 0.364 0.566 0.640 0.416 0.298 0.364 0.586 
   2   (0.252) 0.123 0.341 0.143 0.203 0.429 0.302 0.275 

Locus 28 : Mnov_gtseq_149 
2 alleles
0.3% missing data
   0   (0.604) 0.540 0.485 0.660 0.712 0.525 0.614 0.678 
   1   (0.396) 0.460 0.515 0.340 0.288 0.475 0.386 0.322 

Locus 29 : Mnov_gtseq_15 
2 alleles
0.0% missing data
   0   (0.492) 0.462 0.322 0.548 0.347 0.730 0.571 0.291 
   1   (0.508) 0.538 0.678 0.452 0.653 0.270 0.429 0.709 

Locus 30 : Mnov_gtseq_152 
2 alleles
0.9% missing data
   0   (0.351) 0.227 0.341 0.481 0.243 0.308 0.531 0.178 
   1   (0.649) 0.773 0.659 0.519 0.757 0.692 0.469 0.822 

Locus 31 : Mnov_gtseq_154 
3 alleles
3.4% missing data
   0   (0.342) 0.353 0.102 0.302 0.351 0.396 0.263 0.608 
   2   (0.209) 0.242 0.331 0.136 0.200 0.133 0.363 0.069 
   1   (0.449) 0.405 0.566 0.562 0.449 0.471 0.375 0.323 

Locus 32 : Mnov_gtseq_157 
2 alleles
0.6% missing data
   1   (0.557) 0.458 0.663 0.635 0.606 0.551 0.556 0.468 
   0   (0.443) 0.542 0.337 0.365 0.394 0.449 0.444 0.532 

Locus 33 : Mnov_gtseq_158 
2 alleles
0.6% missing data
   0   (0.389) 0.358 0.054 0.235 0.332 0.558 0.535 0.757 
   1   (0.611) 0.642 0.946 0.765 0.668 0.442 0.465 0.243 

Locus 34 : Mnov_gtseq_159 
3 alleles
24.0% missing data
   0   (0.583) 0.544 0.297 0.541 0.725 0.684 0.649 0.671 
   1   (0.199) 0.177 0.496 0.262 0.101 0.097 0.168 0.253 
   2   (0.217) 0.279 0.208 0.197 0.174 0.219 0.183 0.076 

Locus 35 : Mnov_gtseq_16 
2 alleles
0.0% missing data
   0   (0.649) 0.723 0.534 0.695 0.595 0.806 0.554 0.551 
   1   (0.351) 0.277 0.466 0.305 0.405 0.194 0.446 0.449 

Locus 36 : Mnov_gtseq_160 
2 alleles
2.3% missing data
   0   (0.484) 0.445 0.334 0.487 0.584 0.504 0.375 0.645 
   1   (0.516) 0.555 0.666 0.513 0.416 0.496 0.625 0.355 

Locus 37 : Mnov_gtseq_161 
2 alleles
1.7% missing data
   1   (0.748) 0.752 0.861 0.787 0.716 0.860 0.687 0.786 
   0   (0.252) 0.248 0.139 0.213 0.284 0.140 0.313 0.214 

Locus 38 : Mnov_gtseq_167 
3 alleles
1.1% missing data
   2   (0.738) 0.888 0.808 0.804 0.766 0.849 0.675 0.498 
   0   (0.183) 0.088 0.134 0.111 0.124 0.094 0.294 0.489 
   1   (0.079) 0.024 0.057 0.085 0.110 0.057 0.031 0.013 

Locus 39 : Mnov_gtseq_17 
2 alleles
0.3% missing data
   0   (0.536) 0.567 0.342 0.626 0.465 0.482 0.669 0.502 
   1   (0.464) 0.433 0.658 0.374 0.535 0.518 0.331 0.498 

Locus 40 : Mnov_gtseq_170 
2 alleles
0.0% missing data
   0   (0.331) 0.294 0.175 0.297 0.383 0.284 0.411 0.166 
   1   (0.669) 0.706 0.825 0.703 0.617 0.716 0.589 0.834 

Locus 41 : Mnov_gtseq_171 
3 alleles
41.4% missing data
   2   (0.593) 0.706 0.647 0.595 0.618 0.545 0.559 0.646 
   0   (0.314) 0.219 0.209 0.338 0.331 0.420 0.330 0.275 
   1   (0.093) 0.074 0.144 0.067 0.051 0.035 0.111 0.078 

Locus 42 : Mnov_gtseq_173 
4 alleles
21.4% missing data
   3   (0.430) 0.706 0.625 0.492 0.520 0.254 0.328 0.153 
   1   (0.488) 0.248 0.180 0.428 0.448 0.722 0.642 0.836 
   2   (0.066) 0.044 0.193 0.075 0.028 0.021 0.026 0.010 
   0   (0.016) 0.003 0.001 0.005 0.004 0.003 0.004 0.001 

Locus 43 : Mnov_gtseq_174 
2 alleles
2.6% missing data
   0   (0.260) 0.292 0.629 0.221 0.149 0.136 0.231 0.422 
   1   (0.740) 0.708 0.371 0.779 0.851 0.864 0.769 0.578 

Locus 44 : Mnov_gtseq_180 
3 alleles
14.3% missing data
   1   (0.634) 0.319 0.951 0.663 0.772 0.749 0.461 0.628 
   2   (0.287) 0.650 0.042 0.297 0.182 0.185 0.335 0.304 
   0   (0.080) 0.031 0.007 0.040 0.046 0.066 0.204 0.068 

Locus 45 : Mnov_gtseq_182 
2 alleles
8.6% missing data
   0   (0.832) 0.941 0.845 0.846 0.930 0.655 0.887 0.682 
   1   (0.168) 0.059 0.155 0.154 0.070 0.345 0.113 0.318 

Locus 46 : Mnov_gtseq_186 
3 alleles
28.0% missing data
   1   (0.474) 0.485 0.454 0.550 0.395 0.553 0.402 0.536 
   2   (0.088) 0.080 0.013 0.054 0.065 0.038 0.157 0.067 
   0   (0.438) 0.435 0.532 0.396 0.540 0.409 0.440 0.397 

Locus 47 : Mnov_gtseq_187 
2 alleles
7.1% missing data
   1   (0.579) 0.558 0.829 0.513 0.519 0.696 0.719 0.343 
   0   (0.421) 0.442 0.171 0.487 0.481 0.304 0.281 0.657 

Locus 48 : Mnov_gtseq_188 
2 alleles
13.4% missing data
   0   (0.562) 0.827 0.743 0.600 0.341 0.519 0.461 0.492 
   1   (0.438) 0.173 0.257 0.400 0.659 0.481 0.539 0.508 

Locus 49 : Mnov_gtseq_189 
2 alleles
3.7% missing data
   0   (0.440) 0.172 0.430 0.447 0.448 0.430 0.636 0.623 
   1   (0.560) 0.828 0.570 0.553 0.552 0.570 0.364 0.377 

Locus 50 : Mnov_gtseq_19 
3 alleles
0.0% missing data
   1   (0.861) 0.798 0.662 0.830 0.940 0.949 0.928 0.861 
   2   (0.085) 0.026 0.016 0.144 0.043 0.040 0.057 0.131 
   0   (0.054) 0.177 0.322 0.026 0.018 0.012 0.016 0.009 

Locus 51 : Mnov_gtseq_190 
2 alleles
0.0% missing data
   1   (0.433) 0.365 0.271 0.428 0.612 0.367 0.453 0.326 
   0   (0.567) 0.635 0.729 0.572 0.388 0.633 0.547 0.674 

Locus 52 : Mnov_gtseq_192 
2 alleles
20.9% missing data
   0   (0.826) 0.884 0.791 0.878 0.753 0.726 0.909 0.894 
   1   (0.174) 0.116 0.209 0.122 0.247 0.274 0.091 0.106 

Locus 53 : Mnov_gtseq_193 
2 alleles
0.0% missing data
   0   (0.718) 0.535 0.773 0.797 0.740 0.835 0.730 0.665 
   1   (0.282) 0.465 0.227 0.203 0.260 0.165 0.270 0.335 

Locus 54 : Mnov_gtseq_195 
3 alleles
0.0% missing data
   1   (0.549) 0.775 0.512 0.659 0.490 0.548 0.419 0.444 
   2   (0.422) 0.214 0.486 0.323 0.499 0.446 0.554 0.552 
   0   (0.029) 0.010 0.002 0.018 0.011 0.006 0.027 0.004 

Locus 55 : Mnov_gtseq_196 
2 alleles
0.3% missing data
   0   (0.309) 0.531 0.101 0.188 0.303 0.360 0.274 0.425 
   1   (0.691) 0.469 0.899 0.812 0.697 0.640 0.726 0.575 

Locus 56 : Mnov_gtseq_197 
3 alleles
0.3% missing data
   1   (0.379) 0.396 0.287 0.356 0.326 0.307 0.341 0.589 
   0   (0.441) 0.208 0.665 0.480 0.542 0.599 0.364 0.357 
   2   (0.180) 0.396 0.048 0.164 0.132 0.094 0.295 0.054 

Locus 57 : Mnov_gtseq_2 
3 alleles
0.3% missing data
   0   (0.193) 0.123 0.235 0.251 0.378 0.111 0.108 0.058 
   2   (0.768) 0.710 0.761 0.726 0.604 0.876 0.879 0.937 
   1   (0.039) 0.167 0.003 0.022 0.018 0.013 0.013 0.005 

Locus 58 : Mnov_gtseq_200 
2 alleles
2.3% missing data
   0   (0.426) 0.241 0.744 0.507 0.355 0.325 0.533 0.319 
   1   (0.574) 0.759 0.256 0.493 0.645 0.675 0.467 0.681 

Locus 59 : Mnov_gtseq_201 
4 alleles
0.0% missing data
   0   (0.587) 0.796 0.562 0.710 0.690 0.436 0.542 0.386 
   2   (0.157) 0.048 0.252 0.122 0.128 0.178 0.215 0.064 
   3   (0.158) 0.101 0.167 0.126 0.125 0.327 0.098 0.038 
   1   (0.098) 0.055 0.018 0.043 0.056 0.059 0.145 0.511 

Locus 60 : Mnov_gtseq_202 
2 alleles
0.0% missing data
   0   (0.422) 0.263 0.647 0.374 0.477 0.440 0.384 0.455 
   1   (0.578) 0.737 0.353 0.626 0.523 0.560 0.616 0.545 

Locus 61 : Mnov_gtseq_204 
2 alleles
3.4% missing data
   0   (0.420) 0.499 0.714 0.364 0.236 0.437 0.331 0.641 
   1   (0.580) 0.501 0.286 0.636 0.764 0.563 0.669 0.359 

Locus 62 : Mnov_gtseq_205 
5 alleles
0.0% missing data
   0   (0.208) 0.205 0.253 0.176 0.130 0.507 0.151 0.073 
   4   (0.043) 0.011 0.203 0.034 0.027 0.010 0.013 0.005 
   3   (0.663) 0.722 0.451 0.739 0.804 0.453 0.804 0.889 
   1   (0.066) 0.058 0.092 0.046 0.032 0.024 0.028 0.023 
   2   (0.019) 0.004 0.001 0.006 0.007 0.005 0.004 0.010 

Locus 63 : Mnov_gtseq_208 
2 alleles
0.0% missing data
