

----------------------------------------------------
STRUCTURE by Pritchard, Stephens and Donnelly (2000)
     and Falush, Stephens and Pritchard (2003)
       Code by Pritchard, Falush and Hubisz
             Version 2.3.4 (Jul 2012)
----------------------------------------------------



Command line arguments:   structure -m wint.area.structureRun/wint.area.structureRun.k4.r1_mainparams -e wint.area.structureRun/wint.area.structureRun.k4.r1_extraparams -i wint.area.structureRun/wint.area.structureRun.k4.r1_data -o wint.area.structureRun/wint.area.structureRun.k4.r1_out 
Input File:    wint.area.structureRun/wint.area.structureRun.k4.r1_data

Run parameters:
   357 individuals
   328 loci
   4 populations assumed
   1000 Burn-in period
   10000 Reps


--------------------------------------------
Proportion of membership of each pre-defined
 population in each of the 4 clusters

Given    Inferred Clusters              Number of
 Pop       1      2      3      4      Individuals

  1:     0.194  0.383  0.126  0.297       80
  2:     0.208  0.152  0.449  0.192      126
  3:     0.212  0.277  0.188  0.323      115
  4:     0.228  0.199  0.296  0.277       27
  5:     0.755  0.090  0.069  0.086        9
--------------------------------------------

Allele-freq. divergence among pops (Net nucleotide distance),
computed using point estimates of P.

      1       2       3       4      
 1      -    0.0257  0.0323  0.0185  
 2   0.0257     -    0.0395  0.0175  
 3   0.0323  0.0395     -    0.0309  
 4   0.0185  0.0175  0.0309     -    

Average distances (expected heterozygosity) between individuals in same cluster:
cluster  1  : 0.4013 
cluster  2  : 0.4130 
cluster  3  : 0.3962 
cluster  4  : 0.4121 

--------------------------------------------
Estimated Ln Prob of Data   = -134659.7
Mean value of ln likelihood = -133377.8
Variance of ln likelihood   = 2563.8
Mean value of alpha         = 1.0000

Mean value of Fst_1         = 0.0894
Mean value of Fst_2         = 0.0846
Mean value of Fst_3         = 0.1319
Mean value of Fst_4         = 0.0581


Inferred ancestry of individuals:
        Label (%Miss) Pop:  Inferred clusters
  1   207778    (2)    2 :  0.166 0.157 0.470 0.207 
  2 z0005757    (7)    3 :  0.343 0.264 0.218 0.176 
  3 z0005758    (0)    3 :  0.138 0.226 0.075 0.561 
  4 z0011944    (0)    1 :  0.802 0.053 0.086 0.059 
  5 z0012702   (10)    4 :  0.256 0.065 0.625 0.054 
  6 z0016577    (2)    3 :  0.150 0.147 0.276 0.426 
  7 z0016578   (21)    1 :  0.233 0.383 0.066 0.318 
  8 z0016579    (1)    3 :  0.275 0.159 0.151 0.415 
  9 z0018264    (0)    1 :  0.754 0.064 0.115 0.067 
 10 z0029828    (2)    3 :  0.072 0.482 0.200 0.247 
 11 z0029829   (14)    1 :  0.098 0.601 0.125 0.176 
 12 z0029846   (14)    1 :  0.244 0.191 0.130 0.435 
 13 z0029860    (1)    3 :  0.088 0.520 0.109 0.283 
 14 z0029863    (2)    1 :  0.356 0.079 0.105 0.461 
 15 z0029864    (8)    1 :  0.273 0.268 0.106 0.353 
 16 z0029865   (13)    3 :  0.103 0.155 0.067 0.676 
 17 z0037607    (2)    3 :  0.245 0.106 0.198 0.451 
 18 z0037609   (25)    3 :  0.229 0.141 0.125 0.506 
 19 z0037624   (21)    1 :  0.123 0.227 0.161 0.489 
 20 z0038417    (8)    2 :  0.204 0.075 0.613 0.107 
 21 z0040275    (9)    2 :  0.309 0.080 0.452 0.159 
 22 z0040287    (3)    2 :  0.319 0.175 0.305 0.200 
 23 z0040308    (1)    2 :  0.093 0.107 0.552 0.247 
 24 z0040333    (1)    2 :  0.215 0.191 0.425 0.169 
 25 z0040334    (1)    2 :  0.154 0.061 0.727 0.058 
 26 z0040337    (6)    2 :  0.209 0.168 0.323 0.300 
 27 z0040345    (1)    2 :  0.233 0.055 0.576 0.137 
 28 z0040357    (5)    2 :  0.156 0.091 0.509 0.244 
 29 z0040363   (20)    2 :  0.152 0.228 0.453 0.167 
 30 z0040364    (0)    2 :  0.114 0.109 0.653 0.123 
 31 z0040387    (1)    2 :  0.130 0.140 0.557 0.173 
 32 z0040403   (15)    2 :  0.181 0.165 0.464 0.190 
 33 z0040413   (43)    2 :  0.232 0.116 0.426 0.226 
 34 z0040439    (0)    2 :  0.136 0.054 0.720 0.089 
 35 z0040465   (20)    2 :  0.146 0.169 0.338 0.347 
 36 z0040513   (17)    3 :  0.170 0.407 0.300 0.123 
 37 z0040961   (12)    2 :  0.417 0.114 0.375 0.094 
 38 z0040985   (16)    2 :  0.223 0.075 0.352 0.350 
 39 z0041026    (0)    2 :  0.125 0.189 0.600 0.087 
 40 z0041051   (28)    2 :  0.340 0.085 0.408 0.168 
 41 z0041115    (7)    2 :  0.163 0.183 0.526 0.129 
 42 z0041153   (23)    2 :  0.366 0.127 0.300 0.208 
 43 z0041233    (4)    2 :  0.182 0.166 0.326 0.326 
 44 z0041243    (1)    2 :  0.229 0.094 0.352 0.326 
 45 z0041248    (6)    2 :  0.144 0.149 0.559 0.148 
 46 z0041250    (1)    2 :  0.184 0.071 0.570 0.174 
 47 z0041274    (2)    2 :  0.311 0.149 0.412 0.129 
 48 z0041465   (15)    2 :  0.064 0.241 0.537 0.158 
 49 z0041472    (2)    2 :  0.109 0.241 0.522 0.128 
 50 z0041480   (10)    2 :  0.149 0.234 0.327 0.290 
 51 z0041483    (0)    2 :  0.149 0.109 0.619 0.123 
 52 z0041494   (12)    2 :  0.288 0.105 0.468 0.139 
 53 z0041498    (1)    2 :  0.209 0.219 0.436 0.137 
 54 z0041501    (1)    2 :  0.142 0.061 0.669 0.129 
 55 z0041507    (7)    2 :  0.155 0.123 0.554 0.168 
 56 z0041512    (0)    2 :  0.089 0.109 0.657 0.145 
 57 z0041522   (17)    2 :  0.130 0.203 0.481 0.186 
 58 z0041526    (1)    3 :  0.083 0.133 0.512 0.272 
 59 z0041527   (16)    2 :  0.162 0.175 0.493 0.170 
 60 z0043243    (2)    2 :  0.403 0.271 0.111 0.215 
 61 z0043278    (2)    2 :  0.229 0.086 0.624 0.062 
 62 z0043475   (17)    3 :  0.206 0.256 0.353 0.185 
 63 z0043477    (0)    2 :  0.179 0.073 0.374 0.374 
 64 z0043478    (2)    2 :  0.071 0.085 0.761 0.083 
 65 z0043481    (0)    2 :  0.195 0.133 0.514 0.158 
 66 z0043489    (7)    2 :  0.227 0.058 0.625 0.091 
 67 z0043491   (13)    2 :  0.266 0.126 0.399 0.209 
 68 z0043493    (3)    2 :  0.240 0.054 0.322 0.384 
 69 z0043494    (2)    2 :  0.270 0.149 0.339 0.242 
 70 z0043498    (2)    2 :  0.099 0.188 0.645 0.068 
 71 z0043504    (7)    2 :  0.220 0.074 0.315 0.391 
 72 z0043526    (3)    4 :  0.287 0.155 0.336 0.222 
 73 z0043566    (3)    2 :  0.130 0.123 0.452 0.295 
 74 z0043572    (0)    2 :  0.095 0.181 0.537 0.187 
 75 z0043599    (5)    2 :  0.180 0.136 0.365 0.319 
 76 z0043642    (1)    2 :  0.168 0.210 0.306 0.316 
 77 z0043649    (1)    2 :  0.181 0.088 0.607 0.123 
 78 z0043652    (1)    2 :  0.309 0.147 0.283 0.262 
 79 z0043668    (1)    2 :  0.306 0.278 0.288 0.128 
 80 z0043674    (1)    4 :  0.236 0.382 0.061 0.321 
 81 z0043686    (1)    2 :  0.265 0.200 0.354 0.181 
 82 z0043693    (1)    2 :  0.237 0.269 0.363 0.132 
 83 z0043704   (15)    2 :  0.103 0.080 0.664 0.153 
 84 z0043807    (1)    2 :  0.133 0.215 0.438 0.214 
 85 z0043819    (1)    2 :  0.296 0.151 0.184 0.369 
 86 z0043876    (7)    2 :  0.094 0.236 0.227 0.443 
 87 z0043877   (33)    2 :  0.142 0.260 0.418 0.180 
 88 z0043891   (21)    4 :  0.288 0.260 0.202 0.250 
 89 z0043915   (33)    2 :  0.426 0.198 0.242 0.133 
 90 z0043940   (10)    2 :  0.290 0.110 0.100 0.500 
 91 z0043954    (2)    2 :  0.351 0.169 0.293 0.188 
 92 z0043966    (5)    2 :  0.107 0.148 0.612 0.133 
 93 z0043980    (0)    2 :  0.217 0.295 0.366 0.122 
 94 z0043994    (1)    3 :  0.225 0.086 0.631 0.057 
 95 z0044017   (12)    2 :  0.435 0.121 0.343 0.102 
 96 z0044019   (14)    2 :  0.178 0.258 0.440 0.124 
 97 z0044023   (36)    2 :  0.064 0.162 0.693 0.081 
 98 z0044033    (0)    2 :  0.050 0.081 0.822 0.047 
 99 z0044042    (3)    2 :  0.125 0.158 0.638 0.078 
100 z0044047   (25)    2 :  0.266 0.097 0.507 0.131 
101 z0044064   (13)    2 :  0.318 0.082 0.390 0.210 
102 z0044432   (14)    2 :  0.267 0.303 0.325 0.106 
103 z0045326    (0)    3 :  0.070 0.263 0.155 0.512 
104 z0045331    (5)    1 :  0.202 0.368 0.163 0.267 
105 z0045332    (2)    1 :  0.320 0.262 0.198 0.220 
106 z0045333    (6)    1 :  0.125 0.462 0.121 0.292 
107 z0045337    (5)    1 :  0.131 0.588 0.139 0.142 
108 z0045342   (13)    1 :  0.132 0.567 0.187 0.114 
109 z0045347    (1)    3 :  0.309 0.145 0.147 0.399 
110 z0045350    (0)    1 :  0.363 0.234 0.134 0.270 
111 z0045370    (1)    1 :  0.084 0.624 0.045 0.248 
112 z0045371    (1)    3 :  0.206 0.142 0.194 0.458 
113 z0045398    (1)    3 :  0.105 0.184 0.052 0.659 
114 z0045399    (1)    3 :  0.455 0.321 0.065 0.159 
115 z0045401   (26)    1 :  0.247 0.281 0.174 0.299 
116 z0045404    (0)    3 :  0.100 0.410 0.057 0.433 
117 z0045405    (5)    3 :  0.240 0.132 0.069 0.559 
118 z0045407    (2)    3 :  0.265 0.113 0.093 0.530 
119 z0045719    (0)    2 :  0.134 0.109 0.594 0.163 
120 z0045720    (1)    2 :  0.280 0.142 0.343 0.235 
121 z0045728    (1)    2 :  0.127 0.145 0.558 0.170 
122 z0045731    (1)    2 :  0.221 0.085 0.371 0.323 
123 z0045733    (0)    2 :  0.271 0.270 0.327 0.132 
124 z0045736    (1)    2 :  0.352 0.177 0.240 0.230 
125 z0045739    (1)    2 :  0.176 0.166 0.183 0.475 
126 z0045740    (1)    2 :  0.133 0.073 0.626 0.168 
127 z0045741    (0)    2 :  0.152 0.076 0.575 0.197 
128 z0045742    (0)    2 :  0.131 0.213 0.503 0.153 
129 z0045776    (1)    3 :  0.358 0.148 0.388 0.106 
130 z0045779    (0)    2 :  0.095 0.131 0.683 0.090 
131 z0045781    (0)    2 :  0.118 0.062 0.478 0.342 
132 z0045788    (5)    2 :  0.198 0.074 0.647 0.080 
133 z0045789    (2)    2 :  0.164 0.110 0.625 0.101 
134 z0045791    (5)    2 :  0.229 0.162 0.527 0.083 
135 z0045792   (23)    1 :  0.152 0.298 0.289 0.261 
136 z0045793    (0)    3 :  0.070 0.592 0.238 0.101 
137 z0047562   (15)    2 :  0.225 0.147 0.495 0.133 
138 z0047854    (1)    2 :  0.212 0.087 0.387 0.314 
139 z0051185    (1)    1 :  0.105 0.269 0.073 0.554 
140 z0051324    (6)    1 :  0.155 0.553 0.094 0.198 
141 z0051326    (0)    1 :  0.140 0.539 0.074 0.247 
142 z0051327    (4)    3 :  0.131 0.160 0.329 0.380 
143 z0051328    (3)    1 :  0.108 0.466 0.155 0.272 
144 z0051380    (0)    1 :  0.114 0.310 0.042 0.534 
145 z0051400    (0)    3 :  0.163 0.386 0.234 0.216 
146 z0051431   (23)    3 :  0.114 0.128 0.351 0.406 
147 z0051840   (34)    2 :  0.257 0.211 0.468 0.065 
148 z0051844   (27)    2 :  0.374 0.079 0.397 0.149 
149 z0051875   (29)    3 :  0.127 0.407 0.137 0.329 
150 z0051885    (8)    3 :  0.131 0.120 0.510 0.240 
151 z0051888    (1)    2 :  0.081 0.395 0.450 0.074 
152 z0051891    (1)    1 :  0.234 0.226 0.205 0.334 
153 z0051893    (4)    1 :  0.142 0.556 0.142 0.160 
154 z0051895    (0)    3 :  0.095 0.557 0.132 0.216 
155 z0051918    (1)    3 :  0.396 0.076 0.354 0.173 
156 z0051929    (1)    1 :  0.075 0.406 0.108 0.411 
157 z0051939   (12)    3 :  0.198 0.227 0.344 0.230 
158 z0051947    (3)    1 :  0.107 0.689 0.107 0.097 
159 z0051959    (2)    3 :  0.191 0.106 0.197 0.506 
160 z0052846    (0)    4 :  0.160 0.202 0.323 0.315 
161 z0052882    (1)    2 :  0.217 0.303 0.340 0.141 
162 z0053020   (22)    2 :  0.348 0.075 0.344 0.233 
163 z0053024   (13)    2 :  0.191 0.214 0.258 0.337 
164 z0053025    (5)    2 :  0.080 0.054 0.671 0.195 
165 z0053031    (0)    2 :  0.301 0.186 0.275 0.239 
166 z0053032    (1)    2 :  0.280 0.160 0.393 0.167 
167 z0053040    (5)    2 :  0.275 0.141 0.350 0.234 
168 z0053051    (1)    3 :  0.253 0.268 0.116 0.363 
169 z0053054    (6)    3 :  0.166 0.308 0.106 0.420 
170 z0053071    (3)    2 :  0.091 0.205 0.595 0.108 
171 z0053073    (2)    2 :  0.255 0.167 0.158 0.420 
172 z0053078    (1)    3 :  0.584 0.045 0.282 0.088 
173 z0053082    (2)    3 :  0.175 0.204 0.492 0.129 
174 z0053083   (12)    2 :  0.215 0.153 0.399 0.233 
175 z0053090   (11)    3 :  0.263 0.074 0.430 0.233 
176 z0053096    (0)    2 :  0.305 0.074 0.557 0.063 
177 z0053100    (8)    2 :  0.194 0.104 0.482 0.220 
178 z0053101    (0)    2 :  0.392 0.106 0.402 0.100 
179 z0053102    (9)    2 :  0.213 0.148 0.483 0.156 
180 z0053103    (1)    2 :  0.069 0.093 0.726 0.112 
181 z0053111    (2)    3 :  0.216 0.232 0.135 0.417 
182 z0053131    (0)    2 :  0.168 0.272 0.381 0.178 
183 z0053132    (0)    2 :  0.543 0.065 0.316 0.075 
184 z0053133    (1)    2 :  0.353 0.236 0.160 0.251 
185 z0053138    (0)    2 :  0.106 0.201 0.262 0.431 
186 z0053142    (3)    2 :  0.151 0.186 0.492 0.170 
187 z0053149    (1)    2 :  0.232 0.098 0.487 0.183 
188 z0053754    (1)    1 :  0.221 0.181 0.107 0.491 
189 z0053756    (2)    1 :  0.261 0.151 0.096 0.492 
190 z0053758   (17)    1 :  0.202 0.635 0.069 0.094 
191 z0053759    (1)    1 :  0.154 0.461 0.087 0.299 
192 z0053760    (0)    1 :  0.199 0.205 0.133 0.463 
193 z0053842    (2)    1 :  0.074 0.081 0.131 0.715 
194 z0053843    (6)    1 :  0.095 0.709 0.111 0.085 
195 z0053844    (9)    1 :  0.124 0.373 0.149 0.354 
196 z0053846    (3)    1 :  0.081 0.795 0.056 0.068 
197 z0053847    (1)    1 :  0.110 0.664 0.164 0.062 
198 z0053849    (1)    1 :  0.187 0.114 0.127 0.572 
199 z0055903    (1)    4 :  0.352 0.185 0.201 0.261 
200 z0055910   (35)    4 :  0.207 0.199 0.353 0.241 
201 z0055912    (7)    4 :  0.395 0.089 0.280 0.236 
202 z0055916   (17)    4 :  0.160 0.149 0.163 0.528 
203 z0055931    (4)    4 :  0.155 0.112 0.626 0.107 
204 z0055944    (4)    4 :  0.259 0.190 0.259 0.292 
205 z0055947   (10)    4 :  0.200 0.119 0.219 0.462 
206 z0055962    (6)    4 :  0.121 0.104 0.299 0.477 
207 z0055963   (21)    4 :  0.207 0.306 0.350 0.137 
208 z0055965   (26)    4 :  0.508 0.246 0.079 0.167 
209 z0055970   (16)    4 :  0.158 0.219 0.350 0.272 
210 z0055971    (8)    4 :  0.253 0.359 0.228 0.160 
211 z0055977    (6)    4 :  0.174 0.139 0.451 0.236 
212 z0055986   (21)    4 :  0.134 0.367 0.214 0.285 
213 z0055990    (7)    4 :  0.200 0.127 0.503 0.170 
214 z0055996    (3)    4 :  0.097 0.262 0.303 0.338 
215 z0055997    (4)    4 :  0.121 0.280 0.416 0.184 
216 z0055998    (5)    4 :  0.360 0.104 0.143 0.393 
217 z0055999    (3)    4 :  0.271 0.387 0.139 0.203 
218 z0056011    (9)    4 :  0.207 0.104 0.145 0.545 
219 z0056029    (5)    4 :  0.205 0.176 0.266 0.353 
220 z0056034    (2)    4 :  0.176 0.074 0.468 0.282 
221 z0056056   (26)    3 :  0.203 0.243 0.218 0.336 
222 z0056058    (5)    3 :  0.139 0.520 0.049 0.292 
223 z0056059    (8)    3 :  0.418 0.186 0.128 0.268 
224 z0056062    (1)    3 :  0.357 0.218 0.282 0.143 
225 z0056063    (4)    3 :  0.235 0.331 0.152 0.281 
226 z0056064    (0)    3 :  0.391 0.313 0.129 0.166 
227 z0056065    (0)    3 :  0.204 0.450 0.108 0.237 
228 z0056069    (1)    3 :  0.357 0.147 0.379 0.118 
229 z0056073    (0)    3 :  0.075 0.205 0.071 0.649 
230 z0056076    (5)    3 :  0.217 0.506 0.210 0.066 
231 z0056079   (10)    3 :  0.179 0.221 0.054 0.545 
232 z0056085    (1)    3 :  0.180 0.458 0.107 0.255 
233 z0056092    (1)    3 :  0.305 0.295 0.120 0.281 
234 z0056095    (1)    3 :  0.364 0.386 0.109 0.142 
235 z0056103    (8)    3 :  0.269 0.263 0.075 0.393 
236 z0056374    (8)    1 :  0.162 0.322 0.071 0.445 
237 z0056375    (0)    1 :  0.159 0.550 0.098 0.193 
238 z0056377    (0)    1 :  0.136 0.138 0.088 0.638 
239 z0056378    (2)    1 :  0.094 0.591 0.200 0.115 
240 z0056382    (1)    1 :  0.127 0.747 0.056 0.070 
241 z0056384    (3)    1 :  0.274 0.395 0.161 0.170 
242 z0056386    (8)    1 :  0.135 0.684 0.056 0.125 
243 z0056389    (1)    1 :  0.125 0.714 0.058 0.102 
244 z0056391    (2)    1 :  0.043 0.837 0.024 0.096 
245 z0056392   (12)    1 :  0.077 0.382 0.077 0.464 
246 z0056393    (9)    1 :  0.199 0.145 0.164 0.492 
247 z0056394    (1)    1 :  0.088 0.225 0.074 0.612 
248 z0056395    (2)    1 :  0.177 0.145 0.157 0.522 
249 z0056397    (1)    1 :  0.196 0.112 0.259 0.432 
250 z0061527    (3)    3 :  0.134 0.162 0.445 0.260 
251 z0061967    (1)    3 :  0.113 0.241 0.231 0.414 
252 z0061969    (1)    3 :  0.067 0.154 0.338 0.441 
253 z0061980    (1)    1 :  0.141 0.360 0.237 0.261 
254 z0066166    (3)    3 :  0.158 0.318 0.152 0.372 
255 z0066792    (2)    1 :  0.706 0.166 0.072 0.056 
256 z0066805    (2)    1 :  0.759 0.083 0.079 0.079 
257 z0068471    (3)    3 :  0.239 0.344 0.129 0.287 
258 z0075696    (7)    5 :  0.811 0.064 0.075 0.050 
259 z0101084    (8)    1 :  0.095 0.674 0.127 0.104 
260 z0107099    (3)    3 :  0.092 0.574 0.038 0.297 
261 z0107101    (0)    1 :  0.050 0.849 0.046 0.054 
262 z0108489    (1)    1 :  0.271 0.192 0.265 0.272 
263 z0108513    (0)    1 :  0.053 0.693 0.124 0.130 
264 z0108528    (1)    3 :  0.133 0.216 0.262 0.389 
265 z0113628    (2)    3 :  0.361 0.118 0.166 0.355 
266 z0133302   (18)    1 :  0.179 0.477 0.215 0.128 
267 z0173485    (0)    1 :  0.173 0.174 0.297 0.356 
268 z0175371    (1)    3 :  0.399 0.094 0.231 0.276 
269 z0175378    (0)    2 :  0.063 0.157 0.679 0.101 
270 z0175912    (6)    1 :  0.163 0.247 0.128 0.461 
271 z0175916    (3)    1 :  0.255 0.205 0.341 0.198 
272 z0175937    (1)    1 :  0.159 0.464 0.098 0.279 
273 z0178348   (13)    1 :  0.119 0.250 0.090 0.540 
274 z0187857    (3)    1 :  0.094 0.611 0.150 0.145 
275 z0187860    (0)    1 :  0.215 0.277 0.236 0.273 
276 z0187885    (0)    2 :  0.392 0.162 0.348 0.098 
277 z0187906   (10)    1 :  0.488 0.174 0.138 0.200 
278 z0195655    (0)    2 :  0.073 0.095 0.711 0.121 
279 z0195663    (1)    3 :  0.171 0.079 0.452 0.299 
280 z0195683    (1)    3 :  0.108 0.558 0.096 0.238 
281 z0195687   (22)    3 :  0.140 0.386 0.056 0.419 
282 z0195688    (0)    2 :  0.372 0.146 0.298 0.184 
283 z0195691    (1)    3 :  0.378 0.071 0.097 0.454 
284 z0195699    (0)    3 :  0.115 0.151 0.110 0.625 
285 z0195701    (8)    3 :  0.161 0.552 0.134 0.153 
286 z0195702    (0)    3 :  0.308 0.228 0.197 0.268 
287 z0195704    (1)    3 :  0.202 0.342 0.186 0.270 
288 z0195705    (1)    3 :  0.162 0.059 0.470 0.310 
289 z0195711    (0)    3 :  0.420 0.126 0.080 0.374 
290 z0195716    (0)    3 :  0.322 0.312 0.124 0.242 
291 z0195718   (13)    3 :  0.252 0.464 0.071 0.213 
292 z0195725    (5)    3 :  0.116 0.165 0.277 0.442 
293 z0195726   (17)    1 :  0.171 0.086 0.115 0.628 
294 z0195728   (14)    3 :  0.084 0.746 0.046 0.124 
295 z0195732   (16)    3 :  0.128 0.235 0.061 0.576 
296 z0195737    (1)    3 :  0.277 0.217 0.399 0.107 
297 z0195740   (30)    3 :  0.154 0.127 0.129 0.590 
298 z0195751    (1)    3 :  0.104 0.614 0.097 0.185 
299 z0195762    (2)    3 :  0.380 0.255 0.079 0.286 
300 z0195784    (0)    3 :  0.224 0.486 0.089 0.202 
301 z0196686    (0)    5 :  0.880 0.048 0.032 0.041 
302 z0196687    (0)    5 :  0.739 0.085 0.088 0.088 
303 z0196689    (1)    5 :  0.764 0.053 0.082 0.100 
304 z0196690    (3)    5 :  0.709 0.194 0.047 0.050 
305 z0196691    (9)    5 :  0.758 0.080 0.062 0.100 
306 z0196692    (1)    5 :  0.664 0.111 0.097 0.128 
307 z0196693    (2)    5 :  0.721 0.094 0.058 0.127 
308 z0196694    (3)    5 :  0.747 0.081 0.084 0.087 
309 z0196710    (0)    3 :  0.254 0.153 0.241 0.351 
310 z0196715   (23)    3 :  0.102 0.301 0.069 0.529 
311 z0196719    (0)    3 :  0.151 0.148 0.135 0.566 
312 z0196724   (20)    3 :  0.101 0.343 0.174 0.382 
313 z0196725    (1)    3 :  0.269 0.452 0.126 0.154 
314 z0196729    (3)    3 :  0.143 0.261 0.189 0.408 
315 z0196730    (3)    1 :  0.287 0.487 0.118 0.108 
316 z0196731    (1)    3 :  0.141 0.313 0.056 0.490 
317 z0196733   (17)    1 :  0.115 0.209 0.071 0.605 
318 z0196734    (2)    3 :  0.147 0.249 0.258 0.345 
319 z0196739   (18)    3 :  0.105 0.396 0.288 0.211 
320 z0196740   (10)    3 :  0.220 0.264 0.111 0.405 
321 z0196746    (3)    1 :  0.156 0.626 0.145 0.073 
322 z0196751    (0)    3 :  0.189 0.427 0.205 0.178 
323 z0196752    (0)    3 :  0.515 0.254 0.079 0.152 
324 z0196754    (0)    3 :  0.139 0.480 0.149 0.232 
325 z0196758    (2)    1 :  0.194 0.368 0.105 0.332 
326 z0196763    (2)    3 :  0.174 0.161 0.103 0.562 
327 z0196764    (1)    3 :  0.215 0.267 0.161 0.358 
328 z0196766    (0)    3 :  0.220 0.396 0.147 0.237 
329 z0196769    (1)    3 :  0.199 0.490 0.096 0.214 
330 z0196774    (1)    3 :  0.333 0.435 0.088 0.144 
331 z0196783    (0)    1 :  0.068 0.822 0.043 0.067 
332 z0196794    (2)    1 :  0.117 0.755 0.049 0.078 
333 z0196804   (15)    1 :  0.115 0.245 0.099 0.542 
334 z0196809   (15)    3 :  0.217 0.134 0.066 0.583 
335 z0196810    (2)    1 :  0.211 0.128 0.091 0.570 
336 z0196811    (1)    1 :  0.115 0.158 0.049 0.679 
337 z0196824    (0)    3 :  0.296 0.220 0.271 0.213 
338 z0196825    (1)    3 :  0.094 0.272 0.260 0.373 
339 z0196828    (1)    2 :  0.127 0.294 0.161 0.418 
340 z0196829    (0)    3 :  0.121 0.093 0.122 0.664 
341 z0196834   (28)    3 :  0.173 0.374 0.228 0.225 
342 z0196835    (0)    3 :  0.052 0.562 0.149 0.236 
343 z0196838    (2)    1 :  0.186 0.141 0.055 0.618 
344 z0196841   (22)    3 :  0.273 0.449 0.096 0.181 
345 z0196843   (27)    3 :  0.145 0.401 0.113 0.341 
346 z0196849    (1)    3 :  0.139 0.404 0.125 0.331 
347 z0196852    (1)    2 :  0.356 0.135 0.265 0.244 
348 z0196855    (0)    2 :  0.252 0.152 0.229 0.367 
349 z0196856    (1)    3 :  0.241 0.134 0.212 0.414 
350 z0196857    (0)    2 :  0.083 0.402 0.433 0.082 
351 z0196864    (2)    3 :  0.208 0.100 0.365 0.327 
352 z0196894    (0)    3 :  0.294 0.225 0.083 0.398 
353 z0197662    (3)    1 :  0.190 0.151 0.260 0.399 
354 z0197665    (2)    1 :  0.192 0.611 0.089 0.108 
355 z0197668   (20)    3 :  0.520 0.139 0.114 0.227 
356 z0197669    (1)    3 :  0.324 0.140 0.324 0.211 
357 z0197672    (1)    3 :  0.185 0.436 0.179 0.200 


Estimated Allele Frequencies in each cluster
First column gives estimated ancestral frequencies


Locus 1 : HI.v.HI.SEAK 
5 alleles
66.2% missing data
   0   (0.206) 0.283 0.118 0.218 0.125 
   4   (0.415) 0.296 0.632 0.050 0.643 
   1   (0.177) 0.170 0.071 0.667 0.097 
   2   (0.050) 0.035 0.016 0.036 0.026 
   3   (0.152) 0.216 0.163 0.029 0.108 

Locus 2 : Mnov_gtseq_1 
2 alleles
0.0% missing data
   0   (0.415) 0.463 0.348 0.343 0.438 
   1   (0.585) 0.537 0.652 0.657 0.562 

Locus 3 : Mnov_gtseq_10 
2 alleles
0.3% missing data
   0   (0.802) 0.915 0.731 0.939 0.717 
   1   (0.198) 0.085 0.269 0.061 0.283 

Locus 4 : Mnov_gtseq_102 
2 alleles
0.8% missing data
   0   (0.564) 0.545 0.422 0.718 0.624 
   1   (0.436) 0.455 0.578 0.282 0.376 

Locus 5 : Mnov_gtseq_104 
2 alleles
0.3% missing data
   0   (0.857) 0.952 0.714 0.950 0.855 
   1   (0.143) 0.048 0.286 0.050 0.145 

Locus 6 : Mnov_gtseq_106 
2 alleles
15.4% missing data
   1   (0.755) 0.732 0.808 0.795 0.778 
   0   (0.245) 0.268 0.192 0.205 0.222 

Locus 7 : Mnov_gtseq_107 
2 alleles
37.8% missing data
   1   (0.222) 0.147 0.165 0.489 0.169 
   0   (0.778) 0.853 0.835 0.511 0.831 

Locus 8 : Mnov_gtseq_111 
2 alleles
39.2% missing data
   1   (0.705) 0.836 0.566 0.503 0.793 
   0   (0.295) 0.164 0.434 0.497 0.207 

Locus 9 : Mnov_gtseq_112 
2 alleles
1.1% missing data
   0   (0.599) 0.429 0.758 0.730 0.551 
   1   (0.401) 0.571 0.242 0.270 0.449 

Locus 10 : Mnov_gtseq_113 
2 alleles
1.7% missing data
   1   (0.710) 0.663 0.808 0.668 0.732 
   0   (0.290) 0.337 0.192 0.332 0.268 

Locus 11 : Mnov_gtseq_114 
2 alleles
4.5% missing data
   0   (0.550) 0.507 0.585 0.326 0.646 
   1   (0.450) 0.493 0.415 0.674 0.354 

Locus 12 : Mnov_gtseq_117 
2 alleles
27.2% missing data
   0   (0.628) 0.612 0.539 0.841 0.616 
   1   (0.372) 0.388 0.461 0.159 0.384 

Locus 13 : Mnov_gtseq_118 
2 alleles
8.1% missing data
   0   (0.713) 0.733 0.529 0.873 0.769 
   1   (0.287) 0.267 0.471 0.127 0.231 

Locus 14 : Mnov_gtseq_12 
2 alleles
0.3% missing data
   0   (0.464) 0.621 0.506 0.251 0.421 
   1   (0.536) 0.379 0.494 0.749 0.579 

Locus 15 : Mnov_gtseq_124 
2 alleles
4.8% missing data
   1   (0.763) 0.879 0.720 0.881 0.688 
   0   (0.237) 0.121 0.280 0.119 0.312 

Locus 16 : Mnov_gtseq_125 
2 alleles
1.1% missing data
   1   (0.901) 0.951 0.983 0.666 0.900 
   0   (0.099) 0.049 0.017 0.334 0.100 

Locus 17 : Mnov_gtseq_126 
2 alleles
0.0% missing data
   0   (0.344) 0.521 0.118 0.313 0.419 
   1   (0.656) 0.479 0.882 0.687 0.581 

Locus 18 : Mnov_gtseq_127 
2 alleles
7.0% missing data
   0   (0.622) 0.652 0.725 0.448 0.618 
   1   (0.378) 0.348 0.275 0.552 0.382 

Locus 19 : Mnov_gtseq_128 
2 alleles
31.4% missing data
   0   (0.694) 0.642 0.818 0.681 0.680 
   1   (0.306) 0.358 0.182 0.319 0.320 

Locus 20 : Mnov_gtseq_129 
2 alleles
2.0% missing data
   0   (0.499) 0.381 0.488 0.630 0.530 
   1   (0.501) 0.619 0.512 0.370 0.470 

Locus 21 : Mnov_gtseq_13 
2 alleles
0.0% missing data
   0   (0.570) 0.799 0.518 0.602 0.432 
   1   (0.430) 0.201 0.482 0.398 0.568 

Locus 22 : Mnov_gtseq_130 
2 alleles
28.9% missing data
   1   (0.513) 0.616 0.446 0.436 0.534 
   0   (0.487) 0.384 0.554 0.564 0.466 

Locus 23 : Mnov_gtseq_135 
2 alleles
0.6% missing data
   1   (0.451) 0.385 0.461 0.581 0.415 
   0   (0.549) 0.615 0.539 0.419 0.585 

Locus 24 : Mnov_gtseq_138 
2 alleles
0.6% missing data
   0   (0.474) 0.466 0.411 0.392 0.552 
   1   (0.526) 0.534 0.589 0.608 0.448 

Locus 25 : Mnov_gtseq_140 
2 alleles
1.1% missing data
   0   (0.434) 0.260 0.415 0.642 0.467 
   1   (0.566) 0.740 0.585 0.358 0.533 

Locus 26 : Mnov_gtseq_141 
2 alleles
0.3% missing data
   0   (0.555) 0.425 0.721 0.561 0.527 
   1   (0.445) 0.575 0.279 0.439 0.473 

Locus 27 : Mnov_gtseq_143 
2 alleles
2.8% missing data
   1   (0.560) 0.409 0.666 0.500 0.620 
   0   (0.440) 0.591 0.334 0.500 0.380 

Locus 28 : Mnov_gtseq_145 
2 alleles
2.0% missing data
   0   (0.460) 0.361 0.584 0.473 0.426 
   1   (0.540) 0.639 0.416 0.527 0.574 

Locus 29 : Mnov_gtseq_147 
2 alleles
26.3% missing data
   0   (0.801) 0.760 0.834 0.476 0.919 
   1   (0.199) 0.240 0.166 0.524 0.081 

Locus 30 : Mnov_gtseq_148 
2 alleles
9.2% missing data
   0   (0.312) 0.417 0.227 0.129 0.365 
   1   (0.688) 0.583 0.773 0.871 0.635 

Locus 31 : Mnov_gtseq_149 
2 alleles
0.6% missing data
   0   (0.602) 0.565 0.583 0.564 0.675 
   1   (0.398) 0.435 0.417 0.436 0.325 

Locus 32 : Mnov_gtseq_15 
2 alleles
0.0% missing data
   0   (0.471) 0.475 0.603 0.401 0.399 
   1   (0.529) 0.525 0.397 0.599 0.601 

Locus 33 : Mnov_gtseq_152 
2 alleles
0.8% missing data
   0   (0.324) 0.296 0.385 0.403 0.234 
   1   (0.676) 0.704 0.615 0.597 0.766 

Locus 34 : Mnov_gtseq_154 
2 alleles
3.4% missing data
   0   (0.555) 0.563 0.623 0.415 0.577 
   1   (0.445) 0.437 0.377 0.585 0.423 

Locus 35 : Mnov_gtseq_155 
2 alleles
41.7% missing data
   0   (0.661) 0.662 0.665 0.699 0.677 
   1   (0.339) 0.338 0.335 0.301 0.323 

Locus 36 : Mnov_gtseq_157 
2 alleles
0.6% missing data
   1   (0.549) 0.515 0.563 0.657 0.523 
   0   (0.451) 0.485 0.437 0.343 0.477 

Locus 37 : Mnov_gtseq_158 
2 alleles
0.6% missing data
   0   (0.410) 0.385 0.699 0.070 0.431 
   1   (0.590) 0.615 0.301 0.930 0.569 

Locus 38 : Mnov_gtseq_159 
2 alleles
24.6% missing data
   0   (0.617) 0.524 0.691 0.405 0.725 
   1   (0.383) 0.476 0.309 0.595 0.275 

Locus 39 : Mnov_gtseq_16 
2 alleles
0.0% missing data
   0   (0.634) 0.762 0.692 0.542 0.565 
   1   (0.366) 0.238 0.308 0.458 0.435 

Locus 40 : Mnov_gtseq_160 
2 alleles
2.5% missing data
   0   (0.500) 0.450 0.480 0.391 0.593 
   1   (0.500) 0.550 0.520 0.609 0.407 

Locus 41 : Mnov_gtseq_161 
2 alleles
2.0% missing data
   1   (0.756) 0.820 0.716 0.812 0.768 
   0   (0.244) 0.180 0.284 0.188 0.232 

Locus 42 : Mnov_gtseq_162 
2 alleles
2.2% missing data
   1   (0.416) 0.271 0.621 0.510 0.326 
   0   (0.584) 0.729 0.379 0.490 0.674 

Locus 43 : Mnov_gtseq_167 
2 alleles
1.1% missing data
   1   (0.781) 0.842 0.732 0.885 0.788 
   0   (0.219) 0.158 0.268 0.115 0.212 

Locus 44 : Mnov_gtseq_17 
2 alleles
0.0% missing data
   0   (0.513) 0.542 0.637 0.462 0.433 
   1   (0.487) 0.458 0.363 0.538 0.567 

Locus 45 : Mnov_gtseq_170 
2 alleles
0.0% missing data
   0   (0.318) 0.336 0.261 0.220 0.331 
   1   (0.682) 0.664 0.739 0.780 0.669 

Locus 46 : Mnov_gtseq_171 
2 alleles
42.0% missing data
   1   (0.686) 0.778 0.573 0.727 0.715 
   0   (0.314) 0.222 0.427 0.273 0.285 

Locus 47 : Mnov_gtseq_173 
2 alleles
21.8% missing data
   1   (0.472) 0.644 0.254 0.733 0.402 
   0   (0.528) 0.356 0.746 0.267 0.598 

Locus 48 : Mnov_gtseq_174 
2 alleles
2.8% missing data
   0   (0.286) 0.265 0.247 0.463 0.219 
   1   (0.714) 0.735 0.753 0.537 0.781 

Locus 49 : Mnov_gtseq_180 
2 alleles
14.0% missing data
   0   (0.639) 0.362 0.581 0.916 0.706 
   1   (0.361) 0.638 0.419 0.084 0.294 

Locus 50 : Mnov_gtseq_182 
2 alleles
9.0% missing data
   0   (0.825) 0.938 0.683 0.826 0.868 
   1   (0.175) 0.062 0.317 0.174 0.132 

Locus 51 : Mnov_gtseq_186 
2 alleles
27.7% missing data
   0   (0.523) 0.539 0.541 0.475 0.526 
   1   (0.477) 0.461 0.459 0.525 0.474 

Locus 52 : Mnov_gtseq_187 
2 alleles
7.6% missing data
   1   (0.573) 0.498 0.604 0.723 0.551 
   0   (0.427) 0.502 0.396 0.277 0.449 

Locus 53 : Mnov_gtseq_188 
2 alleles
13.4% missing data
   0   (0.557) 0.829 0.516 0.642 0.346 
   1   (0.443) 0.171 0.484 0.358 0.654 

Locus 54 : Mnov_gtseq_189 
2 alleles
3.6% missing data
   0   (0.447) 0.266 0.587 0.497 0.447 
   1   (0.553) 0.734 0.413 0.503 0.553 

Locus 55 : Mnov_gtseq_19 
2 alleles
0.0% missing data
   1   (0.932) 0.874 0.991 0.807 0.979 
   0   (0.068) 0.126 0.009 0.193 0.021 

Locus 56 : Mnov_gtseq_190 
2 alleles
0.0% missing data
   1   (0.421) 0.410 0.381 0.337 0.461 
   0   (0.579) 0.590 0.619 0.663 0.539 

Locus 57 : Mnov_gtseq_191 
2 alleles
26.3% missing data
   0   (0.882) 0.855 0.923 0.989 0.841 
   1   (0.118) 0.145 0.077 0.011 0.159 

Locus 58 : Mnov_gtseq_192 
2 alleles
21.0% missing data
   0   (0.812) 0.892 0.796 0.806 0.840 
   1   (0.188) 0.108 0.204 0.194 0.160 

Locus 59 : Mnov_gtseq_193 
2 alleles
0.0% missing data
   0   (0.704) 0.623 0.761 0.792 0.727 
   1   (0.296) 0.377 0.239 0.208 0.273 

Locus 60 : Mnov_gtseq_195 
2 alleles
0.0% missing data
   0   (0.551) 0.721 0.413 0.514 0.556 
   1   (0.449) 0.279 0.587 0.486 0.444 

Locus 61 : Mnov_gtseq_196 
2 alleles
0.3% missing data
   0   (0.321) 0.410 0.469 0.133 0.239 
   1   (0.679) 0.590 0.531 0.867 0.761 

Locus 62 : Mnov_gtseq_197 
3 alleles
0.3% missing data
   1   (0.382) 0.389 0.466 0.308 0.324 
   0   (0.437) 0.243 0.429 0.628 0.522 
   2   (0.181) 0.369 0.104 0.065 0.154 

Locus 63 : Mnov_gtseq_2 
2 alleles
0.3% missing data
   0   (0.194) 0.192 0.062 0.239 0.252 
   1   (0.806) 0.808 0.938 0.761 0.748 

Locus 64 : Mnov_gtseq_200 
2 alleles
2.8% missing data
   0   (0.407) 0.313 0.329 0.670 0.391 
   1   (0.593) 0.687 0.671 0.330 0.609 

Locus 65 : Mnov_gtseq_201 
2 alleles
0.0% missing data
   0   (0.864) 0.914 0.745 0.981 0.863 
   1   (0.136) 0.086 0.255 0.019 0.137 

Locus 66 : Mnov_gtseq_202 
2 alleles
0.0% missing data
   0   (0.428) 0.306 0.424 0.572 0.436 
   1   (0.572) 0.694 0.576 0.428 0.564 

Locus 67 : Mnov_gtseq_204 
2 alleles
3.9% missing data
   0   (0.442) 0.440 0.472 0.545 0.372 
   1   (0.558) 0.560 0.528 0.455 0.628 

Locus 68 : Mnov_gtseq_205 
3 alleles
0.0% missing data
   0   (0.227) 0.185 0.279 0.207 0.189 
   2   (0.707) 0.740 0.697 0.736 0.784 
   1   (0.066) 0.075 0.024 0.057 0.027 

Locus 69 : Mnov_gtseq_208 
2 alleles
0.0% missing data
   0   (0.641) 0.614 0.716 0.391 0.727 
   1   (0.359) 0.386 0.284 0.609 0.273 

Locus 70 : Mnov_gtseq_209 
2 alleles
0.0% missing data
   0   (0.448) 0.371 0.430 0.601 0.424 
   1   (0.552) 0.629 0.570 0.399 0.576 

Locus 71 : Mnov_gtseq_21 
2 alleles
0.0% missing data
   1   (0.541) 0.568 0.597 0.316 0.591 
   0   (0.459) 0.432 0.403 0.684 0.409 

Locus 72 : Mnov_gtseq_210 
2 alleles
5.0% missing data
   0   (0.397) 0.361 0.602 0.209 0.345 
   1   (0.603) 0.639 0.398 0.791 0.655 

Locus 73 : Mnov_gtseq_213 
2 alleles
5.6% missing data
   0   (0.511) 0.468 0.560 0.381 0.568 
   1   (0.489) 0.532 0.440 0.619 0.432 

Locus 74 : Mnov_gtseq_214 
2 alleles
5.3% missing data
   0   (0.544) 0.393 0.481 0.741 0.604 
   1   (0.456) 0.607 0.519 0.259 0.396 

Locus 75 : Mnov_gtseq_215 
2 alleles
0.0% missing data
   0   (0.439) 0.447 0.412 0.582 0.386 
   1   (0.561) 0.553 0.588 0.418 0.614 

Locus 76 : Mnov_gtseq_216 
2 alleles
0.0% missing data
   1   (0.526) 0.649 0.432 0.663 0.454 
   0   (0.474) 0.351 0.568 0.337 0.546 

Locus 77 : Mnov_gtseq_217 
2 alleles
24.4% missing data
   0   (0.318) 0.279 0.309 0.174 0.377 
   1   (0.682) 0.721 0.691 0.826 0.623 

Locus 78 : Mnov_gtseq_218 
2 alleles
0.3% missing data
   0   (0.603) 0.768 0.373 0.774 0.592 
   1   (0.397) 0.232 0.627 0.226 0.408 

Locus 79 : Mnov_gtseq_22 
2 alleles
3.9% missing data
   1   (0.585) 0.565 0.561 0.754 0.555 
   0   (0.415) 0.435 0.439 0.246 0.445 

Locus 80 : Mnov_gtseq_220 
2 alleles
0.3% missing data
   0   (0.524) 0.586 0.479 0.671 0.465 
   1   (0.476) 0.414 0.521 0.329 0.535 

Locus 81 : Mnov_gtseq_222 
2 alleles
14.3% missing data
   0   (0.513) 0.755 0.234 0.675 0.485 
   1   (0.487) 0.245 0.766 0.325 0.515 

Locus 82 : Mnov_gtseq_223 
2 alleles
2.5% missing data
   0   (0.642) 0.678 0.784 0.629 0.546 
   1   (0.358) 0.322 0.216 0.371 0.454 

Locus 83 : Mnov_gtseq_225 
2 alleles
0.0% missing data
   0   (0.527) 0.339 0.576 0.494 0.633 
   1   (0.473) 0.661 0.424 0.506 0.367 

Locus 84 : Mnov_gtseq_227 
2 alleles
0.3% missing data
   0   (0.511) 0.636 0.445 0.656 0.422 
   1   (0.489) 0.364 0.555 0.344 0.578 

Locus 85 : Mnov_gtseq_229 
2 alleles
0.8% missing data
   1   (0.529) 0.575 0.569 0.666 0.428 
   0   (0.471) 0.425 0.431 0.334 0.572 

Locus 86 : Mnov_gtseq_230 
2 alleles
10.4% missing data
   0   (0.776) 0.930 0.731 0.895 0.604 
   1   (0.224) 0.070 0.269 0.105 0.396 

Locus 87 : Mnov_gtseq_232 
2 alleles
0.0% missing data
   0   (0.480) 0.368 0.475 0.730 0.438 
   1   (0.520) 0.632 0.525 0.270 0.562 

Locus 88 : Mnov_gtseq_234 
2 alleles
9.8% missing data
   0   (0.728) 0.746 0.691 0.850 0.735 
   1   (0.272) 0.254 0.309 0.150 0.265 

Locus 89 : Mnov_gtseq_235 
2 alleles
0.3% missing data
   0   (0.779) 0.877 0.727 0.901 0.736 
   1   (0.221) 0.123 0.273 0.099 0.264 

Locus 90 : Mnov_gtseq_237 
2 alleles
0.3% missing data
   0   (0.548) 0.498 0.433 0.775 0.564 
   1   (0.452) 0.502 0.567 0.225 0.436 

Locus 91 : Mnov_gtseq_238 
2 alleles
0.0% missing data
   0   (0.607) 0.557 0.691 0.819 0.496 
   1   (0.393) 0.443 0.309 0.181 0.504 

Locus 92 : Mnov_gtseq_239 
2 alleles
0.0% missing data
   0   (0.718) 0.775 0.692 0.743 0.739 
   1   (0.282) 0.225 0.308 0.257 0.261 

Locus 93 : Mnov_gtseq_240 
2 alleles
0.0% missing data
   1   (0.410) 0.395 0.266 0.402 0.509 
   0   (0.590) 0.605 0.734 0.598 0.491 

Locus 94 : Mnov_gtseq_241 
2 alleles
0.0% missing data
   0   (0.842) 0.910 0.780 0.844 0.902 
   1   (0.158) 0.090 0.220 0.156 0.098 

Locus 95 : Mnov_gtseq_243 
2 alleles
0.0% missing data
   0   (0.594) 0.673 0.447 0.578 0.659 
   1   (0.406) 0.327 0.553 0.422 0.341 

Locus 96 : Mnov_gtseq_244 
2 alleles
0.0% missing data
   0   (0.337) 0.196 0.410 0.449 0.309 
   1   (0.663) 0.804 0.590 0.551 0.691 

Locus 97 : Mnov_gtseq_245 
2 alleles
20.7% missing data
   1   (0.512) 0.394 0.531 0.647 0.522 
   0   (0.488) 0.606 0.469 0.353 0.478 

Locus 98 : Mnov_gtseq_246 
2 alleles
0.3% missing data
   0   (0.458) 0.220 0.446 0.526 0.599 
   1   (0.542) 0.780 0.554 0.474 0.401 

Locus 99 : Mnov_gtseq_247 
2 alleles
3.4% missing data
   0   (0.302) 0.397 0.184 0.156 0.368 
   1   (0.698) 0.603 0.816 0.844 0.632 

Locus 100 : Mnov_gtseq_248 
2 alleles
0.3% missing data
   0   (0.233) 0.282 0.085 0.397 0.222 
   1   (0.767) 0.718 0.915 0.603 0.778 

Locus 101 : Mnov_gtseq_25 
2 alleles
0.3% missing data
   0   (0.446) 0.336 0.540 0.665 0.350 
   1   (0.554) 0.664 0.460 0.335 0.650 

Locus 102 : Mnov_gtseq_250 
2 alleles
3.9% missing data
   0   (0.797) 0.846 0.655 0.683 0.912 
   1   (0.203) 0.154 0.345 0.317 0.088 

Locus 103 : Mnov_gtseq_251 
2 alleles
2.0% missing data
   1   (0.208) 0.138 0.093 0.203 0.302 
   0   (0.792) 0.862 0.907 0.797 0.698 

Locus 104 : Mnov_gtseq_253 
2 alleles
16.2% missing data
   0   (0.469) 0.630 0.364 0.503 0.416 
   1   (0.531) 0.370 0.636 0.497 0.584 

Locus 105 : Mnov_gtseq_254 
2 alleles
0.0% missing data
   1   (0.906) 0.929 0.947 0.991 0.858 
   0   (0.094) 0.071 0.053 0.009 0.142 

Locus 106 : Mnov_gtseq_255 
2 alleles
0.0% missing data
   0   (0.346) 0.271 0.416 0.491 0.265 
   1   (0.654) 0.729 0.584 0.509 0.735 

Locus 107 : Mnov_gtseq_257 
2 alleles
0.0% missing data
   0   (0.627) 0.526 0.732 0.458 0.708 
   1   (0.373) 0.474 0.268 0.542 0.292 

Locus 108 : Mnov_gtseq_258 
2 alleles
0.0% missing data
   0   (0.521) 0.653 0.365 0.616 0.503 
   1   (0.479) 0.347 0.635 0.384 0.497 

Locus 109 : Mnov_gtseq_26 
2 alleles
0.0% missing data
   1   (0.896) 0.932 0.949 0.973 0.847 
   0   (0.104) 0.068 0.051 0.027 0.153 

Locus 110 : Mnov_gtseq_260 
2 alleles
0.3% missing data
   0   (0.758) 0.713 0.885 0.775 0.733 
   1   (0.242) 0.287 0.115 0.225 0.267 

Locus 111 : Mnov_gtseq_261 
2 alleles
0.6% missing data
   0   (0.504) 0.404 0.351 0.558 0.648 
   1   (0.496) 0.596 0.649 0.442 0.352 

Locus 112 : Mnov_gtseq_262 
2 alleles
3.1% missing data
   0   (0.413) 0.473 0.381 0.548 0.335 
   1   (0.587) 0.527 0.619 0.452 0.665 

Locus 113 : Mnov_gtseq_263 
2 alleles
0.0% missing data
   1   (0.820) 0.871 0.730 0.918 0.858 
   0   (0.180) 0.129 0.270 0.082 0.142 

Locus 114 : Mnov_gtseq_265 
2 alleles
0.0% missing data
   0   (0.446) 0.514 0.348 0.605 0.390 
   1   (0.554) 0.486 0.652 0.395 0.610 

Locus 115 : Mnov_gtseq_268 
2 alleles
0.0% missing data
   0   (0.583) 0.732 0.368 0.659 0.610 
   1   (0.417) 0.268 0.632 0.341 0.390 

Locus 116 : Mnov_gtseq_269 
2 alleles
1.1% missing data
   1   (0.493) 0.395 0.428 0.440 0.619 
   0   (0.507) 0.605 0.572 0.560 0.381 

Locus 117 : Mnov_gtseq_270 
2 alleles
11.8% missing data
   1   (0.770) 0.856 0.832 0.793 0.721 
   0   (0.230) 0.144 0.168 0.207 0.279 

Locus 118 : Mnov_gtseq_271 
2 alleles
10.9% missing data
   0   (0.624) 0.690 0.644 0.589 0.617 
   1   (0.376) 0.310 0.356 0.411 0.383 

Locus 119 : Mnov_gtseq_273 
2 alleles
1.4% missing data
   1   (0.529) 0.483 0.577 0.618 0.488 
   0   (0.471) 0.517 0.423 0.382 0.512 

Locus 120 : Mnov_gtseq_274 
2 alleles
0.0% missing data
   1   (0.499) 0.536 0.469 0.399 0.539 
   0   (0.501) 0.464 0.531 0.601 0.461 

Locus 121 : Mnov_gtseq_275 
2 alleles
13.7% missing data
   1   (0.770) 0.803 0.701 0.710 0.862 
   0   (0.230) 0.197 0.299 0.290 0.138 

Locus 122 : Mnov_gtseq_277 
2 alleles
0.0% missing data
   0   (0.805) 0.729 0.891 0.884 0.812 
   1   (0.195) 0.271 0.109 0.116 0.188 

Locus 123 : Mnov_gtseq_278 
2 alleles
1.1% missing data
   0   (0.881) 0.920 0.790 0.976 0.914 
   1   (0.119) 0.080 0.210 0.024 0.086 

Locus 124 : Mnov_gtseq_28 
2 alleles
0.3% missing data
   0   (0.763) 0.789 0.815 0.796 0.769 
   1   (0.237) 0.211 0.185 0.204 0.231 

Locus 125 : Mnov_gtseq_284 
2 alleles
0.0% missing data
   1   (0.639) 0.589 0.727 0.619 0.652 
   0   (0.361) 0.411 0.273 0.381 0.348 

Locus 126 : Mnov_gtseq_285 
2 alleles
0.0% missing data
   1   (0.763) 0.854 0.836 0.627 0.745 
   0   (0.237) 0.146 0.164 0.373 0.255 

Locus 127 : Mnov_gtseq_287 
2 alleles
0.0% missing data
   0   (0.778) 0.867 0.808 0.624 0.815 
   1   (0.222) 0.133 0.192 0.376 0.185 

Locus 128 : Mnov_gtseq_288 
2 alleles
16.2% missing data
   0   (0.620) 0.658 0.573 0.671 0.626 
   1   (0.380) 0.342 0.427 0.329 0.374 

Locus 129 : Mnov_gtseq_289 
2 alleles
0.0% missing data
   0   (0.462) 0.406 0.421 0.454 0.518 
   1   (0.538) 0.594 0.579 0.546 0.482 

Locus 130 : Mnov_gtseq_291 
2 alleles
0.3% missing data
   1   (0.701) 0.746 0.718 0.596 0.746 
   0   (0.299) 0.254 0.282 0.404 0.254 

Locus 131 : Mnov_gtseq_297 
2 alleles
0.0% missing data
   0   (0.662) 0.641 0.553 0.785 0.727 
   1   (0.338) 0.359 0.447 0.215 0.273 

Locus 132 : Mnov_gtseq_298 
2 alleles
36.4% missing data
   1   (0.607) 0.462 0.586 0.830 0.634 
   0   (0.393) 0.538 0.414 0.170 0.366 

Locus 133 : Mnov_gtseq_299 
2 alleles
1.1% missing data
   1   (0.573) 0.585 0.560 0.470 0.634 
   0   (0.427) 0.415 0.440 0.530 0.366 

Locus 134 : Mnov_gtseq_30 
3 alleles
16.2% missing data
   1   (0.552) 0.475 0.637 0.369 0.662 
   2   (0.424) 0.519 0.349 0.629 0.329 
   0   (0.024) 0.006 0.014 0.002 0.010 

Locus 135 : Mnov_gtseq_300 
2 alleles
5.6% missing data
   0   (0.594) 0.604 0.563 0.615 0.622 
   1   (0.406) 0.396 0.437 0.385 0.378 

Locus 136 : Mnov_gtseq_301 
3 alleles
5.6% missing data
   0   (0.380) 0.460 0.542 0.296 0.279 
   2   (0.404) 0.399 0.296 0.537 0.426 
   1   (0.217) 0.141 0.162 0.167 0.295 

