

----------------------------------------------------
STRUCTURE by Pritchard, Stephens and Donnelly (2000)
     and Falush, Stephens and Pritchard (2003)
       Code by Pritchard, Falush and Hubisz
             Version 2.3.4 (Jul 2012)
----------------------------------------------------



Command line arguments:   structure -m wint.area.structureRun/wint.area.structureRun.k5.r3_mainparams -e wint.area.structureRun/wint.area.structureRun.k5.r3_extraparams -i wint.area.structureRun/wint.area.structureRun.k5.r3_data -o wint.area.structureRun/wint.area.structureRun.k5.r3_out 
Input File:    wint.area.structureRun/wint.area.structureRun.k5.r3_data

Run parameters:
   350 individuals
   298 loci
   5 populations assumed
   1000 Burn-in period
   10000 Reps


--------------------------------------------
Proportion of membership of each pre-defined
 population in each of the 5 clusters

Given    Inferred Clusters                     Number of
 Pop       1      2      3      4      5      Individuals

  1:     0.180  0.297  0.183  0.241  0.099       77
  2:     0.151  0.128  0.199  0.141  0.381      124
  3:     0.187  0.192  0.233  0.238  0.151      113
  4:     0.179  0.149  0.251  0.180  0.240       27
  5:     0.683  0.081  0.091  0.077  0.068        9
--------------------------------------------

Allele-freq. divergence among pops (Net nucleotide distance),
computed using point estimates of P.

      1       2       3       4       5      
 1      -    0.0343  0.0163  0.0282  0.0464  
 2   0.0343     -    0.0170  0.0251  0.0498  
 3   0.0163  0.0170     -    0.0095  0.0287  
 4   0.0282  0.0251  0.0095     -    0.0434  
 5   0.0464  0.0498  0.0287  0.0434     -    

Average distances (expected heterozygosity) between individuals in same cluster:
cluster  1  : 0.4226 
cluster  2  : 0.4299 
cluster  3  : 0.4529 
cluster  4  : 0.4413 
cluster  5  : 0.4113 

--------------------------------------------
Estimated Ln Prob of Data   = -139445.7
Mean value of ln likelihood = -134488.7
Variance of ln likelihood   = 9913.9
Mean value of alpha         = 1.0000

Mean value of Fst_1         = 0.1065
Mean value of Fst_2         = 0.1152
Mean value of Fst_3         = 0.0279
Mean value of Fst_4         = 0.0860
Mean value of Fst_5         = 0.1643


Inferred ancestry of individuals:
        Label (%Miss) Pop:  Inferred clusters
  1   207778    (1)    2 :  0.098 0.141 0.185 0.143 0.432 
  2 z0005757    (7)    3 :  0.167 0.317 0.224 0.177 0.114 
  3 z0005758    (0)    3 :  0.166 0.320 0.278 0.116 0.120 
  4 z0011944    (0)    1 :  0.767 0.043 0.050 0.036 0.104 
  5 z0012702    (8)    4 :  0.202 0.047 0.084 0.081 0.586 
  6 z0016577    (1)    3 :  0.107 0.209 0.266 0.223 0.194 
  7 z0016578   (20)    1 :  0.111 0.093 0.168 0.574 0.054 
  8 z0016579    (1)    3 :  0.207 0.162 0.428 0.092 0.111 
  9 z0018264    (0)    1 :  0.660 0.091 0.094 0.060 0.094 
 10 z0029828    (2)    3 :  0.086 0.120 0.214 0.475 0.105 
 11 z0029829   (13)    1 :  0.056 0.164 0.149 0.569 0.063 
 12 z0029846    (0)    1 :  0.144 0.190 0.182 0.308 0.176 
 13 z0029860    (0)    3 :  0.080 0.145 0.154 0.492 0.130 
 14 z0029863    (1)    1 :  0.425 0.074 0.195 0.204 0.102 
 15 z0029864    (8)    1 :  0.390 0.088 0.115 0.303 0.104 
 16 z0029865   (12)    3 :  0.119 0.401 0.281 0.153 0.046 
 17 z0037607    (1)    3 :  0.324 0.066 0.252 0.180 0.177 
 18 z0037609   (23)    3 :  0.200 0.144 0.277 0.270 0.109 
 19 z0037624   (20)    1 :  0.095 0.469 0.210 0.095 0.132 
 20 z0038417    (7)    2 :  0.145 0.099 0.118 0.085 0.553 
 21 z0040275    (8)    2 :  0.182 0.064 0.109 0.154 0.491 
 22 z0040287    (3)    2 :  0.287 0.124 0.208 0.204 0.178 
 23 z0040308    (0)    2 :  0.060 0.144 0.288 0.086 0.422 
 24 z0040333    (1)    2 :  0.099 0.088 0.254 0.195 0.364 
 25 z0040334    (1)    2 :  0.087 0.079 0.116 0.058 0.660 
 26 z0040337    (4)    2 :  0.198 0.091 0.333 0.141 0.237 
 27 z0040345    (1)    2 :  0.153 0.093 0.196 0.062 0.496 
 28 z0040357    (5)    2 :  0.139 0.153 0.158 0.144 0.406 
 29 z0040363   (19)    2 :  0.123 0.170 0.205 0.103 0.399 
 30 z0040364    (0)    2 :  0.080 0.096 0.138 0.086 0.599 
 31 z0040387    (0)    2 :  0.169 0.149 0.147 0.119 0.416 
 32 z0040403   (15)    2 :  0.145 0.181 0.175 0.176 0.324 
 33 z0040439    (0)    2 :  0.183 0.046 0.103 0.084 0.583 
 34 z0040465   (20)    2 :  0.072 0.098 0.199 0.311 0.319 
 35 z0040513   (24)    3 :  0.150 0.141 0.246 0.296 0.166 
 36 z0040961   (11)    2 :  0.274 0.112 0.187 0.127 0.300 
 37 z0040985   (14)    2 :  0.115 0.129 0.438 0.114 0.204 
 38 z0041026    (0)    2 :  0.118 0.132 0.161 0.179 0.410 
 39 z0041051   (30)    2 :  0.260 0.107 0.155 0.079 0.400 
 40 z0041115    (7)    2 :  0.069 0.277 0.098 0.107 0.449 
 41 z0041153   (23)    2 :  0.192 0.139 0.250 0.132 0.286 
 42 z0041233    (3)    2 :  0.086 0.180 0.240 0.185 0.308 
 43 z0041243    (0)    2 :  0.159 0.116 0.244 0.118 0.363 
 44 z0041248    (5)    2 :  0.169 0.153 0.141 0.083 0.454 
 45 z0041250    (1)    2 :  0.105 0.071 0.207 0.089 0.528 
 46 z0041274    (1)    2 :  0.216 0.098 0.223 0.231 0.232 
 47 z0041465   (16)    2 :  0.045 0.238 0.097 0.190 0.430 
 48 z0041472    (2)    2 :  0.092 0.230 0.201 0.123 0.354 
 49 z0041480    (9)    2 :  0.089 0.182 0.255 0.149 0.325 
 50 z0041483    (0)    2 :  0.084 0.166 0.084 0.098 0.569 
 51 z0041494   (12)    2 :  0.129 0.066 0.259 0.148 0.399 
 52 z0041498    (1)    2 :  0.127 0.129 0.149 0.155 0.440 
 53 z0041501    (1)    2 :  0.154 0.042 0.186 0.111 0.506 
 54 z0041507    (6)    2 :  0.173 0.088 0.216 0.111 0.411 
 55 z0041512    (0)    2 :  0.156 0.058 0.122 0.146 0.518 
 56 z0041522   (15)    2 :  0.171 0.144 0.143 0.133 0.409 
 57 z0041526    (0)    3 :  0.059 0.123 0.114 0.135 0.569 
 58 z0041527   (14)    2 :  0.080 0.181 0.206 0.187 0.346 
 59 z0043243    (1)    2 :  0.279 0.291 0.200 0.117 0.113 
 60 z0043278    (0)    2 :  0.189 0.072 0.131 0.132 0.476 
 61 z0043475   (16)    3 :  0.129 0.162 0.290 0.137 0.282 
 62 z0043477    (0)    2 :  0.261 0.125 0.167 0.131 0.316 
 63 z0043478    (2)    2 :  0.127 0.146 0.077 0.053 0.595 
 64 z0043481    (0)    2 :  0.145 0.110 0.183 0.086 0.476 
 65 z0043489    (5)    2 :  0.190 0.060 0.177 0.082 0.491 
 66 z0043491   (12)    2 :  0.186 0.108 0.272 0.154 0.279 
 67 z0043493    (2)    2 :  0.161 0.105 0.461 0.113 0.161 
 68 z0043494    (1)    2 :  0.099 0.072 0.248 0.225 0.356 
 69 z0043498    (1)    2 :  0.085 0.084 0.113 0.160 0.558 
 70 z0043504    (7)    2 :  0.237 0.220 0.220 0.060 0.262 
 71 z0043526    (3)    4 :  0.295 0.096 0.240 0.134 0.235 
 72 z0043566    (2)    2 :  0.115 0.182 0.222 0.069 0.412 
 73 z0043572    (0)    2 :  0.132 0.115 0.145 0.124 0.485 
 74 z0043599    (2)    2 :  0.087 0.130 0.317 0.167 0.299 
 75 z0043642    (0)    2 :  0.130 0.074 0.181 0.234 0.381 
 76 z0043649    (1)    2 :  0.108 0.104 0.091 0.146 0.551 
 77 z0043652    (1)    2 :  0.183 0.122 0.239 0.283 0.173 
 78 z0043668    (0)    2 :  0.109 0.263 0.247 0.080 0.302 
 79 z0043674    (0)    4 :  0.129 0.197 0.143 0.476 0.055 
 80 z0043686    (1)    2 :  0.219 0.117 0.110 0.136 0.419 
 81 z0043693    (1)    2 :  0.096 0.106 0.258 0.215 0.325 
 82 z0043704   (14)    2 :  0.118 0.073 0.074 0.102 0.633 
 83 z0043807    (1)    2 :  0.161 0.081 0.253 0.172 0.333 
 84 z0043819    (0)    2 :  0.202 0.188 0.319 0.142 0.149 
 85 z0043876    (7)    2 :  0.066 0.338 0.259 0.126 0.211 
 86 z0043877   (32)    2 :  0.080 0.264 0.268 0.101 0.288 
 87 z0043891   (21)    4 :  0.248 0.157 0.186 0.154 0.255 
 88 z0043915   (31)    2 :  0.346 0.129 0.181 0.125 0.218 
 89 z0043940   (10)    2 :  0.215 0.116 0.366 0.234 0.069 
 90 z0043954    (1)    2 :  0.184 0.143 0.290 0.179 0.204 
 91 z0043966    (5)    2 :  0.106 0.073 0.201 0.149 0.470 
 92 z0043980    (1)    2 :  0.132 0.204 0.218 0.159 0.286 
 93 z0044017   (11)    2 :  0.186 0.078 0.133 0.164 0.439 
 94 z0044019   (14)    2 :  0.091 0.239 0.256 0.093 0.320 
 95 z0044023   (35)    2 :  0.077 0.151 0.076 0.079 0.616 
 96 z0044033    (0)    2 :  0.042 0.061 0.082 0.067 0.747 
 97 z0044042    (3)    2 :  0.104 0.164 0.108 0.044 0.580 
 98 z0044047   (24)    2 :  0.131 0.077 0.171 0.147 0.475 
 99 z0044064   (13)    2 :  0.140 0.067 0.260 0.147 0.385 
100 z0044432   (14)    2 :  0.283 0.173 0.205 0.141 0.198 
101 z0045326    (0)    3 :  0.068 0.148 0.134 0.508 0.142 
102 z0045331    (5)    1 :  0.123 0.087 0.145 0.498 0.147 
103 z0045332    (1)    1 :  0.185 0.081 0.231 0.395 0.108 
104 z0045333    (6)    1 :  0.128 0.539 0.140 0.122 0.071 
105 z0045337    (4)    1 :  0.136 0.642 0.074 0.074 0.074 
106 z0045342   (12)    1 :  0.069 0.149 0.384 0.298 0.100 
107 z0045347    (1)    3 :  0.311 0.211 0.260 0.104 0.114 
108 z0045350    (0)    1 :  0.198 0.158 0.341 0.210 0.093 
109 z0045370    (0)    1 :  0.078 0.129 0.067 0.689 0.037 
110 z0045371    (1)    3 :  0.183 0.171 0.203 0.285 0.158 
111 z0045398    (1)    3 :  0.279 0.247 0.261 0.184 0.030 
112 z0045399    (1)    3 :  0.335 0.159 0.222 0.219 0.065 
113 z0045401   (23)    1 :  0.102 0.161 0.297 0.329 0.110 
114 z0045404    (0)    3 :  0.067 0.082 0.159 0.630 0.062 
115 z0045405    (4)    3 :  0.176 0.078 0.367 0.282 0.097 
116 z0045407    (1)    3 :  0.361 0.096 0.237 0.182 0.124 
117 z0045719    (0)    2 :  0.158 0.050 0.283 0.151 0.357 
118 z0045720    (1)    2 :  0.208 0.144 0.297 0.200 0.151 
119 z0045728    (0)    2 :  0.094 0.228 0.148 0.089 0.441 
120 z0045731    (0)    2 :  0.145 0.061 0.359 0.199 0.236 
121 z0045733    (0)    2 :  0.124 0.162 0.291 0.220 0.203 
122 z0045736    (1)    2 :  0.120 0.140 0.271 0.212 0.258 
123 z0045739    (1)    2 :  0.174 0.112 0.268 0.288 0.158 
124 z0045740    (1)    2 :  0.118 0.118 0.152 0.096 0.517 
125 z0045741    (0)    2 :  0.191 0.058 0.229 0.179 0.343 
126 z0045742    (0)    2 :  0.077 0.119 0.089 0.267 0.447 
127 z0045776    (0)    3 :  0.175 0.196 0.234 0.134 0.262 
128 z0045779    (0)    2 :  0.052 0.189 0.048 0.065 0.646 
129 z0045781    (0)    2 :  0.161 0.079 0.158 0.147 0.455 
130 z0045788    (5)    2 :  0.135 0.085 0.050 0.047 0.682 
131 z0045789    (2)    2 :  0.176 0.064 0.100 0.127 0.532 
132 z0045791    (4)    2 :  0.176 0.087 0.153 0.120 0.464 
133 z0045792   (22)    1 :  0.150 0.303 0.264 0.111 0.173 
134 z0045793    (0)    3 :  0.047 0.152 0.116 0.498 0.188 
135 z0047562   (14)    2 :  0.120 0.106 0.203 0.175 0.396 
136 z0047854    (1)    2 :  0.100 0.122 0.238 0.139 0.401 
137 z0051185    (0)    1 :  0.120 0.139 0.338 0.350 0.055 
138 z0051324    (0)    1 :  0.161 0.315 0.218 0.222 0.084 
139 z0051327    (3)    3 :  0.081 0.098 0.350 0.261 0.209 
140 z0051328    (1)    1 :  0.147 0.460 0.145 0.097 0.150 
141 z0051380    (0)    1 :  0.089 0.762 0.065 0.057 0.027 
142 z0051400    (0)    3 :  0.122 0.258 0.132 0.279 0.209 
143 z0051431   (21)    3 :  0.085 0.083 0.236 0.322 0.274 
144 z0051840   (33)    2 :  0.172 0.085 0.149 0.216 0.378 
145 z0051844   (27)    2 :  0.214 0.090 0.182 0.180 0.335 
146 z0051875   (28)    3 :  0.096 0.158 0.254 0.397 0.094 
147 z0051885    (7)    3 :  0.162 0.072 0.091 0.239 0.436 
148 z0051888    (0)    2 :  0.097 0.117 0.148 0.189 0.449 
149 z0051891    (0)    1 :  0.204 0.149 0.298 0.222 0.127 
150 z0051893    (2)    1 :  0.175 0.362 0.174 0.168 0.121 
151 z0051895    (0)    3 :  0.110 0.226 0.264 0.303 0.096 
152 z0051918    (0)    3 :  0.398 0.088 0.142 0.083 0.290 
153 z0051929    (1)    1 :  0.095 0.430 0.198 0.189 0.088 
154 z0051939   (11)    3 :  0.131 0.077 0.255 0.310 0.228 
155 z0051947    (3)    1 :  0.101 0.606 0.123 0.083 0.086 
156 z0051959    (1)    3 :  0.369 0.171 0.160 0.119 0.181 
157 z0052846    (0)    4 :  0.170 0.154 0.252 0.260 0.163 
158 z0052882    (1)    2 :  0.135 0.135 0.281 0.183 0.266 
159 z0053020   (20)    2 :  0.216 0.101 0.240 0.118 0.324 
160 z0053024   (12)    2 :  0.145 0.164 0.334 0.141 0.215 
161 z0053025    (3)    2 :  0.094 0.058 0.101 0.106 0.641 
162 z0053031    (0)    2 :  0.212 0.156 0.223 0.229 0.181 
163 z0053032    (0)    2 :  0.186 0.210 0.235 0.070 0.299 
164 z0053040    (5)    2 :  0.152 0.130 0.290 0.156 0.272 
165 z0053051    (0)    3 :  0.223 0.069 0.321 0.330 0.058 
166 z0053054    (5)    3 :  0.116 0.130 0.395 0.302 0.057 
167 z0053071    (2)    2 :  0.077 0.081 0.122 0.143 0.577 
168 z0053073    (1)    2 :  0.208 0.213 0.326 0.108 0.145 
169 z0053078    (0)    3 :  0.382 0.055 0.116 0.089 0.358 
170 z0053082    (1)    3 :  0.078 0.101 0.169 0.266 0.385 
171 z0053083   (12)    2 :  0.147 0.165 0.207 0.146 0.335 
172 z0053090   (10)    3 :  0.183 0.099 0.240 0.073 0.404 
173 z0053096    (0)    2 :  0.243 0.040 0.063 0.056 0.598 
174 z0053100    (6)    2 :  0.105 0.104 0.304 0.078 0.408 
175 z0053101    (0)    2 :  0.264 0.139 0.114 0.091 0.392 
176 z0053102    (8)    2 :  0.096 0.069 0.225 0.154 0.456 
177 z0053103    (0)    2 :  0.063 0.093 0.107 0.102 0.635 
178 z0053111    (2)    3 :  0.187 0.133 0.398 0.162 0.120 
179 z0053131    (0)    2 :  0.097 0.171 0.164 0.204 0.365 
180 z0053132    (0)    2 :  0.381 0.048 0.166 0.122 0.284 
181 z0053133    (0)    2 :  0.220 0.086 0.272 0.285 0.137 
182 z0053138    (0)    2 :  0.107 0.189 0.245 0.195 0.263 
183 z0053142    (2)    2 :  0.192 0.268 0.122 0.126 0.291 
184 z0053149    (0)    2 :  0.209 0.186 0.115 0.072 0.419 
185 z0053754    (1)    1 :  0.366 0.252 0.108 0.129 0.144 
186 z0053756    (1)    1 :  0.474 0.213 0.134 0.108 0.071 
187 z0053758   (17)    1 :  0.073 0.181 0.097 0.558 0.091 
188 z0053759    (0)    1 :  0.171 0.392 0.230 0.141 0.066 
189 z0053842    (1)    1 :  0.083 0.134 0.490 0.201 0.093 
190 z0053843    (6)    1 :  0.123 0.149 0.100 0.571 0.057 
191 z0053844    (7)    1 :  0.140 0.227 0.205 0.309 0.119 
192 z0053846    (2)    1 :  0.093 0.168 0.087 0.592 0.060 
193 z0053847    (0)    1 :  0.125 0.564 0.126 0.045 0.140 
194 z0053849    (1)    1 :  0.319 0.113 0.160 0.322 0.085 
195 z0055903    (1)    4 :  0.193 0.227 0.332 0.147 0.101 
196 z0055910   (34)    4 :  0.249 0.169 0.270 0.114 0.198 
197 z0055912    (7)    4 :  0.273 0.095 0.320 0.111 0.200 
198 z0055916   (15)    4 :  0.203 0.156 0.311 0.142 0.187 
199 z0055931    (2)    4 :  0.137 0.102 0.166 0.116 0.479 
200 z0055944    (3)    4 :  0.114 0.210 0.317 0.198 0.161 
201 z0055947    (9)    4 :  0.152 0.080 0.240 0.354 0.174 
202 z0055962    (6)    4 :  0.115 0.098 0.290 0.131 0.366 
203 z0055963   (21)    4 :  0.172 0.104 0.253 0.124 0.347 
204 z0055965   (25)    4 :  0.411 0.176 0.219 0.125 0.070 
205 z0055970   (15)    4 :  0.136 0.232 0.269 0.105 0.258 
206 z0055971    (7)    4 :  0.201 0.181 0.198 0.172 0.248 
207 z0055977    (6)    4 :  0.176 0.080 0.170 0.236 0.338 
208 z0055986   (19)    4 :  0.106 0.262 0.219 0.302 0.110 
209 z0055990    (6)    4 :  0.133 0.094 0.128 0.182 0.464 
210 z0055996    (2)    4 :  0.062 0.093 0.321 0.247 0.277 
211 z0055997    (3)    4 :  0.125 0.255 0.225 0.146 0.249 
212 z0055998    (4)    4 :  0.275 0.149 0.289 0.154 0.131 
213 z0055999    (2)    4 :  0.168 0.205 0.212 0.287 0.127 
214 z0056011    (7)    4 :  0.155 0.091 0.491 0.133 0.130 
215 z0056029    (4)    4 :  0.110 0.185 0.335 0.125 0.244 
216 z0056034    (0)    4 :  0.116 0.127 0.308 0.112 0.337 
217 z0056056   (25)    3 :  0.143 0.275 0.236 0.220 0.126 
218 z0056058    (5)    3 :  0.035 0.810 0.065 0.057 0.033 
219 z0056059    (8)    3 :  0.133 0.152 0.434 0.148 0.132 
220 z0056062    (1)    3 :  0.276 0.298 0.176 0.113 0.138 
221 z0056063    (4)    3 :  0.186 0.156 0.379 0.212 0.067 
222 z0056064    (0)    3 :  0.347 0.127 0.285 0.142 0.099 
223 z0056065    (0)    3 :  0.221 0.284 0.164 0.250 0.081 
224 z0056073    (0)    3 :  0.104 0.200 0.324 0.290 0.081 
225 z0056076    (4)    3 :  0.289 0.311 0.166 0.065 0.170 
226 z0056079    (9)    3 :  0.183 0.233 0.381 0.150 0.053 
227 z0056085    (0)    3 :  0.222 0.100 0.211 0.362 0.105 
228 z0056092    (1)    3 :  0.320 0.145 0.166 0.302 0.067 
229 z0056095    (1)    3 :  0.308 0.190 0.209 0.228 0.064 
230 z0056103    (7)    3 :  0.187 0.475 0.190 0.099 0.049 
231 z0056374    (7)    1 :  0.056 0.672 0.122 0.106 0.045 
232 z0056375    (0)    1 :  0.121 0.202 0.111 0.501 0.065 
233 z0056377    (0)    1 :  0.159 0.250 0.337 0.134 0.121 
234 z0056378    (0)    1 :  0.086 0.564 0.133 0.098 0.118 
235 z0056382    (0)    1 :  0.130 0.077 0.098 0.645 0.051 
236 z0056384    (3)    1 :  0.313 0.309 0.197 0.088 0.093 
237 z0056386    (7)    1 :  0.131 0.214 0.114 0.477 0.065 
238 z0056389    (0)    1 :  0.048 0.083 0.106 0.715 0.049 
239 z0056391    (1)    1 :  0.040 0.387 0.067 0.472 0.034 
240 z0056392   (11)    1 :  0.084 0.551 0.109 0.190 0.066 
241 z0056393    (8)    1 :  0.074 0.252 0.258 0.314 0.103 
242 z0056394    (0)    1 :  0.081 0.255 0.296 0.293 0.075 
243 z0056395    (1)    1 :  0.225 0.423 0.137 0.075 0.139 
244 z0056397    (0)    1 :  0.289 0.206 0.180 0.106 0.220 
245 z0061527    (2)    3 :  0.114 0.101 0.197 0.104 0.483 
246 z0061967    (1)    3 :  0.157 0.145 0.338 0.221 0.140 
247 z0061969    (0)    3 :  0.060 0.135 0.210 0.255 0.340 
248 z0061980    (1)    1 :  0.227 0.297 0.147 0.202 0.128 
249 z0066166    (3)    3 :  0.093 0.237 0.148 0.292 0.230 
250 z0066792    (2)    1 :  0.648 0.072 0.101 0.073 0.105 
251 z0066805    (1)    1 :  0.651 0.092 0.126 0.057 0.074 
252 z0068471    (2)    3 :  0.208 0.459 0.143 0.077 0.114 
253 z0075696    (6)    5 :  0.741 0.038 0.073 0.096 0.051 
254 z0101084    (7)    1 :  0.083 0.557 0.128 0.143 0.088 
255 z0107099    (2)    3 :  0.095 0.376 0.148 0.342 0.039 
256 z0107101    (0)    1 :  0.040 0.653 0.054 0.202 0.052 
257 z0108489    (0)    1 :  0.265 0.286 0.205 0.104 0.139 
258 z0108513    (0)    1 :  0.085 0.324 0.111 0.367 0.113 
259 z0108528    (0)    3 :  0.074 0.248 0.224 0.228 0.226 
260 z0113628    (1)    3 :  0.230 0.088 0.383 0.150 0.149 
261 z0133302   (16)    1 :  0.143 0.286 0.308 0.159 0.104 
262 z0173485    (1)    1 :  0.096 0.073 0.454 0.135 0.243 
263 z0175371    (1)    3 :  0.349 0.121 0.143 0.154 0.233 
264 z0175378    (0)    2 :  0.051 0.068 0.210 0.171 0.500 
265 z0175912    (0)    1 :  0.101 0.570 0.158 0.076 0.096 
266 z0175916    (1)    1 :  0.206 0.206 0.208 0.109 0.272 
267 z0175937    (1)    1 :  0.179 0.198 0.120 0.437 0.067 
268 z0178348   (12)    1 :  0.120 0.525 0.174 0.091 0.090 
269 z0187819    (7)    3 :  0.109 0.404 0.191 0.190 0.105 
270 z0187857    (1)    1 :  0.059 0.525 0.105 0.195 0.117 
271 z0187860    (0)    1 :  0.094 0.237 0.373 0.163 0.133 
272 z0187885    (0)    2 :  0.331 0.059 0.155 0.121 0.334 
273 z0187906    (9)    1 :  0.293 0.143 0.295 0.127 0.141 
274 z0195655    (0)    2 :  0.077 0.095 0.094 0.085 0.648 
275 z0195663    (0)    3 :  0.238 0.067 0.182 0.138 0.374 
276 z0195683    (1)    3 :  0.079 0.188 0.285 0.375 0.072 
277 z0195688    (0)    2 :  0.238 0.119 0.191 0.201 0.250 
278 z0195691    (0)    3 :  0.179 0.076 0.454 0.167 0.124 
279 z0195699    (0)    3 :  0.113 0.107 0.238 0.415 0.127 
280 z0195701    (7)    3 :  0.180 0.272 0.167 0.303 0.078 
281 z0195702    (0)    3 :  0.234 0.179 0.277 0.107 0.203 
282 z0195704    (0)    3 :  0.121 0.477 0.110 0.076 0.217 
283 z0195705    (0)    3 :  0.103 0.085 0.255 0.097 0.460 
284 z0195711    (0)    3 :  0.337 0.138 0.259 0.157 0.110 
285 z0195716    (0)    3 :  0.318 0.178 0.234 0.158 0.111 
286 z0195718   (12)    3 :  0.206 0.290 0.212 0.244 0.048 
287 z0195725    (5)    3 :  0.092 0.365 0.156 0.078 0.308 
288 z0195726   (16)    1 :  0.119 0.106 0.580 0.140 0.055 
289 z0195728   (14)    3 :  0.068 0.129 0.115 0.654 0.034 
290 z0195732   (16)    3 :  0.152 0.168 0.255 0.380 0.045 
291 z0195737    (0)    3 :  0.161 0.140 0.203 0.167 0.328 
292 z0195740   (26)    3 :  0.251 0.122 0.320 0.156 0.151 
293 z0195751    (1)    3 :  0.088 0.125 0.160 0.573 0.055 
294 z0195762    (1)    3 :  0.508 0.114 0.125 0.194 0.059 
295 z0195784    (0)    3 :  0.180 0.212 0.336 0.212 0.060 
296 z0196686    (0)    5 :  0.817 0.070 0.049 0.030 0.034 
297 z0196687    (0)    5 :  0.691 0.058 0.063 0.060 0.127 
298 z0196689    (0)    5 :  0.711 0.052 0.089 0.046 0.101 
299 z0196690    (2)    5 :  0.617 0.144 0.088 0.100 0.051 
300 z0196691    (7)    5 :  0.690 0.076 0.131 0.064 0.039 
301 z0196692    (1)    5 :  0.581 0.118 0.109 0.108 0.085 
302 z0196693    (1)    5 :  0.658 0.078 0.078 0.120 0.066 
303 z0196694    (1)    5 :  0.640 0.094 0.142 0.065 0.058 
304 z0196710    (0)    3 :  0.345 0.194 0.197 0.121 0.143 
305 z0196715   (22)    3 :  0.077 0.235 0.329 0.303 0.057 
306 z0196719    (0)    3 :  0.112 0.119 0.210 0.429 0.131 
307 z0196724   (20)    3 :  0.091 0.131 0.268 0.391 0.119 
308 z0196725    (0)    3 :  0.129 0.510 0.172 0.100 0.090 
309 z0196729    (1)    3 :  0.152 0.279 0.280 0.196 0.093 
310 z0196730    (3)    1 :  0.061 0.734 0.060 0.046 0.099 
311 z0196731    (0)    3 :  0.126 0.259 0.323 0.232 0.060 
312 z0196733   (13)    1 :  0.149 0.213 0.283 0.264 0.091 
313 z0196734    (1)    3 :  0.121 0.077 0.424 0.261 0.117 
314 z0196739   (17)    3 :  0.091 0.267 0.218 0.181 0.243 
315 z0196740   (11)    3 :  0.411 0.145 0.102 0.269 0.073 
316 z0196746    (1)    1 :  0.154 0.497 0.130 0.168 0.051 
317 z0196751    (0)    3 :  0.195 0.204 0.268 0.236 0.096 
318 z0196752    (0)    3 :  0.616 0.136 0.103 0.105 0.041 
319 z0196754    (0)    3 :  0.082 0.118 0.152 0.518 0.130 
320 z0196758    (1)    1 :  0.244 0.327 0.112 0.191 0.126 
321 z0196763    (1)    3 :  0.174 0.091 0.341 0.287 0.107 
322 z0196764    (0)    3 :  0.188 0.132 0.228 0.378 0.073 
323 z0196766    (0)    3 :  0.213 0.305 0.209 0.209 0.064 
324 z0196769    (1)    3 :  0.200 0.194 0.194 0.356 0.056 
325 z0196774    (0)    3 :  0.398 0.281 0.099 0.169 0.053 
326 z0196783    (0)    1 :  0.069 0.528 0.078 0.285 0.041 
327 z0196794    (2)    1 :  0.153 0.327 0.079 0.397 0.044 
328 z0196804   (14)    1 :  0.134 0.206 0.300 0.295 0.065 
329 z0196809    (0)    3 :  0.224 0.127 0.198 0.392 0.058 
330 z0196810    (1)    1 :  0.340 0.324 0.158 0.097 0.081 
331 z0196811    (0)    1 :  0.235 0.160 0.205 0.347 0.053 
332 z0196824    (0)    3 :  0.233 0.171 0.224 0.128 0.244 
333 z0196825    (0)    3 :  0.090 0.251 0.357 0.179 0.123 
334 z0196828    (1)    2 :  0.150 0.188 0.344 0.167 0.152 
335 z0196829    (0)    3 :  0.099 0.268 0.361 0.154 0.117 
336 z0196834   (26)    3 :  0.104 0.194 0.181 0.315 0.207 
337 z0196835    (0)    3 :  0.061 0.417 0.179 0.279 0.065 
338 z0196841   (20)    3 :  0.303 0.195 0.211 0.203 0.088 
339 z0196843   (25)    3 :  0.089 0.498 0.211 0.099 0.102 
340 z0196849    (0)    3 :  0.095 0.094 0.215 0.520 0.075 
341 z0196852    (0)    2 :  0.186 0.101 0.383 0.144 0.186 
342 z0196855    (0)    2 :  0.223 0.176 0.199 0.126 0.276 
343 z0196856    (0)    3 :  0.239 0.087 0.309 0.113 0.253 
344 z0196864    (1)    3 :  0.168 0.093 0.327 0.111 0.301 
345 z0196894    (0)    3 :  0.313 0.175 0.198 0.251 0.063 
346 z0197662    (2)    1 :  0.106 0.224 0.325 0.084 0.261 
347 z0197665    (2)    1 :  0.107 0.674 0.055 0.119 0.045 
348 z0197668   (20)    3 :  0.490 0.065 0.152 0.195 0.098 
349 z0197669    (0)    3 :  0.167 0.064 0.215 0.186 0.368 
350 z0197672    (1)    3 :  0.185 0.097 0.246 0.377 0.096 


Estimated Allele Frequencies in each cluster
First column gives estimated ancestral frequencies


Locus 1 : Mnov_gtseq_1 
2 alleles
0.0% missing data
   0   (0.441) 0.478 0.401 0.475 0.403 0.264 
   1   (0.559) 0.522 0.599 0.525 0.597 0.736 

Locus 2 : Mnov_gtseq_10 
2 alleles
0.3% missing data
   0   (0.820) 0.915 0.707 0.821 0.702 0.964 
   1   (0.180) 0.085 0.293 0.179 0.298 0.036 

Locus 3 : Mnov_gtseq_102 
2 alleles
0.9% missing data
   0   (0.537) 0.556 0.393 0.521 0.581 0.794 
   1   (0.463) 0.444 0.607 0.479 0.419 0.206 

Locus 4 : Mnov_gtseq_104 
2 alleles
0.3% missing data
   0   (0.874) 0.960 0.706 0.900 0.784 0.960 
   1   (0.126) 0.040 0.294 0.100 0.216 0.040 

Locus 5 : Mnov_gtseq_106 
2 alleles
14.9% missing data
   1   (0.766) 0.686 0.753 0.798 0.835 0.803 
   0   (0.234) 0.314 0.247 0.202 0.165 0.197 

Locus 6 : Mnov_gtseq_107 
2 alleles
37.4% missing data
   1   (0.222) 0.106 0.230 0.227 0.119 0.496 
   0   (0.778) 0.894 0.770 0.773 0.881 0.504 

Locus 7 : Mnov_gtseq_112 
2 alleles
0.9% missing data
   0   (0.616) 0.365 0.599 0.637 0.739 0.735 
   1   (0.384) 0.635 0.401 0.363 0.261 0.265 

Locus 8 : Mnov_gtseq_113 
2 alleles
2.0% missing data
   1   (0.733) 0.674 0.756 0.752 0.823 0.609 
   0   (0.267) 0.326 0.244 0.248 0.177 0.391 

Locus 9 : Mnov_gtseq_114 
3 alleles
4.3% missing data
   0   (0.548) 0.419 0.572 0.607 0.637 0.250 
   1   (0.420) 0.573 0.421 0.370 0.350 0.715 
   2   (0.031) 0.008 0.007 0.023 0.013 0.035 

Locus 10 : Mnov_gtseq_117 
2 alleles
26.9% missing data
   0   (0.637) 0.649 0.538 0.643 0.544 0.872 
   1   (0.363) 0.351 0.462 0.357 0.456 0.128 

Locus 11 : Mnov_gtseq_12 
2 alleles
0.3% missing data
   0   (0.435) 0.674 0.238 0.383 0.679 0.250 
   1   (0.565) 0.326 0.762 0.617 0.321 0.750 

Locus 12 : Mnov_gtseq_124 
4 alleles
5.1% missing data
   3   (0.717) 0.809 0.614 0.723 0.766 0.893 
   2   (0.226) 0.169 0.376 0.235 0.196 0.088 
   1   (0.032) 0.010 0.004 0.023 0.027 0.016 
   0   (0.026) 0.012 0.006 0.019 0.011 0.002 

Locus 13 : Mnov_gtseq_125 
3 alleles
1.7% missing data
   1   (0.212) 0.203 0.081 0.177 0.250 0.428 
   2   (0.695) 0.750 0.895 0.716 0.724 0.172 
   0   (0.093) 0.047 0.024 0.107 0.026 0.400 

Locus 14 : Mnov_gtseq_126 
2 alleles
0.0% missing data
   0   (0.352) 0.613 0.258 0.373 0.190 0.277 
   1   (0.648) 0.387 0.742 0.627 0.810 0.723 

Locus 15 : Mnov_gtseq_127 
2 alleles
6.9% missing data
   0   (0.631) 0.661 0.629 0.632 0.730 0.389 
   1   (0.369) 0.339 0.371 0.368 0.270 0.611 

Locus 16 : Mnov_gtseq_128 
2 alleles
30.9% missing data
   0   (0.675) 0.647 0.816 0.658 0.742 0.658 
   1   (0.325) 0.353 0.184 0.342 0.258 0.342 

Locus 17 : Mnov_gtseq_129 
3 alleles
2.0% missing data
   0   (0.545) 0.296 0.550 0.611 0.485 0.605 
   1   (0.307) 0.224 0.325 0.274 0.401 0.318 
   2   (0.148) 0.480 0.125 0.115 0.113 0.077 

Locus 18 : Mnov_gtseq_13 
3 alleles
0.0% missing data
   1   (0.436) 0.203 0.479 0.475 0.570 0.360 
   2   (0.171) 0.337 0.112 0.169 0.075 0.123 
   0   (0.393) 0.460 0.409 0.356 0.354 0.518 

Locus 19 : Mnov_gtseq_130 
2 alleles
28.6% missing data
   1   (0.495) 0.592 0.480 0.498 0.470 0.494 
   0   (0.505) 0.408 0.520 0.502 0.530 0.506 

Locus 20 : Mnov_gtseq_135 
2 alleles
0.6% missing data
   0   (0.485) 0.401 0.340 0.499 0.511 0.531 
   1   (0.515) 0.599 0.660 0.501 0.489 0.469 

Locus 21 : Mnov_gtseq_138 
3 alleles
0.6% missing data
   0   (0.253) 0.145 0.352 0.251 0.231 0.289 
   1   (0.506) 0.627 0.451 0.483 0.521 0.639 
   2   (0.240) 0.227 0.197 0.266 0.248 0.072 

Locus 22 : Mnov_gtseq_140 
2 alleles
1.1% missing data
   0   (0.474) 0.287 0.241 0.514 0.586 0.616 
   1   (0.526) 0.713 0.759 0.486 0.414 0.384 

Locus 23 : Mnov_gtseq_141 
2 alleles
0.3% missing data
   0   (0.555) 0.475 0.786 0.525 0.495 0.523 
   1   (0.445) 0.525 0.214 0.475 0.505 0.477 

Locus 24 : Mnov_gtseq_143 
2 alleles
2.6% missing data
   1   (0.556) 0.362 0.712 0.546 0.626 0.495 
   0   (0.444) 0.638 0.288 0.454 0.374 0.505 

Locus 25 : Mnov_gtseq_145 
2 alleles
2.0% missing data
   0   (0.469) 0.329 0.617 0.457 0.441 0.482 
   1   (0.531) 0.671 0.383 0.543 0.559 0.518 

Locus 26 : Mnov_gtseq_147 
3 alleles
25.4% missing data
   0   (0.786) 0.805 0.858 0.813 0.851 0.455 
   2   (0.143) 0.128 0.124 0.130 0.125 0.070 
   1   (0.071) 0.067 0.018 0.057 0.025 0.475 

Locus 27 : Mnov_gtseq_148 
3 alleles
9.1% missing data
   0   (0.315) 0.489 0.202 0.330 0.279 0.102 
   1   (0.432) 0.376 0.510 0.452 0.307 0.651 
   2   (0.252) 0.135 0.287 0.218 0.414 0.247 

Locus 28 : Mnov_gtseq_149 
2 alleles
0.3% missing data
   0   (0.618) 0.588 0.673 0.642 0.576 0.530 
   1   (0.382) 0.412 0.327 0.358 0.424 0.470 

Locus 29 : Mnov_gtseq_15 
2 alleles
0.0% missing data
   0   (0.477) 0.481 0.317 0.451 0.692 0.391 
   1   (0.523) 0.519 0.683 0.549 0.308 0.609 

Locus 30 : Mnov_gtseq_152 
2 alleles
0.9% missing data
   0   (0.351) 0.274 0.281 0.360 0.306 0.413 
   1   (0.649) 0.726 0.719 0.640 0.694 0.587 

Locus 31 : Mnov_gtseq_154 
3 alleles
3.4% missing data
   0   (0.350) 0.362 0.493 0.365 0.363 0.127 
   2   (0.223) 0.238 0.157 0.206 0.176 0.275 
   1   (0.428) 0.399 0.350 0.429 0.462 0.598 

Locus 32 : Mnov_gtseq_157 
2 alleles
0.6% missing data
   1   (0.554) 0.493 0.506 0.545 0.587 0.675 
   0   (0.446) 0.507 0.494 0.455 0.413 0.325 

Locus 33 : Mnov_gtseq_158 
2 alleles
0.6% missing data
   0   (0.402) 0.370 0.692 0.392 0.532 0.056 
   1   (0.598) 0.630 0.308 0.608 0.468 0.944 

Locus 34 : Mnov_gtseq_159 
3 alleles
24.0% missing data
   0   (0.608) 0.583 0.679 0.611 0.733 0.349 
   1   (0.182) 0.171 0.229 0.157 0.086 0.453 
   2   (0.210) 0.246 0.093 0.232 0.181 0.198 

Locus 35 : Mnov_gtseq_16 
2 alleles
0.0% missing data
   0   (0.641) 0.695 0.526 0.642 0.761 0.565 
   1   (0.359) 0.305 0.474 0.358 0.239 0.435 

Locus 36 : Mnov_gtseq_160 
2 alleles
2.3% missing data
   0   (0.481) 0.451 0.565 0.493 0.524 0.381 
   1   (0.519) 0.549 0.435 0.507 0.476 0.619 

Locus 37 : Mnov_gtseq_161 
2 alleles
1.7% missing data
   1   (0.746) 0.724 0.763 0.761 0.791 0.841 
   0   (0.254) 0.276 0.237 0.239 0.209 0.159 

Locus 38 : Mnov_gtseq_167 
3 alleles
1.1% missing data
   2   (0.733) 0.867 0.549 0.722 0.834 0.809 
   0   (0.189) 0.110 0.433 0.182 0.110 0.119 
   1   (0.078) 0.023 0.018 0.095 0.056 0.072 

Locus 39 : Mnov_gtseq_17 
2 alleles
0.3% missing data
   0   (0.514) 0.594 0.553 0.490 0.528 0.445 
   1   (0.486) 0.406 0.447 0.510 0.472 0.555 

Locus 40 : Mnov_gtseq_170 
2 alleles
0.0% missing data
   0   (0.344) 0.289 0.222 0.389 0.324 0.208 
   1   (0.656) 0.711 0.778 0.611 0.676 0.792 

Locus 41 : Mnov_gtseq_171 
3 alleles
41.4% missing data
   2   (0.587) 0.691 0.598 0.584 0.575 0.634 
   0   (0.323) 0.226 0.320 0.339 0.393 0.242 
   1   (0.090) 0.084 0.083 0.077 0.032 0.124 

Locus 42 : Mnov_gtseq_173 
4 alleles
21.4% missing data
   3   (0.414) 0.673 0.208 0.439 0.273 0.602 
   1   (0.521) 0.289 0.781 0.514 0.707 0.222 
   2   (0.051) 0.035 0.010 0.039 0.017 0.176 
   0   (0.014) 0.002 0.001 0.008 0.003 0.001 

Locus 43 : Mnov_gtseq_174 
2 alleles
2.6% missing data
   0   (0.236) 0.271 0.375 0.195 0.125 0.517 
   1   (0.764) 0.729 0.625 0.805 0.875 0.483 

Locus 44 : Mnov_gtseq_180 
3 alleles
14.3% missing data
   1   (0.621) 0.322 0.593 0.654 0.719 0.934 
   2   (0.287) 0.619 0.315 0.264 0.188 0.057 
   0   (0.091) 0.060 0.092 0.082 0.093 0.009 

Locus 45 : Mnov_gtseq_182 
2 alleles
8.6% missing data
   0   (0.836) 0.938 0.770 0.873 0.715 0.838 
   1   (0.164) 0.062 0.230 0.127 0.285 0.162 

Locus 46 : Mnov_gtseq_186 
3 alleles
28.0% missing data
   1   (0.463) 0.474 0.460 0.444 0.538 0.496 
   2   (0.097) 0.102 0.075 0.097 0.054 0.016 
   0   (0.439) 0.424 0.465 0.460 0.408 0.489 

Locus 47 : Mnov_gtseq_187 
2 alleles
7.1% missing data
   1   (0.576) 0.561 0.434 0.543 0.680 0.765 
   0   (0.424) 0.439 0.566 0.457 0.320 0.235 

Locus 48 : Mnov_gtseq_188 
2 alleles
13.4% missing data
   0   (0.534) 0.785 0.429 0.500 0.460 0.674 
   1   (0.466) 0.215 0.571 0.500 0.540 0.326 

Locus 49 : Mnov_gtseq_189 
2 alleles
3.7% missing data
   0   (0.451) 0.209 0.639 0.468 0.473 0.471 
   1   (0.549) 0.791 0.361 0.532 0.527 0.529 

Locus 50 : Mnov_gtseq_19 
3 alleles
0.0% missing data
   1   (0.864) 0.823 0.873 0.892 0.936 0.736 
   2   (0.090) 0.035 0.117 0.080 0.057 0.035 
   0   (0.046) 0.142 0.010 0.028 0.007 0.229 

Locus 51 : Mnov_gtseq_190 
2 alleles
0.0% missing data
   1   (0.457) 0.370 0.408 0.515 0.408 0.320 
   0   (0.543) 0.630 0.592 0.485 0.592 0.680 

Locus 52 : Mnov_gtseq_192 
2 alleles
20.9% missing data
   0   (0.831) 0.884 0.890 0.855 0.720 0.816 
   1   (0.169) 0.116 0.110 0.145 0.280 0.184 

Locus 53 : Mnov_gtseq_193 
2 alleles
0.0% missing data
   0   (0.724) 0.569 0.685 0.746 0.823 0.795 
   1   (0.276) 0.431 0.315 0.254 0.177 0.205 

Locus 54 : Mnov_gtseq_195 
3 alleles
0.0% missing data
   1   (0.540) 0.718 0.408 0.543 0.531 0.551 
   2   (0.432) 0.268 0.586 0.430 0.462 0.447 
   0   (0.028) 0.013 0.005 0.027 0.007 0.002 

Locus 55 : Mnov_gtseq_196 
2 alleles
0.3% missing data
   0   (0.304) 0.473 0.391 0.256 0.359 0.098 
   1   (0.696) 0.527 0.609 0.744 0.641 0.902 

Locus 56 : Mnov_gtseq_197 
3 alleles
0.3% missing data
   1   (0.365) 0.385 0.512 0.332 0.340 0.299 
   0   (0.450) 0.229 0.394 0.473 0.558 0.630 
   2   (0.186) 0.386 0.093 0.195 0.102 0.071 

Locus 57 : Mnov_gtseq_2 
3 alleles
0.3% missing data
   0   (0.217) 0.130 0.086 0.279 0.141 0.260 
   2   (0.744) 0.744 0.909 0.691 0.848 0.737 
   1   (0.040) 0.126 0.006 0.030 0.011 0.004 

Locus 58 : Mnov_gtseq_200 
2 alleles
2.3% missing data
   0   (0.427) 0.278 0.398 0.434 0.329 0.700 
   1   (0.573) 0.722 0.602 0.566 0.671 0.300 

Locus 59 : Mnov_gtseq_201 
4 alleles
0.0% missing data
   0   (0.599) 0.790 0.438 0.638 0.477 0.605 
   2   (0.146) 0.057 0.120 0.127 0.177 0.228 
   3   (0.152) 0.082 0.042 0.151 0.275 0.151 
   1   (0.103) 0.072 0.400 0.083 0.070 0.016 

Locus 60 : Mnov_gtseq_202 
2 alleles
0.0% missing data
   0   (0.422) 0.276 0.442 0.416 0.465 0.568 
   1   (0.578) 0.724 0.558 0.584 0.535 0.432 

Locus 61 : Mnov_gtseq_204 
2 alleles
3.4% missing data
   0   (0.404) 0.457 0.519 0.344 0.391 0.595 
   1   (0.596) 0.543 0.481 0.656 0.609 0.405 

Locus 62 : Mnov_gtseq_205 
5 alleles
0.0% missing data
   0   (0.191) 0.193 0.068 0.159 0.430 0.219 
   4   (0.038) 0.009 0.007 0.034 0.008 0.157 
   3   (0.691) 0.743 0.896 0.743 0.534 0.555 
   1   (0.063) 0.052 0.022 0.053 0.024 0.068 
   2   (0.017) 0.003 0.007 0.012 0.004 0.001 

Locus 63 : Mnov_gtseq_208 
2 alleles
0.0% missing data
   0   (0.662) 0.608 0.823 0.693 0.657 0.331 
   1   (0.338) 0.392 0.177 0.307 0.343 0.669 

Locus 64 : Mnov_gtseq_209 
3 alleles
0.0% missing data
   0   (0.472) 0.288 0.313 0.503 0.599 0.590 
   2   (0.485) 0.690 0.677 0.465 0.393 0.259 
   1   (0.043) 0.022 0.010 0.033 0.008 0.151 

Locus 65 : Mnov_gtseq_21 
2 alleles
0.0% missing data
   1   (0.508) 0.589 0.736 0.487 0.497 0.302 
   0   (0.492) 0.411 0.264 0.513 0.503 0.698 

Locus 66 : Mnov_gtseq_210 
2 alleles
4.6% missing data
   0   (0.356) 0.312 0.433 0.312 0.606 0.201 
   1   (0.644) 0.688 0.567 0.688 0.394 0.799 

Locus 67 : Mnov_gtseq_211 
2 alleles
1.1% missing data
   0   (0.425) 0.368 0.481 0.462 0.425 0.257 
   1   (0.575) 0.632 0.519 0.538 0.575 0.743 

Locus 68 : Mnov_gtseq_213 
2 alleles
5.4% missing data
   0   (0.516) 0.474 0.591 0.521 0.561 0.345 
   1   (0.484) 0.526 0.409 0.479 0.439 0.655 

Locus 69 : Mnov_gtseq_214 
2 alleles
5.1% missing data
   0   (0.544) 0.347 0.555 0.598 0.470 0.811 
   1   (0.456) 0.653 0.445 0.402 0.530 0.189 

Locus 70 : Mnov_gtseq_215 
2 alleles
0.0% missing data
   0   (0.471) 0.341 0.450 0.500 0.394 0.587 
   1   (0.529) 0.659 0.550 0.500 0.606 0.413 

Locus 71 : Mnov_gtseq_216 
3 alleles
0.0% missing data
   2   (0.513) 0.599 0.430 0.522 0.441 0.726 
   1   (0.465) 0.366 0.568 0.465 0.556 0.270 
   0   (0.022) 0.035 0.003 0.013 0.004 0.004 

Locus 72 : Mnov_gtseq_217 
2 alleles
23.7% missing data
   0   (0.332) 0.235 0.182 0.352 0.491 0.170 
   1   (0.668) 0.765 0.818 0.648 0.509 0.830 

Locus 73 : Mnov_gtseq_218 
2 alleles
0.6% missing data
   0   (0.600) 0.757 0.523 0.613 0.382 0.837 
   1   (0.400) 0.243 0.477 0.387 0.618 0.163 

Locus 74 : Mnov_gtseq_22 
4 alleles
3.4% missing data
   2   (0.509) 0.435 0.585 0.523 0.421 0.791 
   0   (0.229) 0.206 0.138 0.223 0.337 0.129 
   1   (0.204) 0.249 0.254 0.211 0.172 0.074 
   3   (0.058) 0.111 0.024 0.043 0.070 0.007 

Locus 75 : Mnov_gtseq_220 
3 alleles
0.0% missing data
   0   (0.490) 0.587 0.535 0.468 0.433 0.692 
   1   (0.465) 0.308 0.451 0.497 0.558 0.291 
   2   (0.046) 0.105 0.014 0.035 0.010 0.017 

Locus 76 : Mnov_gtseq_223 
2 alleles
2.6% missing data
   0   (0.633) 0.610 0.712 0.591 0.753 0.625 
   1   (0.367) 0.390 0.288 0.409 0.247 0.375 

Locus 77 : Mnov_gtseq_224 
3 alleles
0.6% missing data
   0   (0.227) 0.274 0.261 0.224 0.121 0.278 
   1   (0.717) 0.700 0.691 0.727 0.850 0.715 
   2   (0.057) 0.026 0.048 0.048 0.029 0.007 

Locus 78 : Mnov_gtseq_225 
2 alleles
0.0% missing data
   0   (0.515) 0.288 0.636 0.525 0.624 0.505 
   1   (0.485) 0.712 0.364 0.475 0.376 0.495 

Locus 79 : Mnov_gtseq_227 
2 alleles
0.3% missing data
   0   (0.521) 0.650 0.518 0.510 0.352 0.673 
   1   (0.479) 0.350 0.482 0.490 0.648 0.327 

Locus 80 : Mnov_gtseq_229 
2 alleles
0.9% missing data
   1   (0.507) 0.583 0.697 0.464 0.404 0.641 
   0   (0.493) 0.417 0.303 0.536 0.596 0.359 

Locus 81 : Mnov_gtseq_232 
2 alleles
0.0% missing data
   0   (0.465) 0.362 0.499 0.455 0.421 0.742 
   1   (0.535) 0.638 0.501 0.545 0.579 0.258 

Locus 82 : Mnov_gtseq_234 
2 alleles
9.1% missing data
   0   (0.738) 0.782 0.544 0.727 0.845 0.867 
   1   (0.262) 0.218 0.456 0.273 0.155 0.133 

Locus 83 : Mnov_gtseq_235 
2 alleles
0.0% missing data
   0   (0.788) 0.912 0.775 0.775 0.666 0.904 
   1   (0.212) 0.088 0.225 0.225 0.334 0.096 

Locus 84 : Mnov_gtseq_238 
2 alleles
0.0% missing data
   0   (0.586) 0.626 0.638 0.514 0.598 0.824 
   1   (0.414) 0.374 0.362 0.486 0.402 0.176 

Locus 85 : Mnov_gtseq_239 
2 alleles
0.0% missing data
   0   (0.725) 0.706 0.801 0.754 0.640 0.786 
   1   (0.275) 0.294 0.199 0.246 0.360 0.214 

Locus 86 : Mnov_gtseq_241 
2 alleles
0.0% missing data
   0   (0.853) 0.911 0.859 0.886 0.820 0.823 
   1   (0.147) 0.089 0.141 0.114 0.180 0.177 

Locus 87 : Mnov_gtseq_243 
2 alleles
0.0% missing data
   0   (0.597) 0.707 0.382 0.598 0.642 0.610 
   1   (0.403) 0.293 0.618 0.402 0.358 0.390 

Locus 88 : Mnov_gtseq_244 
2 alleles
0.0% missing data
   0   (0.343) 0.198 0.223 0.322 0.482 0.466 
   1   (0.657) 0.802 0.777 0.678 0.518 0.534 

Locus 89 : Mnov_gtseq_245 
2 alleles
20.0% missing data
   1   (0.496) 0.348 0.670 0.494 0.424 0.701 
   0   (0.504) 0.652 0.330 0.506 0.576 0.299 

Locus 90 : Mnov_gtseq_246 
2 alleles
0.3% missing data
   0   (0.448) 0.172 0.606 0.477 0.489 0.540 
   1   (0.552) 0.828 0.394 0.523 0.511 0.460 

Locus 91 : Mnov_gtseq_247 
2 alleles
3.1% missing data
   0   (0.293) 0.505 0.199 0.287 0.238 0.154 
   1   (0.707) 0.495 0.801 0.713 0.762 0.846 

Locus 92 : Mnov_gtseq_248 
2 alleles
0.3% missing data
   0   (0.232) 0.238 0.074 0.246 0.172 0.468 
   1   (0.768) 0.762 0.926 0.754 0.828 0.532 

Locus 93 : Mnov_gtseq_25 
2 alleles
0.3% missing data
   0   (0.455) 0.257 0.529 0.431 0.499 0.663 
   1   (0.545) 0.743 0.471 0.569 0.501 0.337 

Locus 94 : Mnov_gtseq_250 
2 alleles
3.4% missing data
   0   (0.792) 0.876 0.589 0.831 0.854 0.710 
   1   (0.208) 0.124 0.411 0.169 0.146 0.290 

Locus 95 : Mnov_gtseq_251 
2 alleles
2.0% missing data
   1   (0.227) 0.137 0.104 0.291 0.212 0.199 
   0   (0.773) 0.863 0.896 0.709 0.788 0.801 

Locus 96 : Mnov_gtseq_253 
2 alleles
16.3% missing data
   0   (0.499) 0.616 0.287 0.519 0.434 0.500 
   1   (0.501) 0.384 0.713 0.481 0.566 0.500 

Locus 97 : Mnov_gtseq_254 
2 alleles
0.0% missing data
   1   (0.918) 0.947 0.984 0.913 0.835 0.991 
   0   (0.082) 0.053 0.016 0.087 0.165 0.009 

Locus 98 : Mnov_gtseq_255 
3 alleles
0.0% missing data
   0   (0.322) 0.272 0.603 0.280 0.201 0.468 
   2   (0.413) 0.293 0.206 0.470 0.462 0.463 
   1   (0.265) 0.435 0.191 0.250 0.337 0.069 

Locus 99 : Mnov_gtseq_257 
2 alleles
0.0% missing data
   0   (0.635) 0.482 0.695 0.650 0.782 0.444 
   1   (0.365) 0.518 0.305 0.350 0.218 0.556 

Locus 100 : Mnov_gtseq_258 
2 alleles
0.0% missing data
   0   (0.513) 0.708 0.462 0.499 0.370 0.646 
   1   (0.487) 0.292 0.538 0.501 0.630 0.354 

Locus 101 : Mnov_gtseq_26 
2 alleles
0.0% missing data
   1   (0.885) 0.895 0.925 0.885 0.941 0.972 
   0   (0.115) 0.105 0.075 0.115 0.059 0.028 

Locus 102 : Mnov_gtseq_260 
2 alleles
0.6% missing data
   0   (0.747) 0.692 0.881 0.723 0.808 0.780 
   1   (0.253) 0.308 0.119 0.277 0.192 0.220 

Locus 103 : Mnov_gtseq_261 
3 alleles
0.3% missing data
   0   (0.468) 0.429 0.519 0.490 0.423 0.598 
   1   (0.276) 0.386 0.336 0.258 0.188 0.235 
   2   (0.256) 0.186 0.145 0.252 0.390 0.166 

Locus 104 : Mnov_gtseq_262 
3 alleles
3.1% missing data
