

----------------------------------------------------
STRUCTURE by Pritchard, Stephens and Donnelly (2000)
     and Falush, Stephens and Pritchard (2003)
       Code by Pritchard, Falush and Hubisz
             Version 2.3.4 (Jul 2012)
----------------------------------------------------



Command line arguments:   structure -m wint.area.structureRun/wint.area.structureRun.k4.r5_mainparams -e wint.area.structureRun/wint.area.structureRun.k4.r5_extraparams -i wint.area.structureRun/wint.area.structureRun.k4.r5_data -o wint.area.structureRun/wint.area.structureRun.k4.r5_out 
Input File:    wint.area.structureRun/wint.area.structureRun.k4.r5_data

Run parameters:
   357 individuals
   328 loci
   4 populations assumed
   1000 Burn-in period
   10000 Reps


--------------------------------------------
Proportion of membership of each pre-defined
 population in each of the 4 clusters

Given    Inferred Clusters              Number of
 Pop       1      2      3      4      Individuals

  1:     0.127  0.381  0.301  0.191       80
  2:     0.451  0.153  0.186  0.210      126
  3:     0.190  0.275  0.320  0.215      115
  4:     0.303  0.198  0.275  0.224       27
  5:     0.065  0.103  0.082  0.749        9
--------------------------------------------

Allele-freq. divergence among pops (Net nucleotide distance),
computed using point estimates of P.

      1       2       3       4      
 1      -    0.0376  0.0303  0.0316  
 2   0.0376     -    0.0152  0.0254  
 3   0.0303  0.0152     -    0.0186  
 4   0.0316  0.0254  0.0186     -    

Average distances (expected heterozygosity) between individuals in same cluster:
cluster  1  : 0.3968 
cluster  2  : 0.4142 
cluster  3  : 0.4135 
cluster  4  : 0.4011 

--------------------------------------------
Estimated Ln Prob of Data   = -134243.3
Mean value of ln likelihood = -133381.1
Variance of ln likelihood   = 1724.3
Mean value of alpha         = 1.0000

Mean value of Fst_1         = 0.1283
Mean value of Fst_2         = 0.0830
Mean value of Fst_3         = 0.0597
Mean value of Fst_4         = 0.0911


Inferred ancestry of individuals:
        Label (%Miss) Pop:  Inferred clusters
  1   207778    (2)    2 :  0.474 0.164 0.193 0.169 
  2 z0005757    (7)    3 :  0.221 0.266 0.175 0.338 
  3 z0005758    (0)    3 :  0.077 0.237 0.543 0.143 
  4 z0011944    (0)    1 :  0.091 0.055 0.055 0.798 
  5 z0012702   (10)    4 :  0.636 0.065 0.053 0.246 
  6 z0016577    (2)    3 :  0.304 0.131 0.422 0.144 
  7 z0016578   (21)    1 :  0.066 0.344 0.358 0.233 
  8 z0016579    (1)    3 :  0.155 0.150 0.419 0.276 
  9 z0018264    (0)    1 :  0.124 0.069 0.056 0.752 
 10 z0029828    (2)    3 :  0.187 0.466 0.261 0.087 
 11 z0029829   (14)    1 :  0.118 0.579 0.207 0.096 
 12 z0029846   (14)    1 :  0.139 0.203 0.433 0.224 
 13 z0029860    (1)    3 :  0.114 0.490 0.311 0.085 
 14 z0029863    (2)    1 :  0.117 0.102 0.409 0.372 
 15 z0029864    (8)    1 :  0.102 0.257 0.371 0.270 
 16 z0029865   (13)    3 :  0.069 0.178 0.647 0.106 
 17 z0037607    (2)    3 :  0.202 0.108 0.427 0.264 
 18 z0037609   (25)    3 :  0.134 0.148 0.501 0.217 
 19 z0037624   (21)    1 :  0.171 0.240 0.471 0.117 
 20 z0038417    (8)    2 :  0.618 0.076 0.105 0.201 
 21 z0040275    (9)    2 :  0.452 0.078 0.160 0.310 
 22 z0040287    (3)    2 :  0.290 0.164 0.213 0.333 
 23 z0040308    (1)    2 :  0.566 0.104 0.233 0.097 
 24 z0040333    (1)    2 :  0.455 0.186 0.178 0.180 
 25 z0040334    (1)    2 :  0.726 0.059 0.065 0.150 
 26 z0040337    (6)    2 :  0.315 0.167 0.291 0.228 
 27 z0040345    (1)    2 :  0.591 0.055 0.131 0.222 
 28 z0040357    (5)    2 :  0.529 0.097 0.225 0.149 
 29 z0040363   (20)    2 :  0.475 0.225 0.161 0.139 
 30 z0040364    (0)    2 :  0.644 0.122 0.105 0.129 
 31 z0040387    (1)    2 :  0.578 0.130 0.167 0.124 
 32 z0040403   (15)    2 :  0.451 0.175 0.187 0.187 
 33 z0040413   (43)    2 :  0.446 0.110 0.209 0.235 
 34 z0040439    (0)    2 :  0.717 0.058 0.082 0.142 
 35 z0040465   (20)    2 :  0.347 0.160 0.332 0.160 
 36 z0040513   (17)    3 :  0.318 0.383 0.123 0.175 
 37 z0040961   (12)    2 :  0.348 0.125 0.106 0.421 
 38 z0040985   (16)    2 :  0.337 0.077 0.348 0.239 
 39 z0041026    (0)    2 :  0.608 0.184 0.078 0.130 
 40 z0041051   (28)    2 :  0.400 0.094 0.139 0.367 
 41 z0041115    (7)    2 :  0.534 0.196 0.122 0.148 
 42 z0041153   (23)    2 :  0.312 0.130 0.197 0.360 
 43 z0041233    (4)    2 :  0.337 0.186 0.293 0.184 
 44 z0041243    (1)    2 :  0.351 0.119 0.278 0.252 
 45 z0041248    (6)    2 :  0.555 0.165 0.144 0.136 
 46 z0041250    (1)    2 :  0.572 0.072 0.156 0.200 
 47 z0041274    (2)    2 :  0.378 0.132 0.122 0.368 
 48 z0041465   (15)    2 :  0.525 0.252 0.163 0.060 
 49 z0041472    (2)    2 :  0.532 0.221 0.146 0.101 
 50 z0041480   (10)    2 :  0.334 0.243 0.275 0.149 
 51 z0041483    (0)    2 :  0.621 0.106 0.113 0.160 
 52 z0041494   (12)    2 :  0.478 0.109 0.136 0.278 
 53 z0041498    (1)    2 :  0.450 0.220 0.137 0.193 
 54 z0041501    (1)    2 :  0.684 0.059 0.132 0.125 
 55 z0041507    (7)    2 :  0.564 0.128 0.146 0.163 
 56 z0041512    (0)    2 :  0.663 0.111 0.120 0.106 
 57 z0041522   (17)    2 :  0.474 0.210 0.189 0.126 
 58 z0041526    (1)    3 :  0.520 0.127 0.266 0.087 
 59 z0041527   (16)    2 :  0.494 0.174 0.178 0.154 
 60 z0043243    (2)    2 :  0.117 0.267 0.233 0.383 
 61 z0043278    (2)    2 :  0.643 0.086 0.072 0.198 
 62 z0043475   (17)    3 :  0.343 0.266 0.193 0.198 
 63 z0043477    (0)    2 :  0.362 0.078 0.339 0.221 
 64 z0043478    (2)    2 :  0.763 0.094 0.073 0.070 
 65 z0043481    (0)    2 :  0.549 0.121 0.165 0.165 
 66 z0043489    (7)    2 :  0.648 0.056 0.097 0.198 
 67 z0043491   (13)    2 :  0.434 0.136 0.174 0.256 
 68 z0043493    (3)    2 :  0.331 0.063 0.317 0.289 
 69 z0043494    (2)    2 :  0.319 0.147 0.243 0.292 
 70 z0043498    (2)    2 :  0.637 0.189 0.080 0.095 
 71 z0043504    (7)    2 :  0.329 0.086 0.362 0.222 
 72 z0043526    (3)    4 :  0.350 0.185 0.186 0.280 
 73 z0043566    (3)    2 :  0.463 0.121 0.289 0.127 
 74 z0043572    (0)    2 :  0.543 0.165 0.189 0.103 
 75 z0043599    (5)    2 :  0.384 0.156 0.289 0.171 
 76 z0043642    (1)    2 :  0.313 0.195 0.314 0.178 
 77 z0043649    (1)    2 :  0.614 0.090 0.101 0.195 
 78 z0043652    (1)    2 :  0.268 0.150 0.261 0.321 
 79 z0043668    (1)    2 :  0.272 0.284 0.151 0.293 
 80 z0043674    (1)    4 :  0.063 0.349 0.366 0.221 
 81 z0043686    (1)    2 :  0.344 0.209 0.195 0.251 
 82 z0043693    (1)    2 :  0.365 0.274 0.142 0.220 
 83 z0043704   (15)    2 :  0.629 0.093 0.153 0.126 
 84 z0043807    (1)    2 :  0.442 0.204 0.206 0.148 
 85 z0043819    (1)    2 :  0.187 0.174 0.325 0.313 
 86 z0043876    (7)    2 :  0.239 0.229 0.424 0.108 
 87 z0043877   (33)    2 :  0.396 0.269 0.193 0.143 
 88 z0043891   (21)    4 :  0.202 0.257 0.281 0.260 
 89 z0043915   (33)    2 :  0.239 0.211 0.126 0.425 
 90 z0043940   (10)    2 :  0.093 0.120 0.489 0.298 
 91 z0043954    (2)    2 :  0.303 0.169 0.197 0.331 
 92 z0043966    (5)    2 :  0.610 0.138 0.142 0.110 
 93 z0043980    (0)    2 :  0.360 0.303 0.125 0.211 
 94 z0043994    (1)    3 :  0.653 0.088 0.073 0.185 
 95 z0044017   (12)    2 :  0.352 0.121 0.097 0.431 
 96 z0044019   (14)    2 :  0.446 0.257 0.124 0.173 
 97 z0044023   (36)    2 :  0.712 0.146 0.082 0.060 
 98 z0044033    (0)    2 :  0.830 0.075 0.047 0.048 
 99 z0044042    (3)    2 :  0.639 0.158 0.077 0.125 
100 z0044047   (25)    2 :  0.506 0.109 0.119 0.266 
101 z0044064   (13)    2 :  0.391 0.081 0.187 0.342 
102 z0044432   (14)    2 :  0.318 0.298 0.134 0.250 
103 z0045326    (0)    3 :  0.164 0.245 0.513 0.077 
104 z0045331    (5)    1 :  0.170 0.353 0.276 0.200 
105 z0045332    (2)    1 :  0.181 0.252 0.221 0.346 
106 z0045333    (6)    1 :  0.119 0.488 0.273 0.120 
107 z0045337    (5)    1 :  0.132 0.567 0.157 0.144 
108 z0045342   (13)    1 :  0.189 0.560 0.132 0.118 
109 z0045347    (1)    3 :  0.140 0.121 0.429 0.310 
110 z0045350    (0)    1 :  0.129 0.207 0.302 0.361 
111 z0045370    (1)    1 :  0.048 0.598 0.277 0.078 
112 z0045371    (1)    3 :  0.200 0.147 0.454 0.200 
113 z0045398    (1)    3 :  0.062 0.162 0.663 0.112 
114 z0045399    (1)    3 :  0.067 0.336 0.162 0.435 
115 z0045401   (26)    1 :  0.174 0.263 0.295 0.268 
116 z0045404    (0)    3 :  0.067 0.349 0.491 0.094 
117 z0045405    (5)    3 :  0.081 0.140 0.561 0.217 
118 z0045407    (2)    3 :  0.103 0.121 0.484 0.292 
119 z0045719    (0)    2 :  0.583 0.106 0.149 0.162 
120 z0045720    (1)    2 :  0.326 0.149 0.217 0.308 
121 z0045728    (1)    2 :  0.559 0.155 0.194 0.092 
122 z0045731    (1)    2 :  0.407 0.099 0.285 0.209 
123 z0045733    (0)    2 :  0.310 0.277 0.131 0.282 
124 z0045736    (1)    2 :  0.244 0.172 0.224 0.359 
125 z0045739    (1)    2 :  0.208 0.161 0.460 0.170 
126 z0045740    (1)    2 :  0.635 0.079 0.140 0.147 
127 z0045741    (0)    2 :  0.581 0.080 0.192 0.147 
128 z0045742    (0)    2 :  0.500 0.227 0.135 0.139 
129 z0045776    (1)    3 :  0.379 0.158 0.115 0.348 
130 z0045779    (0)    2 :  0.687 0.129 0.092 0.092 
131 z0045781    (0)    2 :  0.495 0.069 0.310 0.125 
132 z0045788    (5)    2 :  0.652 0.075 0.097 0.176 
133 z0045789    (2)    2 :  0.616 0.108 0.108 0.168 
134 z0045791    (5)    2 :  0.511 0.156 0.085 0.249 
135 z0045792   (23)    1 :  0.298 0.295 0.262 0.145 
136 z0045793    (0)    3 :  0.249 0.576 0.111 0.064 
137 z0047562   (15)    2 :  0.497 0.135 0.130 0.238 
138 z0047854    (1)    2 :  0.394 0.103 0.294 0.210 
139 z0051185    (1)    1 :  0.067 0.241 0.585 0.107 
140 z0051324    (6)    1 :  0.096 0.513 0.255 0.137 
141 z0051326    (0)    1 :  0.083 0.493 0.291 0.133 
142 z0051327    (4)    3 :  0.331 0.163 0.362 0.144 
143 z0051328    (3)    1 :  0.160 0.451 0.297 0.091 
144 z0051380    (0)    1 :  0.047 0.329 0.539 0.085 
145 z0051400    (0)    3 :  0.230 0.376 0.234 0.160 
146 z0051431   (23)    3 :  0.342 0.129 0.409 0.121 
147 z0051840   (34)    2 :  0.473 0.204 0.066 0.257 
148 z0051844   (27)    2 :  0.400 0.077 0.144 0.379 
149 z0051875   (29)    3 :  0.159 0.382 0.324 0.135 
150 z0051885    (8)    3 :  0.509 0.139 0.235 0.118 
151 z0051888    (1)    2 :  0.422 0.392 0.105 0.081 
152 z0051891    (1)    1 :  0.214 0.244 0.309 0.233 
153 z0051893    (4)    1 :  0.131 0.532 0.183 0.154 
154 z0051895    (0)    3 :  0.141 0.535 0.219 0.106 
155 z0051918    (1)    3 :  0.352 0.075 0.149 0.425 
156 z0051929    (1)    1 :  0.114 0.389 0.420 0.078 
157 z0051939   (12)    3 :  0.337 0.230 0.240 0.194 
158 z0051947    (3)    1 :  0.095 0.714 0.109 0.082 
159 z0051959    (2)    3 :  0.211 0.104 0.463 0.222 
160 z0052846    (0)    4 :  0.336 0.182 0.332 0.150 
161 z0052882    (1)    2 :  0.340 0.322 0.138 0.200 
162 z0053020   (22)    2 :  0.343 0.078 0.203 0.376 
163 z0053024   (13)    2 :  0.281 0.202 0.340 0.177 
164 z0053025    (5)    2 :  0.677 0.055 0.186 0.083 
165 z0053031    (0)    2 :  0.281 0.175 0.236 0.308 
166 z0053032    (1)    2 :  0.391 0.181 0.149 0.279 
167 z0053040    (5)    2 :  0.344 0.141 0.239 0.277 
168 z0053051    (1)    3 :  0.101 0.272 0.330 0.296 
169 z0053054    (6)    3 :  0.118 0.286 0.463 0.133 
170 z0053071    (3)    2 :  0.611 0.187 0.097 0.105 
171 z0053073    (2)    2 :  0.184 0.176 0.377 0.263 
172 z0053078    (1)    3 :  0.288 0.045 0.081 0.587 
173 z0053082    (2)    3 :  0.500 0.210 0.133 0.158 
174 z0053083   (12)    2 :  0.409 0.168 0.202 0.222 
175 z0053090   (11)    3 :  0.441 0.082 0.181 0.296 
176 z0053096    (0)    2 :  0.559 0.073 0.073 0.295 
177 z0053100    (8)    2 :  0.482 0.118 0.214 0.186 
178 z0053101    (0)    2 :  0.391 0.106 0.103 0.400 
179 z0053102    (9)    2 :  0.510 0.143 0.153 0.194 
180 z0053103    (1)    2 :  0.731 0.090 0.112 0.066 
181 z0053111    (2)    3 :  0.146 0.239 0.395 0.220 
182 z0053131    (0)    2 :  0.387 0.258 0.199 0.156 
183 z0053132    (0)    2 :  0.280 0.066 0.081 0.573 
184 z0053133    (1)    2 :  0.167 0.254 0.231 0.348 
185 z0053138    (0)    2 :  0.271 0.213 0.424 0.092 
186 z0053142    (3)    2 :  0.496 0.218 0.156 0.130 
187 z0053149    (1)    2 :  0.502 0.098 0.153 0.247 
188 z0053754    (1)    1 :  0.118 0.195 0.498 0.189 
189 z0053756    (2)    1 :  0.093 0.170 0.510 0.227 
190 z0053758   (17)    1 :  0.064 0.626 0.135 0.175 
191 z0053759    (1)    1 :  0.086 0.459 0.307 0.148 
192 z0053760    (0)    1 :  0.129 0.226 0.453 0.192 
193 z0053842    (2)    1 :  0.130 0.104 0.675 0.090 
194 z0053843    (6)    1 :  0.113 0.686 0.104 0.098 
195 z0053844    (9)    1 :  0.151 0.311 0.407 0.130 
196 z0053846    (3)    1 :  0.062 0.776 0.096 0.067 
197 z0053847    (1)    1 :  0.143 0.682 0.069 0.106 
198 z0053849    (1)    1 :  0.143 0.119 0.549 0.189 
199 z0055903    (1)    4 :  0.208 0.195 0.244 0.353 
200 z0055910   (35)    4 :  0.362 0.206 0.219 0.214 
201 z0055912    (7)    4 :  0.268 0.094 0.259 0.379 
202 z0055916   (17)    4 :  0.170 0.175 0.467 0.187 
203 z0055931    (4)    4 :  0.642 0.102 0.114 0.143 
204 z0055944    (4)    4 :  0.272 0.193 0.268 0.267 
205 z0055947   (10)    4 :  0.210 0.127 0.452 0.212 
206 z0055962    (6)    4 :  0.316 0.119 0.452 0.113 
207 z0055963   (21)    4 :  0.348 0.287 0.139 0.227 
208 z0055965   (26)    4 :  0.080 0.277 0.171 0.473 
209 z0055970   (16)    4 :  0.348 0.230 0.264 0.158 
210 z0055971    (8)    4 :  0.242 0.332 0.192 0.234 
211 z0055977    (6)    4 :  0.450 0.134 0.232 0.184 
212 z0055986   (21)    4 :  0.203 0.349 0.295 0.153 
213 z0055990    (7)    4 :  0.496 0.145 0.166 0.193 
214 z0055996    (3)    4 :  0.320 0.237 0.366 0.076 
215 z0055997    (4)    4 :  0.423 0.254 0.212 0.111 
216 z0055998    (5)    4 :  0.162 0.111 0.361 0.366 
217 z0055999    (3)    4 :  0.141 0.372 0.223 0.264 
218 z0056011    (9)    4 :  0.158 0.112 0.511 0.219 
219 z0056029    (5)    4 :  0.289 0.173 0.358 0.180 
220 z0056034    (2)    4 :  0.474 0.081 0.249 0.196 
221 z0056056   (26)    3 :  0.224 0.241 0.340 0.194 
222 z0056058    (5)    3 :  0.050 0.537 0.282 0.131 
223 z0056059    (8)    3 :  0.128 0.175 0.256 0.441 
224 z0056062    (1)    3 :  0.275 0.234 0.142 0.349 
225 z0056063    (4)    3 :  0.158 0.335 0.297 0.210 
226 z0056064    (0)    3 :  0.123 0.332 0.151 0.394 
227 z0056065    (0)    3 :  0.110 0.454 0.244 0.191 
228 z0056069    (1)    3 :  0.380 0.157 0.111 0.352 
229 z0056073    (0)    3 :  0.070 0.200 0.642 0.088 
230 z0056076    (5)    3 :  0.220 0.511 0.066 0.202 
231 z0056079   (10)    3 :  0.059 0.227 0.500 0.214 
232 z0056085    (1)    3 :  0.105 0.423 0.294 0.178 
233 z0056092    (1)    3 :  0.114 0.319 0.262 0.305 
234 z0056095    (1)    3 :  0.110 0.371 0.154 0.365 
235 z0056103    (8)    3 :  0.064 0.276 0.372 0.288 
236 z0056374    (8)    1 :  0.062 0.326 0.471 0.142 
237 z0056375    (0)    1 :  0.101 0.560 0.183 0.156 
238 z0056377    (0)    1 :  0.100 0.168 0.581 0.152 
239 z0056378    (2)    1 :  0.179 0.632 0.103 0.086 
240 z0056382    (1)    1 :  0.057 0.731 0.088 0.123 
241 z0056384    (3)    1 :  0.153 0.400 0.148 0.299 
242 z0056386    (8)    1 :  0.057 0.678 0.143 0.122 
243 z0056389    (1)    1 :  0.054 0.660 0.181 0.105 
244 z0056391    (2)    1 :  0.024 0.803 0.133 0.039 
245 z0056392   (12)    1 :  0.086 0.364 0.489 0.060 
246 z0056393    (9)    1 :  0.169 0.147 0.479 0.205 
247 z0056394    (1)    1 :  0.090 0.200 0.621 0.090 
248 z0056395    (2)    1 :  0.169 0.199 0.457 0.174 
249 z0056397    (1)    1 :  0.277 0.118 0.424 0.181 
250 z0061527    (3)    3 :  0.448 0.155 0.237 0.160 
251 z0061967    (1)    3 :  0.237 0.222 0.417 0.124 
252 z0061969    (1)    3 :  0.343 0.162 0.408 0.087 
253 z0061980    (1)    1 :  0.233 0.347 0.284 0.136 
254 z0066166    (3)    3 :  0.133 0.350 0.376 0.140 
255 z0066792    (2)    1 :  0.081 0.161 0.064 0.694 
256 z0066805    (2)    1 :  0.076 0.083 0.065 0.776 
257 z0068471    (3)    3 :  0.132 0.369 0.280 0.220 
258 z0075696    (7)    5 :  0.068 0.064 0.050 0.819 
259 z0101084    (8)    1 :  0.121 0.663 0.125 0.091 
260 z0107099    (3)    3 :  0.037 0.562 0.311 0.090 
261 z0107101    (0)    1 :  0.041 0.857 0.058 0.045 
262 z0108489    (1)    1 :  0.266 0.212 0.246 0.277 
263 z0108513    (0)    1 :  0.119 0.666 0.166 0.049 
264 z0108528    (1)    3 :  0.259 0.214 0.376 0.151 
265 z0113628    (2)    3 :  0.169 0.133 0.295 0.402 
266 z0133302   (18)    1 :  0.232 0.491 0.125 0.152 
267 z0173485    (0)    1 :  0.314 0.173 0.364 0.149 
268 z0175371    (1)    3 :  0.220 0.092 0.237 0.452 
269 z0175378    (0)    2 :  0.658 0.157 0.116 0.069 
270 z0175912    (6)    1 :  0.129 0.262 0.424 0.185 
271 z0175916    (3)    1 :  0.341 0.224 0.198 0.237 
272 z0175937    (1)    1 :  0.094 0.417 0.324 0.165 
273 z0178348   (13)    1 :  0.085 0.277 0.529 0.109 
274 z0187857    (3)    1 :  0.146 0.616 0.149 0.089 
275 z0187860    (0)    1 :  0.233 0.279 0.289 0.198 
276 z0187885    (0)    2 :  0.344 0.154 0.099 0.403 
277 z0187906   (10)    1 :  0.134 0.173 0.190 0.503 
278 z0195655    (0)    2 :  0.707 0.096 0.109 0.087 
279 z0195663    (1)    3 :  0.468 0.071 0.269 0.191 
280 z0195683    (1)    3 :  0.100 0.545 0.238 0.117 
281 z0195687   (22)    3 :  0.051 0.337 0.485 0.127 
282 z0195688    (0)    2 :  0.300 0.127 0.201 0.371 
283 z0195691    (1)    3 :  0.094 0.087 0.415 0.405 
284 z0195699    (0)    3 :  0.112 0.150 0.607 0.131 
285 z0195701    (8)    3 :  0.131 0.556 0.150 0.163 
286 z0195702    (0)    3 :  0.209 0.228 0.264 0.298 
287 z0195704    (1)    3 :  0.190 0.356 0.243 0.212 
288 z0195705    (1)    3 :  0.466 0.065 0.254 0.215 
289 z0195711    (0)    3 :  0.077 0.130 0.336 0.457 
290 z0195716    (0)    3 :  0.120 0.291 0.258 0.331 
291 z0195718   (13)    3 :  0.070 0.475 0.198 0.256 
292 z0195725    (5)    3 :  0.299 0.179 0.409 0.112 
293 z0195726   (17)    1 :  0.117 0.108 0.570 0.206 
294 z0195728   (14)    3 :  0.046 0.694 0.176 0.084 
295 z0195732   (16)    3 :  0.067 0.253 0.545 0.135 
296 z0195737    (1)    3 :  0.407 0.210 0.125 0.259 
297 z0195740   (30)    3 :  0.141 0.128 0.546 0.185 
298 z0195751    (1)    3 :  0.104 0.579 0.210 0.107 
299 z0195762    (2)    3 :  0.072 0.253 0.295 0.380 
300 z0195784    (0)    3 :  0.074 0.460 0.241 0.225 
301 z0196686    (0)    5 :  0.029 0.058 0.039 0.874 
302 z0196687    (0)    5 :  0.098 0.090 0.094 0.717 
303 z0196689    (1)    5 :  0.069 0.062 0.103 0.767 
304 z0196690    (3)    5 :  0.050 0.216 0.052 0.682 
305 z0196691    (9)    5 :  0.058 0.083 0.099 0.760 
306 z0196692    (1)    5 :  0.088 0.132 0.109 0.671 
307 z0196693    (2)    5 :  0.051 0.140 0.111 0.699 
308 z0196694    (3)    5 :  0.078 0.084 0.084 0.755 
309 z0196710    (0)    3 :  0.238 0.150 0.360 0.253 
310 z0196715   (23)    3 :  0.080 0.282 0.542 0.096 
311 z0196719    (0)    3 :  0.134 0.166 0.545 0.155 
312 z0196724   (20)    3 :  0.181 0.333 0.384 0.102 
313 z0196725    (1)    3 :  0.116 0.459 0.164 0.261 
314 z0196729    (3)    3 :  0.192 0.255 0.417 0.136 
315 z0196730    (3)    1 :  0.115 0.509 0.121 0.255 
316 z0196731    (1)    3 :  0.059 0.273 0.518 0.150 
317 z0196733   (17)    1 :  0.090 0.207 0.587 0.116 
318 z0196734    (2)    3 :  0.261 0.247 0.335 0.157 
319 z0196739   (18)    3 :  0.279 0.389 0.222 0.110 
320 z0196740   (10)    3 :  0.109 0.263 0.415 0.213 
321 z0196746    (3)    1 :  0.131 0.619 0.096 0.155 
322 z0196751    (0)    3 :  0.196 0.442 0.164 0.199 
323 z0196752    (0)    3 :  0.072 0.255 0.173 0.499 
324 z0196754    (0)    3 :  0.130 0.465 0.288 0.117 
325 z0196758    (2)    1 :  0.105 0.344 0.340 0.212 
326 z0196763    (2)    3 :  0.103 0.151 0.543 0.203 
327 z0196764    (1)    3 :  0.163 0.251 0.400 0.186 
328 z0196766    (0)    3 :  0.148 0.394 0.248 0.211 
329 z0196769    (1)    3 :  0.103 0.486 0.234 0.177 
330 z0196774    (1)    3 :  0.090 0.446 0.172 0.292 
331 z0196783    (0)    1 :  0.039 0.816 0.088 0.057 
332 z0196794    (2)    1 :  0.047 0.758 0.086 0.108 
333 z0196804   (15)    1 :  0.103 0.257 0.520 0.119 
334 z0196809   (15)    3 :  0.076 0.159 0.558 0.207 
335 z0196810    (2)    1 :  0.099 0.165 0.529 0.207 
336 z0196811    (1)    1 :  0.053 0.184 0.650 0.113 
337 z0196824    (0)    3 :  0.274 0.239 0.189 0.298 
338 z0196825    (1)    3 :  0.251 0.261 0.404 0.083 
339 z0196828    (1)    2 :  0.160 0.261 0.451 0.128 
340 z0196829    (0)    3 :  0.136 0.101 0.628 0.135 
341 z0196834   (28)    3 :  0.221 0.402 0.197 0.180 
342 z0196835    (0)    3 :  0.130 0.515 0.304 0.051 
343 z0196838    (2)    1 :  0.055 0.179 0.583 0.183 
344 z0196841   (22)    3 :  0.094 0.452 0.217 0.237 
345 z0196843   (27)    3 :  0.104 0.396 0.350 0.150 
346 z0196849    (1)    3 :  0.114 0.404 0.333 0.149 
347 z0196852    (1)    2 :  0.265 0.130 0.223 0.382 
348 z0196855    (0)    2 :  0.231 0.156 0.378 0.235 
349 z0196856    (1)    3 :  0.209 0.137 0.373 0.281 
350 z0196857    (0)    2 :  0.403 0.408 0.109 0.080 
351 z0196864    (2)    3 :  0.361 0.112 0.292 0.235 
352 z0196894    (0)    3 :  0.071 0.261 0.367 0.302 
353 z0197662    (3)    1 :  0.273 0.165 0.348 0.214 
354 z0197665    (2)    1 :  0.088 0.615 0.134 0.163 
355 z0197668   (20)    3 :  0.116 0.126 0.233 0.525 
356 z0197669    (1)    3 :  0.328 0.148 0.202 0.322 
357 z0197672    (1)    3 :  0.186 0.422 0.190 0.202 


Estimated Allele Frequencies in each cluster
First column gives estimated ancestral frequencies


Locus 1 : HI.v.HI.SEAK 
5 alleles
66.2% missing data
   0   (0.221) 0.204 0.133 0.133 0.291 
   4   (0.418) 0.052 0.611 0.658 0.308 
   1   (0.158) 0.677 0.067 0.081 0.157 
   2   (0.051) 0.037 0.016 0.025 0.034 
   3   (0.151) 0.030 0.172 0.102 0.209 

Locus 2 : Mnov_gtseq_1 
2 alleles
0.0% missing data
   0   (0.414) 0.343 0.357 0.424 0.471 
   1   (0.586) 0.657 0.643 0.576 0.529 

Locus 3 : Mnov_gtseq_10 
2 alleles
0.3% missing data
   0   (0.803) 0.941 0.734 0.705 0.919 
   1   (0.197) 0.059 0.266 0.295 0.081 

Locus 4 : Mnov_gtseq_102 
2 alleles
0.8% missing data
   0   (0.566) 0.712 0.423 0.624 0.550 
   1   (0.434) 0.288 0.577 0.376 0.450 

Locus 5 : Mnov_gtseq_104 
2 alleles
0.3% missing data
   0   (0.854) 0.949 0.720 0.846 0.954 
   1   (0.146) 0.051 0.280 0.154 0.046 

Locus 6 : Mnov_gtseq_106 
2 alleles
15.4% missing data
   1   (0.757) 0.797 0.798 0.791 0.724 
   0   (0.243) 0.203 0.202 0.209 0.276 

Locus 7 : Mnov_gtseq_107 
2 alleles
37.8% missing data
   1   (0.221) 0.480 0.176 0.168 0.142 
   0   (0.779) 0.520 0.824 0.832 0.858 

Locus 8 : Mnov_gtseq_111 
2 alleles
39.2% missing data
   1   (0.701) 0.507 0.583 0.765 0.846 
   0   (0.299) 0.493 0.417 0.235 0.154 

Locus 9 : Mnov_gtseq_112 
2 alleles
1.1% missing data
   0   (0.603) 0.725 0.747 0.563 0.432 
   1   (0.397) 0.275 0.253 0.437 0.568 

Locus 10 : Mnov_gtseq_113 
2 alleles
1.7% missing data
   1   (0.708) 0.674 0.796 0.731 0.671 
   0   (0.292) 0.326 0.204 0.269 0.329 

Locus 11 : Mnov_gtseq_114 
2 alleles
4.5% missing data
   0   (0.546) 0.329 0.577 0.648 0.512 
   1   (0.454) 0.671 0.423 0.352 0.488 

Locus 12 : Mnov_gtseq_117 
2 alleles
27.2% missing data
   0   (0.628) 0.842 0.543 0.601 0.620 
   1   (0.372) 0.158 0.457 0.399 0.380 

Locus 13 : Mnov_gtseq_118 
2 alleles
8.1% missing data
   0   (0.716) 0.865 0.529 0.768 0.747 
   1   (0.284) 0.135 0.471 0.232 0.253 

Locus 14 : Mnov_gtseq_12 
2 alleles
0.3% missing data
   0   (0.462) 0.247 0.504 0.422 0.629 
   1   (0.538) 0.753 0.496 0.578 0.371 

Locus 15 : Mnov_gtseq_124 
2 alleles
4.8% missing data
   1   (0.769) 0.874 0.728 0.674 0.895 
   0   (0.231) 0.126 0.272 0.326 0.105 

Locus 16 : Mnov_gtseq_125 
2 alleles
1.1% missing data
   1   (0.902) 0.665 0.982 0.914 0.939 
   0   (0.098) 0.335 0.018 0.086 0.061 

Locus 17 : Mnov_gtseq_126 
2 alleles
0.0% missing data
   0   (0.339) 0.320 0.133 0.399 0.519 
   1   (0.661) 0.680 0.867 0.601 0.481 

Locus 18 : Mnov_gtseq_127 
2 alleles
7.0% missing data
   0   (0.618) 0.458 0.711 0.632 0.639 
   1   (0.382) 0.542 0.289 0.368 0.361 

Locus 19 : Mnov_gtseq_128 
2 alleles
31.4% missing data
   0   (0.691) 0.681 0.808 0.689 0.640 
   1   (0.309) 0.319 0.192 0.311 0.360 

Locus 20 : Mnov_gtseq_129 
2 alleles
2.0% missing data
   0   (0.500) 0.637 0.497 0.521 0.371 
   1   (0.500) 0.363 0.503 0.479 0.629 

Locus 21 : Mnov_gtseq_13 
2 alleles
0.0% missing data
   0   (0.571) 0.597 0.523 0.433 0.796 
   1   (0.429) 0.403 0.477 0.567 0.204 

Locus 22 : Mnov_gtseq_130 
2 alleles
28.9% missing data
   1   (0.514) 0.429 0.450 0.529 0.631 
   0   (0.486) 0.571 0.550 0.471 0.369 

Locus 23 : Mnov_gtseq_135 
2 alleles
0.6% missing data
   1   (0.452) 0.579 0.451 0.417 0.394 
   0   (0.548) 0.421 0.549 0.583 0.606 

Locus 24 : Mnov_gtseq_138 
2 alleles
0.6% missing data
   0   (0.473) 0.397 0.419 0.539 0.467 
   1   (0.527) 0.603 0.581 0.461 0.533 

Locus 25 : Mnov_gtseq_140 
2 alleles
1.1% missing data
   0   (0.435) 0.645 0.415 0.462 0.260 
   1   (0.565) 0.355 0.585 0.538 0.740 

Locus 26 : Mnov_gtseq_141 
2 alleles
0.3% missing data
   0   (0.553) 0.561 0.721 0.529 0.423 
   1   (0.447) 0.439 0.279 0.471 0.577 

Locus 27 : Mnov_gtseq_143 
2 alleles
2.8% missing data
   1   (0.561) 0.503 0.676 0.625 0.390 
   0   (0.439) 0.497 0.324 0.375 0.610 

Locus 28 : Mnov_gtseq_145 
2 alleles
2.0% missing data
   0   (0.462) 0.472 0.580 0.435 0.353 
   1   (0.538) 0.528 0.420 0.565 0.647 

Locus 29 : Mnov_gtseq_147 
2 alleles
26.3% missing data
   0   (0.797) 0.481 0.831 0.917 0.765 
   1   (0.203) 0.519 0.169 0.083 0.235 

Locus 30 : Mnov_gtseq_148 
2 alleles
9.2% missing data
   0   (0.310) 0.134 0.227 0.351 0.429 
   1   (0.690) 0.866 0.773 0.649 0.571 

Locus 31 : Mnov_gtseq_149 
2 alleles
0.6% missing data
   0   (0.603) 0.564 0.592 0.668 0.565 
   1   (0.397) 0.436 0.408 0.332 0.435 

Locus 32 : Mnov_gtseq_15 
2 alleles
0.0% missing data
   0   (0.472) 0.409 0.594 0.422 0.449 
   1   (0.528) 0.591 0.406 0.578 0.551 

Locus 33 : Mnov_gtseq_152 
2 alleles
0.8% missing data
   0   (0.329) 0.396 0.381 0.243 0.300 
   1   (0.671) 0.604 0.619 0.757 0.700 

Locus 34 : Mnov_gtseq_154 
2 alleles
3.4% missing data
   0   (0.557) 0.409 0.629 0.572 0.572 
   1   (0.443) 0.591 0.371 0.428 0.428 

Locus 35 : Mnov_gtseq_155 
2 alleles
41.7% missing data
   0   (0.657) 0.700 0.663 0.672 0.666 
   1   (0.343) 0.300 0.337 0.328 0.334 

Locus 36 : Mnov_gtseq_157 
2 alleles
0.6% missing data
   1   (0.548) 0.649 0.580 0.506 0.524 
   0   (0.452) 0.351 0.420 0.494 0.476 

Locus 37 : Mnov_gtseq_158 
2 alleles
0.6% missing data
   0   (0.408) 0.072 0.692 0.450 0.369 
   1   (0.592) 0.928 0.308 0.550 0.631 

Locus 38 : Mnov_gtseq_159 
2 alleles
24.6% missing data
   0   (0.616) 0.418 0.687 0.727 0.515 
   1   (0.384) 0.582 0.313 0.273 0.485 

Locus 39 : Mnov_gtseq_16 
2 alleles
0.0% missing data
   0   (0.634) 0.540 0.684 0.566 0.774 
   1   (0.366) 0.460 0.316 0.434 0.226 

Locus 40 : Mnov_gtseq_160 
2 alleles
2.5% missing data
   0   (0.497) 0.403 0.474 0.593 0.445 
   1   (0.503) 0.597 0.526 0.407 0.555 

Locus 41 : Mnov_gtseq_161 
2 alleles
2.0% missing data
   1   (0.754) 0.808 0.726 0.758 0.826 
   0   (0.246) 0.192 0.274 0.242 0.174 

Locus 42 : Mnov_gtseq_162 
2 alleles
2.2% missing data
   1   (0.424) 0.496 0.620 0.334 0.280 
   0   (0.576) 0.504 0.380 0.666 0.720 

Locus 43 : Mnov_gtseq_167 
2 alleles
1.1% missing data
   1   (0.782) 0.887 0.734 0.781 0.848 
   0   (0.218) 0.113 0.266 0.219 0.152 

Locus 44 : Mnov_gtseq_17 
2 alleles
0.0% missing data
   0   (0.513) 0.460 0.631 0.444 0.538 
   1   (0.487) 0.540 0.369 0.556 0.462 

Locus 45 : Mnov_gtseq_170 
2 alleles
0.0% missing data
   0   (0.315) 0.213 0.256 0.331 0.353 
   1   (0.685) 0.787 0.744 0.669 0.647 

Locus 46 : Mnov_gtseq_171 
2 alleles
42.0% missing data
   1   (0.681) 0.728 0.587 0.696 0.784 
   0   (0.319) 0.272 0.413 0.304 0.216 

Locus 47 : Mnov_gtseq_173 
2 alleles
21.8% missing data
   1   (0.468) 0.727 0.266 0.387 0.647 
   0   (0.532) 0.273 0.734 0.613 0.353 

Locus 48 : Mnov_gtseq_174 
2 alleles
2.8% missing data
   0   (0.289) 0.450 0.259 0.220 0.263 
   1   (0.711) 0.550 0.741 0.780 0.737 

Locus 49 : Mnov_gtseq_180 
2 alleles
14.0% missing data
   0   (0.642) 0.911 0.573 0.710 0.373 
   1   (0.358) 0.089 0.427 0.290 0.627 

Locus 50 : Mnov_gtseq_182 
2 alleles
9.0% missing data
   0   (0.822) 0.821 0.692 0.861 0.942 
   1   (0.178) 0.179 0.308 0.139 0.058 

Locus 51 : Mnov_gtseq_186 
2 alleles
27.7% missing data
   0   (0.523) 0.473 0.540 0.518 0.553 
   1   (0.477) 0.527 0.460 0.482 0.447 

Locus 52 : Mnov_gtseq_187 
2 alleles
7.6% missing data
   1   (0.574) 0.725 0.589 0.571 0.489 
   0   (0.426) 0.275 0.411 0.429 0.511 

Locus 53 : Mnov_gtseq_188 
2 alleles
13.4% missing data
   0   (0.559) 0.637 0.515 0.349 0.831 
   1   (0.441) 0.363 0.485 0.651 0.169 

Locus 54 : Mnov_gtseq_189 
2 alleles
3.6% missing data
   0   (0.450) 0.492 0.588 0.450 0.266 
   1   (0.550) 0.508 0.412 0.550 0.734 

Locus 55 : Mnov_gtseq_19 
2 alleles
0.0% missing data
   1   (0.933) 0.809 0.991 0.981 0.872 
   0   (0.067) 0.191 0.009 0.019 0.128 

Locus 56 : Mnov_gtseq_190 
2 alleles
0.0% missing data
   1   (0.419) 0.337 0.371 0.463 0.420 
   0   (0.581) 0.663 0.629 0.537 0.580 

Locus 57 : Mnov_gtseq_191 
2 alleles
26.3% missing data
   0   (0.885) 0.988 0.910 0.856 0.852 
   1   (0.115) 0.012 0.090 0.144 0.148 

Locus 58 : Mnov_gtseq_192 
2 alleles
21.0% missing data
   0   (0.811) 0.810 0.799 0.836 0.888 
   1   (0.189) 0.190 0.201 0.164 0.112 

Locus 59 : Mnov_gtseq_193 
2 alleles
0.0% missing data
   0   (0.706) 0.793 0.751 0.722 0.636 
   1   (0.294) 0.207 0.249 0.278 0.364 

Locus 60 : Mnov_gtseq_195 
2 alleles
0.0% missing data
   0   (0.549) 0.515 0.423 0.544 0.722 
   1   (0.451) 0.485 0.577 0.456 0.278 

Locus 61 : Mnov_gtseq_196 
2 alleles
0.3% missing data
   0   (0.320) 0.132 0.468 0.241 0.408 
   1   (0.680) 0.868 0.532 0.759 0.592 

Locus 62 : Mnov_gtseq_197 
3 alleles
0.3% missing data
   1   (0.382) 0.297 0.475 0.317 0.399 
   0   (0.438) 0.633 0.414 0.532 0.241 
   2   (0.180) 0.069 0.112 0.151 0.360 

Locus 63 : Mnov_gtseq_2 
2 alleles
0.3% missing data
   0   (0.196) 0.240 0.069 0.243 0.194 
   1   (0.804) 0.760 0.931 0.757 0.806 

Locus 64 : Mnov_gtseq_200 
2 alleles
2.8% missing data
   0   (0.408) 0.673 0.339 0.375 0.318 
   1   (0.592) 0.327 0.661 0.625 0.682 

Locus 65 : Mnov_gtseq_201 
2 alleles
0.0% missing data
   0   (0.865) 0.981 0.751 0.850 0.924 
   1   (0.135) 0.019 0.249 0.150 0.076 

Locus 66 : Mnov_gtseq_202 
2 alleles
0.0% missing data
   0   (0.429) 0.565 0.419 0.444 0.311 
   1   (0.571) 0.435 0.581 0.556 0.689 

Locus 67 : Mnov_gtseq_204 
2 alleles
3.9% missing data
   0   (0.445) 0.549 0.476 0.380 0.421 
   1   (0.555) 0.451 0.524 0.620 0.579 

Locus 68 : Mnov_gtseq_205 
3 alleles
0.0% missing data
   0   (0.231) 0.209 0.271 0.200 0.181 
   2   (0.704) 0.729 0.706 0.774 0.750 
   1   (0.066) 0.062 0.023 0.026 0.069 

Locus 69 : Mnov_gtseq_208 
2 alleles
0.0% missing data
   0   (0.641) 0.393 0.715 0.735 0.606 
   1   (0.359) 0.607 0.285 0.265 0.394 

Locus 70 : Mnov_gtseq_209 
2 alleles
0.0% missing data
   0   (0.448) 0.598 0.416 0.437 0.375 
   1   (0.552) 0.402 0.584 0.563 0.625 

Locus 71 : Mnov_gtseq_21 
2 alleles
0.0% missing data
   1   (0.537) 0.314 0.613 0.571 0.577 
   0   (0.463) 0.686 0.387 0.429 0.423 

Locus 72 : Mnov_gtseq_210 
2 alleles
5.0% missing data
   0   (0.398) 0.202 0.590 0.368 0.356 
   1   (0.602) 0.798 0.410 0.632 0.644 

Locus 73 : Mnov_gtseq_213 
2 alleles
5.6% missing data
   0   (0.511) 0.387 0.548 0.577 0.467 
   1   (0.489) 0.613 0.452 0.423 0.533 

Locus 74 : Mnov_gtseq_214 
2 alleles
5.3% missing data
   0   (0.545) 0.752 0.474 0.608 0.387 
   1   (0.455) 0.248 0.526 0.392 0.613 

Locus 75 : Mnov_gtseq_215 
2 alleles
0.0% missing data
   0   (0.448) 0.568 0.418 0.379 0.467 
   1   (0.552) 0.432 0.582 0.621 0.533 

Locus 76 : Mnov_gtseq_216 
2 alleles
0.0% missing data
   1   (0.525) 0.670 0.440 0.441 0.648 
   0   (0.475) 0.330 0.560 0.559 0.352 

Locus 77 : Mnov_gtseq_217 
2 alleles
24.4% missing data
   0   (0.320) 0.175 0.306 0.379 0.281 
   1   (0.680) 0.825 0.694 0.621 0.719 

Locus 78 : Mnov_gtseq_218 
2 alleles
0.3% missing data
   0   (0.604) 0.779 0.381 0.578 0.766 
   1   (0.396) 0.221 0.619 0.422 0.234 

Locus 79 : Mnov_gtseq_22 
2 alleles
3.9% missing data
   1   (0.588) 0.752 0.566 0.562 0.554 
   0   (0.412) 0.248 0.434 0.438 0.446 

Locus 80 : Mnov_gtseq_220 
2 alleles
0.3% missing data
   0   (0.522) 0.669 0.486 0.460 0.582 
   1   (0.478) 0.331 0.514 0.540 0.418 

Locus 81 : Mnov_gtseq_222 
2 alleles
14.3% missing data
   0   (0.512) 0.672 0.245 0.475 0.755 
   1   (0.488) 0.328 0.755 0.525 0.245 

Locus 82 : Mnov_gtseq_223 
2 alleles
2.5% missing data
   0   (0.646) 0.624 0.783 0.557 0.670 
   1   (0.354) 0.376 0.217 0.443 0.330 

Locus 83 : Mnov_gtseq_225 
2 alleles
0.0% missing data
   0   (0.524) 0.502 0.576 0.631 0.334 
   1   (0.476) 0.498 0.424 0.369 0.666 

Locus 84 : Mnov_gtseq_227 
2 alleles
0.3% missing data
   0   (0.512) 0.648 0.442 0.424 0.642 
   1   (0.488) 0.352 0.558 0.576 0.358 

Locus 85 : Mnov_gtseq_229 
2 alleles
0.8% missing data
   1   (0.532) 0.658 0.574 0.428 0.575 
   0   (0.468) 0.342 0.426 0.572 0.425 

Locus 86 : Mnov_gtseq_230 
2 alleles
10.4% missing data
   0   (0.770) 0.893 0.724 0.614 0.927 
   1   (0.230) 0.107 0.276 0.386 0.073 

Locus 87 : Mnov_gtseq_232 
2 alleles
0.0% missing data
   0   (0.478) 0.735 0.470 0.443 0.358 
   1   (0.522) 0.265 0.530 0.557 0.642 

Locus 88 : Mnov_gtseq_234 
2 alleles
9.8% missing data
   0   (0.726) 0.845 0.694 0.735 0.749 
   1   (0.274) 0.155 0.306 0.265 0.251 

Locus 89 : Mnov_gtseq_235 
2 alleles
0.3% missing data
   0   (0.779) 0.900 0.740 0.730 0.868 
   1   (0.221) 0.100 0.260 0.270 0.132 

Locus 90 : Mnov_gtseq_237 
2 alleles
0.3% missing data
   0   (0.549) 0.775 0.443 0.553 0.498 
   1   (0.451) 0.225 0.557 0.447 0.502 

Locus 91 : Mnov_gtseq_238 
2 alleles
0.0% missing data
   0   (0.608) 0.817 0.694 0.509 0.535 
   1   (0.392) 0.183 0.306 0.491 0.465 

Locus 92 : Mnov_gtseq_239 
2 alleles
0.0% missing data
   0   (0.717) 0.746 0.692 0.729 0.782 
   1   (0.283) 0.254 0.308 0.271 0.218 

Locus 93 : Mnov_gtseq_240 
2 alleles
0.0% missing data
   1   (0.405) 0.401 0.282 0.487 0.405 
   0   (0.595) 0.599 0.718 0.513 0.595 

Locus 94 : Mnov_gtseq_241 
2 alleles
0.0% missing data
   0   (0.839) 0.848 0.789 0.897 0.901 
   1   (0.161) 0.152 0.211 0.103 0.099 

Locus 95 : Mnov_gtseq_243 
2 alleles
0.0% missing data
   0   (0.592) 0.579 0.450 0.655 0.673 
   1   (0.408) 0.421 0.550 0.345 0.327 

Locus 96 : Mnov_gtseq_244 
2 alleles
0.0% missing data
   0   (0.337) 0.448 0.406 0.308 0.200 
   1   (0.663) 0.552 0.594 0.692 0.800 

Locus 97 : Mnov_gtseq_245 
2 alleles
20.7% missing data
   1   (0.514) 0.642 0.525 0.532 0.394 
   0   (0.486) 0.358 0.475 0.468 0.606 

Locus 98 : Mnov_gtseq_246 
2 alleles
0.3% missing data
   0   (0.456) 0.528 0.445 0.592 0.226 
   1   (0.544) 0.472 0.555 0.408 0.774 

Locus 99 : Mnov_gtseq_247 
2 alleles
3.4% missing data
   0   (0.299) 0.162 0.187 0.350 0.409 
   1   (0.701) 0.838 0.813 0.650 0.591 

Locus 100 : Mnov_gtseq_248 
2 alleles
0.3% missing data
   0   (0.232) 0.395 0.086 0.214 0.290 
   1   (0.768) 0.605 0.914 0.786 0.710 

Locus 101 : Mnov_gtseq_25 
2 alleles
0.3% missing data
   0   (0.449) 0.648 0.562 0.348 0.331 
   1   (0.551) 0.352 0.438 0.652 0.669 

Locus 102 : Mnov_gtseq_250 
2 alleles
3.9% missing data
   0   (0.794) 0.685 0.650 0.902 0.866 
   1   (0.206) 0.315 0.350 0.098 0.134 

Locus 103 : Mnov_gtseq_251 
2 alleles
2.0% missing data
   1   (0.211) 0.203 0.099 0.296 0.143 
   0   (0.789) 0.797 0.901 0.704 0.857 

Locus 104 : Mnov_gtseq_253 
2 alleles
16.2% missing data
   0   (0.465) 0.508 0.373 0.400 0.631 
   1   (0.535) 0.492 0.627 0.600 0.369 

Locus 105 : Mnov_gtseq_254 
2 alleles
0.0% missing data
   1   (0.907) 0.990 0.949 0.854 0.931 
   0   (0.093) 0.010 0.051 0.146 0.069 

Locus 106 : Mnov_gtseq_255 
2 alleles
0.0% missing data
   0   (0.348) 0.490 0.425 0.267 0.258 
   1   (0.652) 0.510 0.575 0.733 0.742 

Locus 107 : Mnov_gtseq_257 
2 alleles
0.0% missing data
   0   (0.629) 0.464 0.724 0.722 0.512 
   1   (0.371) 0.536 0.276 0.278 0.488 

Locus 108 : Mnov_gtseq_258 
2 alleles
0.0% missing data
   0   (0.515) 0.616 0.373 0.477 0.671 
   1   (0.485) 0.384 0.627 0.523 0.329 

Locus 109 : Mnov_gtseq_26 
2 alleles
0.0% missing data
   1   (0.894) 0.967 0.947 0.848 0.937 
   0   (0.106) 0.033 0.053 0.152 0.063 

Locus 110 : Mnov_gtseq_260 
2 alleles
0.3% missing data
   0   (0.760) 0.771 0.888 0.739 0.706 
   1   (0.240) 0.229 0.112 0.261 0.294 

Locus 111 : Mnov_gtseq_261 
2 alleles
0.6% missing data
   0   (0.502) 0.559 0.355 0.644 0.405 
   1   (0.498) 0.441 0.645 0.356 0.595 

Locus 112 : Mnov_gtseq_262 
2 alleles
3.1% missing data
   0   (0.415) 0.547 0.384 0.347 0.454 
   1   (0.585) 0.453 0.616 0.653 0.546 

Locus 113 : Mnov_gtseq_263 
2 alleles
0.0% missing data
   1   (0.820) 0.912 0.741 0.850 0.876 
   0   (0.180) 0.088 0.259 0.150 0.124 

Locus 114 : Mnov_gtseq_265 
2 alleles
0.0% missing data
   0   (0.447) 0.594 0.346 0.385 0.530 
   1   (0.553) 0.406 0.654 0.615 0.470 

Locus 115 : Mnov_gtseq_268 
2 alleles
0.0% missing data
   0   (0.582) 0.653 0.376 0.601 0.737 
   1   (0.418) 0.347 0.624 0.399 0.263 

Locus 116 : Mnov_gtseq_269 
2 alleles
1.1% missing data
   1   (0.490) 0.432 0.427 0.618 0.408 
   0   (0.510) 0.568 0.573 0.382 0.592 

Locus 117 : Mnov_gtseq_270 
2 alleles
11.8% missing data
   1   (0.770) 0.789 0.834 0.727 0.848 
   0   (0.230) 0.211 0.166 0.273 0.152 

Locus 118 : Mnov_gtseq_271 
2 alleles
10.9% missing data
   0   (0.629) 0.590 0.639 0.616 0.698 
   1   (0.371) 0.410 0.361 0.384 0.302 

Locus 119 : Mnov_gtseq_273 
2 alleles
1.4% missing data
   1   (0.529) 0.613 0.571 0.499 0.479 
   0   (0.471) 0.387 0.429 0.501 0.521 

Locus 120 : Mnov_gtseq_274 
2 alleles
0.0% missing data
   1   (0.499) 0.395 0.471 0.541 0.536 
   0   (0.501) 0.605 0.529 0.459 0.464 

Locus 121 : Mnov_gtseq_275 
2 alleles
13.7% missing data
   1   (0.765) 0.714 0.713 0.853 0.796 
   0   (0.235) 0.286 0.287 0.147 0.204 

Locus 122 : Mnov_gtseq_277 
2 alleles
0.0% missing data
   0   (0.806) 0.880 0.889 0.812 0.735 
   1   (0.194) 0.120 0.111 0.188 0.265 

Locus 123 : Mnov_gtseq_278 
2 alleles
1.1% missing data
   0   (0.883) 0.976 0.782 0.917 0.924 
   1   (0.117) 0.024 0.218 0.083 0.076 

Locus 124 : Mnov_gtseq_28 
2 alleles
0.3% missing data
   0   (0.764) 0.799 0.822 0.758 0.789 
   1   (0.236) 0.201 0.178 0.242 0.211 

Locus 125 : Mnov_gtseq_284 
2 alleles
0.0% missing data
   1   (0.640) 0.628 0.710 0.660 0.590 
   0   (0.360) 0.372 0.290 0.340 0.410 

Locus 126 : Mnov_gtseq_285 
2 alleles
0.0% missing data
   1   (0.762) 0.627 0.827 0.755 0.854 
   0   (0.238) 0.373 0.173 0.245 0.146 

Locus 127 : Mnov_gtseq_287 
2 alleles
0.0% missing data
   0   (0.781) 0.622 0.809 0.810 0.877 
   1   (0.219) 0.378 0.191 0.190 0.123 

Locus 128 : Mnov_gtseq_288 
2 alleles
16.2% missing data
   0   (0.617) 0.680 0.577 0.623 0.643 
   1   (0.383) 0.320 0.423 0.377 0.357 

Locus 129 : Mnov_gtseq_289 
2 alleles
0.0% missing data
   0   (0.463) 0.462 0.414 0.515 0.412 
   1   (0.537) 0.538 0.586 0.485 0.588 

Locus 130 : Mnov_gtseq_291 
2 alleles
0.3% missing data
   1   (0.698) 0.603 0.721 0.745 0.737 
   0   (0.302) 0.397 0.279 0.255 0.263 

Locus 131 : Mnov_gtseq_297 
2 alleles
0.0% missing data
   0   (0.665) 0.788 0.553 0.732 0.633 
   1   (0.335) 0.212 0.447 0.268 0.367 

Locus 132 : Mnov_gtseq_298 
2 alleles
36.4% missing data
   1   (0.614) 0.825 0.576 0.637 0.477 
   0   (0.386) 0.175 0.424 0.363 0.523 

Locus 133 : Mnov_gtseq_299 
2 alleles
1.1% missing data
   1   (0.572) 0.470 0.554 0.635 0.593 
   0   (0.428) 0.530 0.446 0.365 0.407 

Locus 134 : Mnov_gtseq_30 
3 alleles
16.2% missing data
   1   (0.554) 0.374 0.631 0.662 0.480 
   2   (0.422) 0.624 0.354 0.329 0.514 
   0   (0.024) 0.001 0.015 0.009 0.005 

Locus 135 : Mnov_gtseq_300 
2 alleles
5.6% missing data
   0   (0.592) 0.622 0.571 0.608 0.602 
   1   (0.408) 0.378 0.429 0.392 0.398 

Locus 136 : Mnov_gtseq_301 
3 alleles
5.6% missing data
   0   (0.382) 0.296 0.534 0.292 0.455 
   2   (0.399) 0.535 0.304 0.416 0.403 
   1   (0.219) 0.170 0.162 0.292 0.142 

