

----------------------------------------------------
STRUCTURE by Pritchard, Stephens and Donnelly (2000)
     and Falush, Stephens and Pritchard (2003)
       Code by Pritchard, Falush and Hubisz
             Version 2.3.4 (Jul 2012)
----------------------------------------------------



Command line arguments:   structure -m wint.area.structureRun/wint.area.structureRun.k3.r2_mainparams -e wint.area.structureRun/wint.area.structureRun.k3.r2_extraparams -i wint.area.structureRun/wint.area.structureRun.k3.r2_data -o wint.area.structureRun/wint.area.structureRun.k3.r2_out 
Input File:    wint.area.structureRun/wint.area.structureRun.k3.r2_data

Run parameters:
   357 individuals
   328 loci
   3 populations assumed
   1000 Burn-in period
   10000 Reps


--------------------------------------------
Proportion of membership of each pre-defined
 population in each of the 3 clusters

Given    Inferred Clusters       Number of
 Pop       1      2      3      Individuals

  1:     0.334  0.168  0.498       80
  2:     0.251  0.562  0.187      126
  3:     0.367  0.249  0.384      115
  4:     0.352  0.383  0.265       27
  5:     0.771  0.117  0.112        9
--------------------------------------------

Allele-freq. divergence among pops (Net nucleotide distance),
computed using point estimates of P.

      1       2       3      
 1      -    0.0195  0.0123  
 2   0.0195     -    0.0279  
 3   0.0123  0.0279     -    

Average distances (expected heterozygosity) between individuals in same cluster:
cluster  1  : 0.4157 
cluster  2  : 0.4061 
cluster  3  : 0.4176 

--------------------------------------------
Estimated Ln Prob of Data   = -134325.3
Mean value of ln likelihood = -133794.3
Variance of ln likelihood   = 1062.0
Mean value of alpha         = 1.0000

Mean value of Fst_1         = 0.0310
Mean value of Fst_2         = 0.0965
Mean value of Fst_3         = 0.0632


Inferred ancestry of individuals:
        Label (%Miss) Pop:  Inferred clusters
  1   207778    (2)    2 :  0.223 0.580 0.197 
  2 z0005757    (7)    3 :  0.376 0.328 0.296 
  3 z0005758    (0)    3 :  0.430 0.111 0.460 
  4 z0011944    (0)    1 :  0.759 0.175 0.065 
  5 z0012702   (10)    4 :  0.107 0.819 0.074 
  6 z0016577    (2)    3 :  0.356 0.375 0.269 
  7 z0016578   (21)    1 :  0.301 0.103 0.596 
  8 z0016579    (1)    3 :  0.573 0.197 0.230 
  9 z0018264    (0)    1 :  0.664 0.251 0.085 
 10 z0029828    (2)    3 :  0.122 0.251 0.627 
 11 z0029829   (14)    1 :  0.104 0.170 0.726 
 12 z0029846   (14)    1 :  0.578 0.157 0.265 
 13 z0029860    (1)    3 :  0.135 0.133 0.732 
 14 z0029863    (2)    1 :  0.727 0.146 0.127 
 15 z0029864    (8)    1 :  0.617 0.118 0.264 
 16 z0029865   (13)    3 :  0.481 0.104 0.415 
 17 z0037607    (2)    3 :  0.531 0.279 0.189 
 18 z0037609   (25)    3 :  0.622 0.146 0.231 
 19 z0037624   (21)    1 :  0.251 0.245 0.505 
 20 z0038417    (8)    2 :  0.164 0.740 0.096 
 21 z0040275    (9)    2 :  0.297 0.606 0.097 
 22 z0040287    (3)    2 :  0.393 0.416 0.190 
 23 z0040308    (1)    2 :  0.181 0.680 0.138 
 24 z0040333    (1)    2 :  0.204 0.572 0.224 
 25 z0040334    (1)    2 :  0.084 0.857 0.060 
 26 z0040337    (6)    2 :  0.304 0.429 0.267 
 27 z0040345    (1)    2 :  0.206 0.738 0.056 
 28 z0040357    (5)    2 :  0.244 0.618 0.139 
 29 z0040363   (20)    2 :  0.169 0.574 0.257 
 30 z0040364    (0)    2 :  0.120 0.769 0.111 
 31 z0040387    (1)    2 :  0.169 0.656 0.175 
 32 z0040403   (15)    2 :  0.260 0.537 0.203 
 33 z0040413   (43)    2 :  0.246 0.617 0.137 
 34 z0040439    (0)    2 :  0.122 0.820 0.058 
 35 z0040465   (20)    2 :  0.326 0.422 0.252 
 36 z0040513   (17)    3 :  0.154 0.398 0.448 
 37 z0040961   (12)    2 :  0.324 0.543 0.133 
 38 z0040985   (16)    2 :  0.453 0.436 0.111 
 39 z0041026    (0)    2 :  0.117 0.703 0.180 
 40 z0041051   (28)    2 :  0.382 0.521 0.097 
 41 z0041115    (7)    2 :  0.145 0.647 0.208 
 42 z0041153   (23)    2 :  0.465 0.379 0.156 
 43 z0041233    (4)    2 :  0.236 0.477 0.287 
 44 z0041243    (1)    2 :  0.412 0.435 0.153 
 45 z0041248    (6)    2 :  0.167 0.663 0.170 
 46 z0041250    (1)    2 :  0.180 0.717 0.103 
 47 z0041274    (2)    2 :  0.279 0.551 0.170 
 48 z0041465   (15)    2 :  0.096 0.603 0.301 
 49 z0041472    (2)    2 :  0.110 0.621 0.269 
 50 z0041480   (10)    2 :  0.279 0.412 0.310 
 51 z0041483    (0)    2 :  0.134 0.749 0.117 
 52 z0041494   (12)    2 :  0.215 0.656 0.129 
 53 z0041498    (1)    2 :  0.177 0.564 0.260 
 54 z0041501    (1)    2 :  0.122 0.812 0.067 
 55 z0041507    (7)    2 :  0.189 0.662 0.149 
 56 z0041512    (0)    2 :  0.109 0.778 0.114 
 57 z0041522   (17)    2 :  0.176 0.564 0.260 
 58 z0041526    (1)    3 :  0.222 0.595 0.183 
 59 z0041527   (16)    2 :  0.180 0.612 0.208 
 60 z0043243    (2)    2 :  0.463 0.175 0.361 
 61 z0043278    (2)    2 :  0.113 0.786 0.102 
 62 z0043475   (17)    3 :  0.270 0.406 0.324 
 63 z0043477    (0)    2 :  0.341 0.483 0.176 
 64 z0043478    (2)    2 :  0.068 0.846 0.086 
 65 z0043481    (0)    2 :  0.167 0.655 0.178 
 66 z0043489    (7)    2 :  0.160 0.775 0.065 
 67 z0043491   (13)    2 :  0.357 0.502 0.140 
 68 z0043493    (3)    2 :  0.460 0.446 0.094 
 69 z0043494    (2)    2 :  0.375 0.451 0.175 
 70 z0043498    (2)    2 :  0.092 0.742 0.166 
 71 z0043504    (7)    2 :  0.480 0.399 0.121 
 72 z0043526    (3)    4 :  0.371 0.453 0.176 
 73 z0043566    (3)    2 :  0.232 0.593 0.175 
 74 z0043572    (0)    2 :  0.152 0.615 0.233 
 75 z0043599    (5)    2 :  0.277 0.498 0.225 
 76 z0043642    (1)    2 :  0.278 0.412 0.310 
 77 z0043649    (1)    2 :  0.150 0.753 0.098 
 78 z0043652    (1)    2 :  0.405 0.377 0.218 
 79 z0043668    (1)    2 :  0.204 0.419 0.377 
 80 z0043674    (1)    4 :  0.402 0.075 0.522 
 81 z0043686    (1)    2 :  0.349 0.428 0.223 
 82 z0043693    (1)    2 :  0.197 0.499 0.304 
 83 z0043704   (15)    2 :  0.159 0.755 0.086 
 84 z0043807    (1)    2 :  0.210 0.563 0.227 
 85 z0043819    (1)    2 :  0.438 0.297 0.265 
 86 z0043876    (7)    2 :  0.279 0.322 0.400 
 87 z0043877   (33)    2 :  0.213 0.504 0.283 
 88 z0043891   (21)    4 :  0.431 0.256 0.312 
 89 z0043915   (33)    2 :  0.378 0.385 0.238 
 90 z0043940   (10)    2 :  0.672 0.148 0.181 
 91 z0043954    (2)    2 :  0.407 0.394 0.200 
 92 z0043966    (5)    2 :  0.138 0.710 0.152 
 93 z0043980    (0)    2 :  0.143 0.496 0.361 
 94 z0043994    (1)    3 :  0.109 0.781 0.110 
 95 z0044017   (12)    2 :  0.407 0.476 0.117 
 96 z0044019   (14)    2 :  0.228 0.544 0.228 
 97 z0044023   (36)    2 :  0.078 0.772 0.150 
 98 z0044033    (0)    2 :  0.052 0.879 0.069 
 99 z0044042    (3)    2 :  0.090 0.770 0.140 
100 z0044047   (25)    2 :  0.221 0.668 0.110 
101 z0044064   (13)    2 :  0.356 0.531 0.113 
102 z0044432   (14)    2 :  0.209 0.438 0.353 
103 z0045326    (0)    3 :  0.310 0.202 0.488 
104 z0045331    (5)    1 :  0.309 0.206 0.485 
105 z0045332    (2)    1 :  0.382 0.287 0.331 
106 z0045333    (6)    1 :  0.228 0.153 0.619 
107 z0045337    (5)    1 :  0.150 0.177 0.673 
108 z0045342   (13)    1 :  0.153 0.244 0.603 
109 z0045347    (1)    3 :  0.566 0.214 0.220 
110 z0045350    (0)    1 :  0.537 0.181 0.281 
111 z0045370    (1)    1 :  0.132 0.045 0.823 
112 z0045371    (1)    3 :  0.503 0.248 0.249 
113 z0045398    (1)    3 :  0.465 0.078 0.457 
114 z0045399    (1)    3 :  0.616 0.075 0.309 
115 z0045401   (26)    1 :  0.335 0.269 0.396 
116 z0045404    (0)    3 :  0.255 0.093 0.652 
117 z0045405    (5)    3 :  0.648 0.098 0.254 
118 z0045407    (2)    3 :  0.664 0.127 0.210 
119 z0045719    (0)    2 :  0.169 0.702 0.129 
120 z0045720    (1)    2 :  0.291 0.475 0.235 
121 z0045728    (1)    2 :  0.166 0.653 0.180 
122 z0045731    (1)    2 :  0.416 0.463 0.121 
123 z0045733    (0)    2 :  0.206 0.453 0.340 
124 z0045736    (1)    2 :  0.462 0.338 0.199 
125 z0045739    (1)    2 :  0.544 0.231 0.224 
126 z0045740    (1)    2 :  0.167 0.738 0.095 
127 z0045741    (0)    2 :  0.196 0.716 0.088 
128 z0045742    (0)    2 :  0.144 0.619 0.237 
129 z0045776    (1)    3 :  0.224 0.558 0.218 
130 z0045779    (0)    2 :  0.099 0.784 0.117 
131 z0045781    (0)    2 :  0.310 0.592 0.097 
132 z0045788    (5)    2 :  0.155 0.775 0.071 
133 z0045789    (2)    2 :  0.130 0.745 0.124 
134 z0045791    (5)    2 :  0.195 0.643 0.161 
135 z0045792   (23)    1 :  0.229 0.357 0.414 
136 z0045793    (0)    3 :  0.076 0.257 0.666 
137 z0047562   (15)    2 :  0.212 0.636 0.152 
138 z0047854    (1)    2 :  0.340 0.501 0.159 
139 z0051185    (1)    1 :  0.419 0.096 0.485 
140 z0051324    (6)    1 :  0.263 0.106 0.631 
141 z0051326    (0)    1 :  0.305 0.106 0.589 
142 z0051327    (4)    3 :  0.357 0.403 0.240 
143 z0051328    (3)    1 :  0.160 0.214 0.626 
144 z0051380    (0)    1 :  0.301 0.050 0.649 
145 z0051400    (0)    3 :  0.216 0.299 0.485 
146 z0051431   (23)    3 :  0.295 0.483 0.221 
147 z0051840   (34)    2 :  0.176 0.638 0.186 
148 z0051844   (27)    2 :  0.378 0.528 0.094 
149 z0051875   (29)    3 :  0.280 0.192 0.527 
150 z0051885    (8)    3 :  0.238 0.599 0.164 
151 z0051888    (1)    2 :  0.111 0.500 0.389 
152 z0051891    (1)    1 :  0.384 0.283 0.332 
153 z0051893    (4)    1 :  0.160 0.165 0.675 
154 z0051895    (0)    3 :  0.164 0.180 0.656 
155 z0051918    (1)    3 :  0.439 0.470 0.092 
156 z0051929    (1)    1 :  0.215 0.150 0.634 
157 z0051939   (12)    3 :  0.238 0.449 0.313 
158 z0051947    (3)    1 :  0.090 0.128 0.783 
159 z0051959    (2)    3 :  0.498 0.276 0.225 
160 z0052846    (0)    4 :  0.264 0.427 0.309 
161 z0052882    (1)    2 :  0.218 0.427 0.355 
162 z0053020   (22)    2 :  0.362 0.537 0.101 
163 z0053024   (13)    2 :  0.403 0.328 0.269 
164 z0053025    (5)    2 :  0.171 0.761 0.068 
165 z0053031    (0)    2 :  0.412 0.366 0.222 
166 z0053032    (1)    2 :  0.250 0.531 0.219 
167 z0053040    (5)    2 :  0.260 0.505 0.236 
168 z0053051    (1)    3 :  0.571 0.144 0.285 
169 z0053054    (6)    3 :  0.338 0.154 0.508 
170 z0053071    (3)    2 :  0.113 0.701 0.186 
171 z0053073    (2)    2 :  0.530 0.217 0.253 
172 z0053078    (1)    3 :  0.499 0.438 0.063 
173 z0053082    (2)    3 :  0.125 0.608 0.266 
174 z0053083   (12)    2 :  0.292 0.501 0.207 
175 z0053090   (11)    3 :  0.333 0.563 0.104 
176 z0053096    (0)    2 :  0.165 0.765 0.070 
177 z0053100    (8)    2 :  0.222 0.636 0.142 
178 z0053101    (0)    2 :  0.369 0.530 0.101 
179 z0053102    (9)    2 :  0.158 0.643 0.199 
180 z0053103    (1)    2 :  0.070 0.834 0.096 
181 z0053111    (2)    3 :  0.426 0.201 0.373 
182 z0053131    (0)    2 :  0.203 0.465 0.332 
183 z0053132    (0)    2 :  0.417 0.509 0.073 
184 z0053133    (1)    2 :  0.508 0.217 0.275 
185 z0053138    (0)    2 :  0.254 0.361 0.385 
186 z0053142    (3)    2 :  0.168 0.592 0.240 
187 z0053149    (1)    2 :  0.269 0.620 0.111 
188 z0053754    (1)    1 :  0.536 0.142 0.322 
189 z0053756    (2)    1 :  0.601 0.115 0.284 
190 z0053758   (17)    1 :  0.222 0.080 0.698 
191 z0053759    (1)    1 :  0.272 0.125 0.604 
192 z0053760    (0)    1 :  0.561 0.156 0.283 
193 z0053842    (2)    1 :  0.535 0.217 0.248 
194 z0053843    (6)    1 :  0.117 0.112 0.771 
195 z0053844    (9)    1 :  0.248 0.217 0.535 
196 z0053846    (3)    1 :  0.071 0.069 0.860 
197 z0053847    (1)    1 :  0.111 0.205 0.684 
198 z0053849    (1)    1 :  0.738 0.131 0.131 
199 z0055903    (1)    4 :  0.501 0.270 0.229 
200 z0055910   (35)    4 :  0.276 0.443 0.281 
201 z0055912    (7)    4 :  0.557 0.340 0.103 
202 z0055916   (17)    4 :  0.531 0.225 0.244 
203 z0055931    (4)    4 :  0.108 0.769 0.123 
204 z0055944    (4)    4 :  0.421 0.335 0.244 
205 z0055947   (10)    4 :  0.490 0.284 0.227 
206 z0055962    (6)    4 :  0.413 0.401 0.185 
207 z0055963   (21)    4 :  0.247 0.437 0.317 
208 z0055965   (26)    4 :  0.622 0.106 0.272 
209 z0055970   (16)    4 :  0.245 0.461 0.294 
210 z0055971    (8)    4 :  0.324 0.308 0.368 
211 z0055977    (6)    4 :  0.257 0.570 0.173 
212 z0055986   (21)    4 :  0.222 0.267 0.511 
213 z0055990    (7)    4 :  0.222 0.616 0.162 
214 z0055996    (3)    4 :  0.212 0.366 0.422 
215 z0055997    (4)    4 :  0.127 0.509 0.364 
216 z0055998    (5)    4 :  0.613 0.209 0.178 
217 z0055999    (3)    4 :  0.324 0.205 0.471 
218 z0056011    (9)    4 :  0.560 0.241 0.198 
219 z0056029    (5)    4 :  0.347 0.380 0.273 
220 z0056034    (2)    4 :  0.312 0.573 0.115 
221 z0056056   (26)    3 :  0.336 0.301 0.363 
222 z0056058    (5)    3 :  0.176 0.066 0.757 
223 z0056059    (8)    3 :  0.535 0.213 0.251 
224 z0056062    (1)    3 :  0.256 0.413 0.331 
225 z0056063    (4)    3 :  0.360 0.193 0.447 
226 z0056064    (0)    3 :  0.474 0.196 0.330 
227 z0056065    (0)    3 :  0.249 0.157 0.594 
228 z0056069    (1)    3 :  0.226 0.567 0.207 
229 z0056073    (0)    3 :  0.390 0.107 0.503 
230 z0056076    (5)    3 :  0.145 0.315 0.539 
231 z0056079   (10)    3 :  0.485 0.092 0.423 
232 z0056085    (1)    3 :  0.304 0.142 0.554 
233 z0056092    (1)    3 :  0.519 0.140 0.341 
234 z0056095    (1)    3 :  0.373 0.181 0.446 
235 z0056103    (8)    3 :  0.493 0.089 0.418 
236 z0056374    (8)    1 :  0.319 0.099 0.582 
237 z0056375    (0)    1 :  0.185 0.114 0.702 
238 z0056377    (0)    1 :  0.667 0.113 0.220 
239 z0056378    (2)    1 :  0.106 0.227 0.667 
240 z0056382    (1)    1 :  0.109 0.084 0.807 
241 z0056384    (3)    1 :  0.326 0.205 0.468 
242 z0056386    (8)    1 :  0.147 0.076 0.776 
243 z0056389    (1)    1 :  0.109 0.060 0.831 
244 z0056391    (2)    1 :  0.058 0.026 0.916 
245 z0056392   (12)    1 :  0.152 0.109 0.739 
246 z0056393    (9)    1 :  0.453 0.240 0.306 
247 z0056394    (1)    1 :  0.334 0.132 0.534 
248 z0056395    (2)    1 :  0.454 0.230 0.316 
249 z0056397    (1)    1 :  0.470 0.323 0.207 
250 z0061527    (3)    3 :  0.219 0.567 0.214 
251 z0061967    (1)    3 :  0.338 0.288 0.374 
252 z0061969    (1)    3 :  0.217 0.470 0.313 
253 z0061980    (1)    1 :  0.208 0.264 0.528 
254 z0066166    (3)    3 :  0.429 0.150 0.421 
255 z0066792    (2)    1 :  0.691 0.140 0.168 
256 z0066805    (2)    1 :  0.715 0.158 0.126 
257 z0068471    (3)    3 :  0.410 0.169 0.420 
258 z0075696    (7)    5 :  0.769 0.141 0.090 
259 z0101084    (8)    1 :  0.079 0.163 0.758 
260 z0107099    (3)    3 :  0.240 0.051 0.709 
261 z0107101    (0)    1 :  0.057 0.048 0.895 
262 z0108489    (1)    1 :  0.423 0.327 0.250 
263 z0108513    (0)    1 :  0.106 0.130 0.764 
264 z0108528    (1)    3 :  0.278 0.364 0.358 
265 z0113628    (2)    3 :  0.583 0.242 0.175 
266 z0133302   (18)    1 :  0.178 0.287 0.536 
267 z0173485    (0)    1 :  0.412 0.371 0.217 
268 z0175371    (1)    3 :  0.543 0.326 0.131 
269 z0175378    (0)    2 :  0.075 0.753 0.172 
270 z0175912    (6)    1 :  0.350 0.189 0.462 
271 z0175916    (3)    1 :  0.297 0.435 0.267 
272 z0175937    (1)    1 :  0.234 0.131 0.635 
273 z0178348   (13)    1 :  0.377 0.130 0.493 
274 z0187857    (3)    1 :  0.141 0.185 0.673 
275 z0187860    (0)    1 :  0.287 0.317 0.395 
276 z0187885    (0)    2 :  0.339 0.496 0.164 
277 z0187906   (10)    1 :  0.531 0.232 0.236 
278 z0195655    (0)    2 :  0.109 0.795 0.096 
279 z0195663    (1)    3 :  0.276 0.600 0.124 
280 z0195683    (1)    3 :  0.222 0.131 0.647 
281 z0195687   (22)    3 :  0.337 0.067 0.596 
282 z0195688    (0)    2 :  0.437 0.404 0.159 
283 z0195691    (1)    3 :  0.745 0.141 0.114 
284 z0195699    (0)    3 :  0.476 0.157 0.367 
285 z0195701    (8)    3 :  0.220 0.183 0.597 
286 z0195702    (0)    3 :  0.470 0.262 0.268 
287 z0195704    (1)    3 :  0.327 0.253 0.419 
288 z0195705    (1)    3 :  0.259 0.630 0.112 
289 z0195711    (0)    3 :  0.761 0.095 0.145 
290 z0195716    (0)    3 :  0.548 0.150 0.302 
291 z0195718   (13)    3 :  0.341 0.087 0.573 
292 z0195725    (5)    3 :  0.284 0.364 0.352 
293 z0195726   (17)    1 :  0.686 0.132 0.182 
294 z0195728   (14)    3 :  0.096 0.047 0.857 
295 z0195732   (16)    3 :  0.449 0.089 0.462 
296 z0195737    (1)    3 :  0.193 0.541 0.266 
297 z0195740   (30)    3 :  0.473 0.224 0.303 
298 z0195751    (1)    3 :  0.166 0.123 0.711 
299 z0195762    (2)    3 :  0.669 0.089 0.242 
300 z0195784    (0)    3 :  0.283 0.104 0.613 
301 z0196686    (0)    5 :  0.851 0.068 0.081 
302 z0196687    (0)    5 :  0.770 0.135 0.095 
303 z0196689    (1)    5 :  0.806 0.126 0.068 
304 z0196690    (3)    5 :  0.635 0.118 0.246 
305 z0196691    (9)    5 :  0.776 0.125 0.098 
306 z0196692    (1)    5 :  0.744 0.122 0.133 
307 z0196693    (2)    5 :  0.801 0.090 0.109 
308 z0196694    (3)    5 :  0.782 0.130 0.088 
309 z0196710    (0)    3 :  0.371 0.347 0.282 
310 z0196715   (23)    3 :  0.420 0.100 0.481 
311 z0196719    (0)    3 :  0.504 0.176 0.320 
312 z0196724   (20)    3 :  0.232 0.231 0.537 
313 z0196725    (1)    3 :  0.253 0.172 0.576 
314 z0196729    (3)    3 :  0.302 0.241 0.457 
315 z0196730    (3)    1 :  0.241 0.147 0.611 
316 z0196731    (1)    3 :  0.417 0.083 0.500 
317 z0196733   (17)    1 :  0.469 0.100 0.431 
318 z0196734    (2)    3 :  0.295 0.339 0.366 
319 z0196739   (18)    3 :  0.181 0.342 0.477 
320 z0196740   (10)    3 :  0.497 0.136 0.367 
321 z0196746    (3)    1 :  0.160 0.200 0.640 
322 z0196751    (0)    3 :  0.283 0.247 0.470 
323 z0196752    (0)    3 :  0.573 0.117 0.310 
324 z0196754    (0)    3 :  0.172 0.187 0.641 
325 z0196758    (2)    1 :  0.322 0.144 0.534 
326 z0196763    (2)    3 :  0.558 0.161 0.280 
327 z0196764    (1)    3 :  0.353 0.217 0.430 
328 z0196766    (0)    3 :  0.295 0.192 0.513 
329 z0196769    (1)    3 :  0.191 0.135 0.673 
330 z0196774    (1)    3 :  0.381 0.123 0.496 
331 z0196783    (0)    1 :  0.080 0.043 0.877 
332 z0196794    (2)    1 :  0.127 0.059 0.814 
333 z0196804   (15)    1 :  0.349 0.145 0.506 
334 z0196809   (15)    3 :  0.807 0.066 0.127 
335 z0196810    (2)    1 :  0.551 0.141 0.308 
336 z0196811    (1)    1 :  0.652 0.058 0.290 
337 z0196824    (0)    3 :  0.373 0.343 0.284 
338 z0196825    (1)    3 :  0.191 0.327 0.482 
339 z0196828    (1)    2 :  0.344 0.203 0.452 
340 z0196829    (0)    3 :  0.577 0.185 0.237 
341 z0196834   (28)    3 :  0.239 0.279 0.482 
342 z0196835    (0)    3 :  0.077 0.169 0.754 
343 z0196838    (2)    1 :  0.820 0.051 0.129 
344 z0196841   (22)    3 :  0.333 0.134 0.533 
345 z0196843   (27)    3 :  0.278 0.144 0.578 
346 z0196849    (1)    3 :  0.343 0.152 0.505 
347 z0196852    (1)    2 :  0.377 0.410 0.213 
348 z0196855    (0)    2 :  0.452 0.295 0.252 
349 z0196856    (1)    3 :  0.615 0.241 0.144 
350 z0196857    (0)    2 :  0.110 0.482 0.408 
351 z0196864    (2)    3 :  0.405 0.458 0.137 
352 z0196894    (0)    3 :  0.527 0.105 0.368 
353 z0197662    (3)    1 :  0.385 0.371 0.243 
354 z0197665    (2)    1 :  0.163 0.116 0.721 
355 z0197668   (20)    3 :  0.675 0.164 0.161 
356 z0197669    (1)    3 :  0.346 0.459 0.195 
357 z0197672    (1)    3 :  0.247 0.236 0.517 


Estimated Allele Frequencies in each cluster
First column gives estimated ancestral frequencies


Locus 1 : HI.v.HI.SEAK 
5 alleles
66.2% missing data
   0   (0.188) 0.167 0.258 0.098 
   4   (0.447) 0.528 0.067 0.655 
   1   (0.164) 0.124 0.591 0.059 
   2   (0.046) 0.029 0.040 0.014 
   3   (0.155) 0.152 0.044 0.175 

Locus 2 : Mnov_gtseq_1 
2 alleles
0.0% missing data
   0   (0.415) 0.431 0.370 0.387 
   1   (0.585) 0.569 0.630 0.613 

Locus 3 : Mnov_gtseq_10 
2 alleles
0.3% missing data
   0   (0.810) 0.838 0.929 0.696 
   1   (0.190) 0.162 0.071 0.304 

Locus 4 : Mnov_gtseq_102 
2 alleles
0.8% missing data
   0   (0.570) 0.593 0.684 0.461 
   1   (0.430) 0.407 0.316 0.539 

Locus 5 : Mnov_gtseq_104 
2 alleles
0.3% missing data
   0   (0.869) 0.916 0.940 0.740 
   1   (0.131) 0.084 0.060 0.260 

Locus 6 : Mnov_gtseq_106 
2 alleles
15.4% missing data
   1   (0.755) 0.747 0.796 0.797 
   0   (0.245) 0.253 0.204 0.203 

Locus 7 : Mnov_gtseq_107 
2 alleles
37.8% missing data
   1   (0.206) 0.156 0.426 0.156 
   0   (0.794) 0.844 0.574 0.844 

Locus 8 : Mnov_gtseq_111 
2 alleles
39.2% missing data
   1   (0.726) 0.823 0.575 0.609 
   0   (0.274) 0.177 0.425 0.391 

Locus 9 : Mnov_gtseq_112 
2 alleles
1.1% missing data
   0   (0.572) 0.473 0.683 0.712 
   1   (0.428) 0.527 0.317 0.288 

Locus 10 : Mnov_gtseq_113 
2 alleles
1.7% missing data
   1   (0.705) 0.694 0.679 0.787 
   0   (0.295) 0.306 0.321 0.213 

Locus 11 : Mnov_gtseq_114 
2 alleles
4.5% missing data
   0   (0.545) 0.575 0.373 0.601 
   1   (0.455) 0.425 0.627 0.399 

Locus 12 : Mnov_gtseq_117 
2 alleles
27.2% missing data
   0   (0.627) 0.614 0.803 0.544 
   1   (0.373) 0.386 0.197 0.456 

Locus 13 : Mnov_gtseq_118 
2 alleles
8.1% missing data
   0   (0.712) 0.734 0.845 0.604 
   1   (0.288) 0.266 0.155 0.396 

Locus 14 : Mnov_gtseq_12 
2 alleles
0.3% missing data
   0   (0.492) 0.554 0.296 0.479 
   1   (0.508) 0.446 0.704 0.521 

Locus 15 : Mnov_gtseq_124 
2 alleles
4.8% missing data
   1   (0.774) 0.805 0.872 0.688 
   0   (0.226) 0.195 0.128 0.312 

Locus 16 : Mnov_gtseq_125 
2 alleles
1.1% missing data
   1   (0.908) 0.920 0.716 0.982 
   0   (0.092) 0.080 0.284 0.018 

Locus 17 : Mnov_gtseq_126 
2 alleles
0.0% missing data
   0   (0.372) 0.471 0.357 0.185 
   1   (0.628) 0.529 0.643 0.815 

Locus 18 : Mnov_gtseq_127 
2 alleles
7.0% missing data
   0   (0.618) 0.620 0.492 0.713 
   1   (0.382) 0.380 0.508 0.287 

Locus 19 : Mnov_gtseq_128 
2 alleles
31.4% missing data
   0   (0.687) 0.657 0.668 0.794 
   1   (0.313) 0.343 0.332 0.206 

Locus 20 : Mnov_gtseq_129 
2 alleles
2.0% missing data
   0   (0.485) 0.450 0.598 0.489 
   1   (0.515) 0.550 0.402 0.511 

Locus 21 : Mnov_gtseq_13 
2 alleles
0.0% missing data
   0   (0.585) 0.634 0.615 0.487 
   1   (0.415) 0.366 0.385 0.513 

Locus 22 : Mnov_gtseq_130 
2 alleles
28.9% missing data
   1   (0.535) 0.588 0.462 0.467 
   0   (0.465) 0.412 0.538 0.533 

Locus 23 : Mnov_gtseq_135 
2 alleles
0.6% missing data
   1   (0.440) 0.405 0.543 0.442 
   0   (0.560) 0.595 0.457 0.558 

Locus 24 : Mnov_gtseq_138 
2 alleles
0.6% missing data
   0   (0.469) 0.479 0.426 0.462 
   1   (0.531) 0.521 0.574 0.538 

Locus 25 : Mnov_gtseq_140 
2 alleles
1.1% missing data
   0   (0.425) 0.378 0.574 0.408 
   1   (0.575) 0.622 0.426 0.592 

Locus 26 : Mnov_gtseq_141 
2 alleles
0.3% missing data
   0   (0.540) 0.481 0.541 0.666 
   1   (0.460) 0.519 0.459 0.334 

Locus 27 : Mnov_gtseq_143 
2 alleles
2.8% missing data
   1   (0.553) 0.528 0.482 0.652 
   0   (0.447) 0.472 0.518 0.348 

Locus 28 : Mnov_gtseq_145 
2 alleles
2.0% missing data
   0   (0.439) 0.372 0.452 0.565 
   1   (0.561) 0.628 0.548 0.435 

Locus 29 : Mnov_gtseq_147 
2 alleles
26.3% missing data
   0   (0.797) 0.850 0.535 0.855 
   1   (0.203) 0.150 0.465 0.145 

Locus 30 : Mnov_gtseq_148 
2 alleles
9.2% missing data
   0   (0.337) 0.446 0.165 0.227 
   1   (0.663) 0.554 0.835 0.773 

Locus 31 : Mnov_gtseq_149 
2 alleles
0.6% missing data
   0   (0.597) 0.608 0.573 0.614 
   1   (0.403) 0.392 0.427 0.386 

Locus 32 : Mnov_gtseq_15 
2 alleles
0.0% missing data
   0   (0.464) 0.438 0.408 0.557 
   1   (0.536) 0.562 0.592 0.443 

Locus 33 : Mnov_gtseq_152 
2 alleles
0.8% missing data
   0   (0.316) 0.274 0.382 0.334 
   1   (0.684) 0.726 0.618 0.666 

Locus 34 : Mnov_gtseq_154 
2 alleles
3.4% missing data
   0   (0.561) 0.577 0.438 0.617 
   1   (0.439) 0.423 0.562 0.383 

Locus 35 : Mnov_gtseq_155 
2 alleles
41.7% missing data
   0   (0.656) 0.651 0.698 0.678 
   1   (0.344) 0.349 0.302 0.322 

Locus 36 : Mnov_gtseq_157 
2 alleles
0.6% missing data
   1   (0.557) 0.567 0.620 0.511 
   0   (0.443) 0.433 0.380 0.489 

Locus 37 : Mnov_gtseq_158 
2 alleles
0.6% missing data
   0   (0.419) 0.433 0.096 0.658 
   1   (0.581) 0.567 0.904 0.342 

Locus 38 : Mnov_gtseq_159 
2 alleles
24.6% missing data
   0   (0.608) 0.623 0.439 0.703 
   1   (0.392) 0.377 0.561 0.297 

Locus 39 : Mnov_gtseq_16 
2 alleles
0.0% missing data
   0   (0.637) 0.649 0.583 0.673 
   1   (0.363) 0.351 0.417 0.327 

Locus 40 : Mnov_gtseq_160 
2 alleles
2.5% missing data
   0   (0.500) 0.525 0.401 0.515 
   1   (0.500) 0.475 0.599 0.485 

Locus 41 : Mnov_gtseq_161 
2 alleles
2.0% missing data
   1   (0.763) 0.790 0.810 0.734 
   0   (0.237) 0.210 0.190 0.266 

Locus 42 : Mnov_gtseq_162 
2 alleles
2.2% missing data
   1   (0.396) 0.301 0.467 0.542 
   0   (0.604) 0.699 0.533 0.458 

Locus 43 : Mnov_gtseq_167 
2 alleles
1.1% missing data
   1   (0.791) 0.811 0.879 0.744 
   0   (0.209) 0.189 0.121 0.256 

Locus 44 : Mnov_gtseq_17 
2 alleles
0.0% missing data
   0   (0.514) 0.492 0.474 0.584 
   1   (0.486) 0.508 0.526 0.416 

Locus 45 : Mnov_gtseq_170 
2 alleles
0.0% missing data
   0   (0.315) 0.332 0.246 0.279 
   1   (0.685) 0.668 0.754 0.721 

Locus 46 : Mnov_gtseq_171 
2 alleles
42.0% missing data
   1   (0.702) 0.759 0.731 0.597 
   0   (0.298) 0.241 0.269 0.403 

Locus 47 : Mnov_gtseq_173 
2 alleles
21.8% missing data
   1   (0.490) 0.524 0.699 0.289 
   0   (0.510) 0.476 0.301 0.711 

Locus 48 : Mnov_gtseq_174 
2 alleles
2.8% missing data
   0   (0.281) 0.245 0.416 0.237 
   1   (0.719) 0.755 0.584 0.763 

Locus 49 : Mnov_gtseq_180 
2 alleles
14.0% missing data
   0   (0.595) 0.496 0.860 0.603 
   1   (0.405) 0.504 0.140 0.397 

Locus 50 : Mnov_gtseq_182 
2 alleles
9.0% missing data
   0   (0.839) 0.904 0.845 0.727 
   1   (0.161) 0.096 0.155 0.273 

Locus 51 : Mnov_gtseq_186 
2 alleles
27.7% missing data
   0   (0.540) 0.571 0.469 0.523 
   1   (0.460) 0.429 0.531 0.477 

Locus 52 : Mnov_gtseq_187 
2 alleles
7.6% missing data
   1   (0.565) 0.529 0.669 0.593 
   0   (0.435) 0.471 0.331 0.407 

Locus 53 : Mnov_gtseq_188 
2 alleles
13.4% missing data
   0   (0.570) 0.603 0.638 0.479 
   1   (0.430) 0.397 0.362 0.521 

Locus 54 : Mnov_gtseq_189 
2 alleles
3.6% missing data
   0   (0.415) 0.328 0.474 0.563 
   1   (0.585) 0.672 0.526 0.437 

Locus 55 : Mnov_gtseq_19 
2 alleles
0.0% missing data
   1   (0.927) 0.925 0.829 0.989 
   0   (0.073) 0.075 0.171 0.011 

Locus 56 : Mnov_gtseq_190 
2 alleles
0.0% missing data
   1   (0.416) 0.424 0.353 0.417 
   0   (0.584) 0.576 0.647 0.583 

Locus 57 : Mnov_gtseq_191 
2 alleles
26.3% missing data
   0   (0.881) 0.835 0.985 0.892 
   1   (0.119) 0.165 0.015 0.108 

Locus 58 : Mnov_gtseq_192 
2 alleles
21.0% missing data
   0   (0.817) 0.847 0.829 0.818 
   1   (0.183) 0.153 0.171 0.182 

Locus 59 : Mnov_gtseq_193 
2 alleles
0.0% missing data
   0   (0.691) 0.657 0.782 0.750 
   1   (0.309) 0.343 0.218 0.250 

Locus 60 : Mnov_gtseq_195 
2 alleles
0.0% missing data
   0   (0.567) 0.641 0.544 0.452 
   1   (0.433) 0.359 0.456 0.548 

Locus 61 : Mnov_gtseq_196 
2 alleles
0.3% missing data
   0   (0.332) 0.328 0.165 0.427 
   1   (0.668) 0.672 0.835 0.573 

Locus 62 : Mnov_gtseq_197 
3 alleles
0.3% missing data
   1   (0.386) 0.383 0.319 0.408 
   0   (0.406) 0.332 0.585 0.476 
   2   (0.208) 0.285 0.096 0.116 

Locus 63 : Mnov_gtseq_2 
2 alleles
0.3% missing data
   0   (0.203) 0.247 0.230 0.084 
   1   (0.797) 0.753 0.770 0.916 

Locus 64 : Mnov_gtseq_200 
2 alleles
2.8% missing data
   0   (0.387) 0.336 0.614 0.342 
   1   (0.613) 0.664 0.386 0.658 

Locus 65 : Mnov_gtseq_201 
2 alleles
0.0% missing data
   0   (0.869) 0.875 0.979 0.773 
   1   (0.131) 0.125 0.021 0.227 

Locus 66 : Mnov_gtseq_202 
2 alleles
0.0% missing data
   0   (0.408) 0.348 0.527 0.444 
   1   (0.592) 0.652 0.473 0.556 

Locus 67 : Mnov_gtseq_204 
2 alleles
3.9% missing data
   0   (0.443) 0.417 0.512 0.444 
   1   (0.557) 0.583 0.488 0.556 

Locus 68 : Mnov_gtseq_205 
3 alleles
0.0% missing data
   0   (0.226) 0.202 0.199 0.247 
   2   (0.711) 0.752 0.739 0.728 
   1   (0.063) 0.046 0.062 0.025 

Locus 69 : Mnov_gtseq_208 
2 alleles
0.0% missing data
   0   (0.639) 0.666 0.443 0.727 
   1   (0.361) 0.334 0.557 0.273 

Locus 70 : Mnov_gtseq_209 
2 alleles
0.0% missing data
   0   (0.429) 0.381 0.570 0.428 
   1   (0.571) 0.619 0.430 0.572 

Locus 71 : Mnov_gtseq_21 
2 alleles
0.0% missing data
   1   (0.551) 0.594 0.359 0.595 
   0   (0.449) 0.406 0.641 0.405 

Locus 72 : Mnov_gtseq_210 
2 alleles
5.0% missing data
   0   (0.390) 0.370 0.228 0.538 
   1   (0.610) 0.630 0.772 0.462 

Locus 73 : Mnov_gtseq_213 
2 alleles
5.6% missing data
   0   (0.515) 0.530 0.398 0.558 
   1   (0.485) 0.470 0.602 0.442 

Locus 74 : Mnov_gtseq_214 
2 alleles
5.3% missing data
   0   (0.528) 0.493 0.692 0.502 
   1   (0.472) 0.507 0.308 0.498 

Locus 75 : Mnov_gtseq_215 
2 alleles
0.0% missing data
   0   (0.430) 0.404 0.571 0.394 
   1   (0.570) 0.596 0.429 0.606 

Locus 76 : Mnov_gtseq_216 
2 alleles
0.0% missing data
   1   (0.536) 0.556 0.667 0.415 
   0   (0.464) 0.444 0.333 0.585 

Locus 77 : Mnov_gtseq_217 
2 alleles
24.4% missing data
   0   (0.318) 0.343 0.193 0.320 
   1   (0.682) 0.657 0.807 0.680 

Locus 78 : Mnov_gtseq_218 
2 alleles
0.3% missing data
   0   (0.621) 0.671 0.766 0.430 
   1   (0.379) 0.329 0.234 0.570 

Locus 79 : Mnov_gtseq_22 
2 alleles
3.9% missing data
   1   (0.575) 0.535 0.725 0.572 
   0   (0.425) 0.465 0.275 0.428 

Locus 80 : Mnov_gtseq_220 
2 alleles
0.3% missing data
   0   (0.531) 0.529 0.641 0.476 
   1   (0.469) 0.471 0.359 0.524 

Locus 81 : Mnov_gtseq_222 
2 alleles
14.3% missing data
   0   (0.540) 0.626 0.672 0.294 
   1   (0.460) 0.374 0.328 0.706 

Locus 82 : Mnov_gtseq_223 
2 alleles
2.5% missing data
   0   (0.637) 0.603 0.632 0.736 
   1   (0.363) 0.397 0.368 0.264 

Locus 83 : Mnov_gtseq_225 
2 alleles
0.0% missing data
   0   (0.511) 0.482 0.483 0.588 
   1   (0.489) 0.518 0.517 0.412 

Locus 84 : Mnov_gtseq_227 
2 alleles
0.3% missing data
   0   (0.523) 0.534 0.638 0.435 
   1   (0.477) 0.466 0.362 0.565 

Locus 85 : Mnov_gtseq_229 
2 alleles
0.8% missing data
   1   (0.534) 0.511 0.631 0.529 
   0   (0.466) 0.489 0.369 0.471 

Locus 86 : Mnov_gtseq_230 
2 alleles
10.4% missing data
   0   (0.751) 0.735 0.882 0.731 
   1   (0.249) 0.265 0.118 0.269 

Locus 87 : Mnov_gtseq_232 
2 alleles
0.0% missing data
   0   (0.464) 0.406 0.658 0.457 
   1   (0.536) 0.594 0.342 0.543 

Locus 88 : Mnov_gtseq_234 
2 alleles
9.8% missing data
   0   (0.734) 0.746 0.828 0.695 
   1   (0.266) 0.254 0.172 0.305 

Locus 89 : Mnov_gtseq_235 
2 alleles
0.3% missing data
   0   (0.795) 0.832 0.883 0.709 
   1   (0.205) 0.168 0.117 0.291 

Locus 90 : Mnov_gtseq_237 
2 alleles
0.3% missing data
   0   (0.538) 0.527 0.725 0.460 
   1   (0.462) 0.473 0.275 0.540 

Locus 91 : Mnov_gtseq_238 
2 alleles
0.0% missing data
   0   (0.599) 0.542 0.754 0.631 
   1   (0.401) 0.458 0.246 0.369 

Locus 92 : Mnov_gtseq_239 
2 alleles
0.0% missing data
   0   (0.726) 0.758 0.752 0.699 
   1   (0.274) 0.242 0.248 0.301 

Locus 93 : Mnov_gtseq_240 
2 alleles
0.0% missing data
   1   (0.417) 0.461 0.399 0.325 
   0   (0.583) 0.539 0.601 0.675 

Locus 94 : Mnov_gtseq_241 
2 alleles
0.0% missing data
   0   (0.860) 0.912 0.850 0.813 
   1   (0.140) 0.088 0.150 0.187 

Locus 95 : Mnov_gtseq_243 
2 alleles
0.0% missing data
   0   (0.609) 0.676 0.591 0.495 
   1   (0.391) 0.324 0.409 0.505 

Locus 96 : Mnov_gtseq_244 
2 alleles
0.0% missing data
   0   (0.320) 0.257 0.410 0.370 
   1   (0.680) 0.743 0.590 0.630 

Locus 97 : Mnov_gtseq_245 
2 alleles
20.7% missing data
   1   (0.490) 0.431 0.616 0.537 
   0   (0.510) 0.569 0.384 0.463 

Locus 98 : Mnov_gtseq_246 
2 alleles
0.3% missing data
   0   (0.437) 0.388 0.486 0.499 
   1   (0.563) 0.612 0.514 0.501 

Locus 99 : Mnov_gtseq_247 
2 alleles
3.4% missing data
   0   (0.321) 0.408 0.191 0.217 
   1   (0.679) 0.592 0.809 0.783 

Locus 100 : Mnov_gtseq_248 
2 alleles
0.3% missing data
   0   (0.235) 0.251 0.380 0.104 
   1   (0.765) 0.749 0.620 0.896 

Locus 101 : Mnov_gtseq_25 
2 alleles
0.3% missing data
   0   (0.433) 0.353 0.593 0.485 
   1   (0.567) 0.647 0.407 0.515 

Locus 102 : Mnov_gtseq_250 
2 alleles
3.9% missing data
   0   (0.807) 0.885 0.713 0.721 
   1   (0.193) 0.115 0.287 0.279 

Locus 103 : Mnov_gtseq_251 
2 alleles
2.0% missing data
   1   (0.216) 0.240 0.194 0.129 
   0   (0.784) 0.760 0.806 0.871 

Locus 104 : Mnov_gtseq_253 
2 alleles
16.2% missing data
   0   (0.487) 0.533 0.516 0.371 
   1   (0.513) 0.467 0.484 0.629 

Locus 105 : Mnov_gtseq_254 
2 alleles
0.0% missing data
   1   (0.906) 0.868 0.988 0.939 
   0   (0.094) 0.132 0.012 0.061 

Locus 106 : Mnov_gtseq_255 
2 alleles
0.0% missing data
   0   (0.322) 0.241 0.451 0.396 
   1   (0.678) 0.759 0.549 0.604 

Locus 107 : Mnov_gtseq_257 
2 alleles
0.0% missing data
   0   (0.615) 0.605 0.490 0.731 
   1   (0.385) 0.395 0.510 0.269 

Locus 108 : Mnov_gtseq_258 
2 alleles
0.0% missing data
   0   (0.538) 0.590 0.612 0.389 
   1   (0.462) 0.410 0.388 0.611 

Locus 109 : Mnov_gtseq_26 
2 alleles
0.0% missing data
   1   (0.892) 0.880 0.964 0.927 
   0   (0.108) 0.120 0.036 0.073 

Locus 110 : Mnov_gtseq_260 
2 alleles
0.3% missing data
   0   (0.756) 0.733 0.760 0.841 
   1   (0.244) 0.267 0.240 0.159 

Locus 111 : Mnov_gtseq_261 
2 alleles
0.6% missing data
   0   (0.499) 0.522 0.532 0.433 
   1   (0.501) 0.478 0.468 0.567 

Locus 112 : Mnov_gtseq_262 
2 alleles
3.1% missing data
   0   (0.423) 0.410 0.514 0.374 
   1   (0.577) 0.590 0.486 0.626 

Locus 113 : Mnov_gtseq_263 
2 alleles
0.0% missing data
   1   (0.832) 0.869 0.908 0.756 
   0   (0.168) 0.131 0.092 0.244 

Locus 114 : Mnov_gtseq_265 
2 alleles
0.0% missing data
   0   (0.447) 0.450 0.589 0.346 
   1   (0.553) 0.550 0.411 0.654 

Locus 115 : Mnov_gtseq_268 
2 alleles
0.0% missing data
   0   (0.602) 0.668 0.670 0.427 
   1   (0.398) 0.332 0.330 0.573 

Locus 116 : Mnov_gtseq_269 
2 alleles
1.1% missing data
   1   (0.491) 0.522 0.435 0.469 
   0   (0.509) 0.478 0.565 0.531 

Locus 117 : Mnov_gtseq_270 
2 alleles
11.8% missing data
   1   (0.779) 0.791 0.790 0.811 
   0   (0.221) 0.209 0.210 0.189 

Locus 118 : Mnov_gtseq_271 
2 alleles
10.9% missing data
   0   (0.632) 0.651 0.617 0.631 
   1   (0.368) 0.349 0.383 0.369 

Locus 119 : Mnov_gtseq_273 
2 alleles
1.4% missing data
   1   (0.512) 0.467 0.596 0.567 
   0   (0.488) 0.533 0.404 0.433 

Locus 120 : Mnov_gtseq_274 
2 alleles
0.0% missing data
   1   (0.519) 0.574 0.401 0.478 
   0   (0.481) 0.426 0.599 0.522 

Locus 121 : Mnov_gtseq_275 
2 alleles
13.7% missing data
   1   (0.781) 0.835 0.722 0.751 
   0   (0.219) 0.165 0.278 0.249 

Locus 122 : Mnov_gtseq_277 
2 alleles
0.0% missing data
   0   (0.798) 0.777 0.856 0.862 
   1   (0.202) 0.223 0.144 0.138 

Locus 123 : Mnov_gtseq_278 
2 alleles
1.1% missing data
   0   (0.885) 0.905 0.969 0.826 
   1   (0.115) 0.095 0.031 0.174 

Locus 124 : Mnov_gtseq_28 
2 alleles
0.3% missing data
   0   (0.764) 0.757 0.800 0.818 
   1   (0.236) 0.243 0.200 0.182 

Locus 125 : Mnov_gtseq_284 
2 alleles
0.0% missing data
   1   (0.631) 0.609 0.624 0.713 
   0   (0.369) 0.391 0.376 0.287 

Locus 126 : Mnov_gtseq_285 
2 alleles
0.0% missing data
   1   (0.762) 0.785 0.675 0.824 
   0   (0.238) 0.215 0.325 0.176 

Locus 127 : Mnov_gtseq_287 
2 alleles
0.0% missing data
   0   (0.797) 0.852 0.674 0.803 
   1   (0.203) 0.148 0.326 0.197 

Locus 128 : Mnov_gtseq_288 
2 alleles
16.2% missing data
   0   (0.622) 0.640 0.677 0.577 
   1   (0.378) 0.360 0.323 0.423 

Locus 129 : Mnov_gtseq_289 
2 alleles
0.0% missing data
   0   (0.460) 0.476 0.442 0.439 
   1   (0.540) 0.524 0.558 0.561 

Locus 130 : Mnov_gtseq_291 
2 alleles
0.3% missing data
   1   (0.715) 0.758 0.622 0.722 
   0   (0.285) 0.242 0.378 0.278 

Locus 131 : Mnov_gtseq_297 
2 alleles
0.0% missing data
   0   (0.662) 0.674 0.766 0.597 
   1   (0.338) 0.326 0.234 0.403 

Locus 132 : Mnov_gtseq_298 
2 alleles
36.4% missing data
   1   (0.597) 0.561 0.776 0.568 
   0   (0.403) 0.439 0.224 0.432 

Locus 133 : Mnov_gtseq_299 
2 alleles
1.1% missing data
   1   (0.581) 0.626 0.490 0.567 
   0   (0.419) 0.374 0.510 0.433 

Locus 134 : Mnov_gtseq_30 
3 alleles
16.2% missing data
   1   (0.547) 0.559 0.403 0.653 
   2   (0.431) 0.433 0.596 0.332 
   0   (0.022) 0.008 0.001 0.015 

Locus 135 : Mnov_gtseq_300 
2 alleles
5.6% missing data
   0   (0.598) 0.617 0.620 0.568 
   1   (0.402) 0.383 0.380 0.432 

Locus 136 : Mnov_gtseq_301 
3 alleles
5.6% missing data
   0   (0.389) 0.378 0.313 0.480 
   2   (0.388) 0.377 0.518 0.352 
   1   (0.223) 0.245 0.169 0.169 

Locus 137 : Mnov_gtseq_304 
2 alleles
28.9% missing data
   0   (0.849) 0.837 0.859 0.916 
   1   (0.151) 0.163 0.141 0.084 

Locus 138 : Mnov_gtseq_305 
2 alleles
9.2% missing data
   0   (0.875) 0.885 0.965 0.838 
   1   (0.125) 0.115 0.035 0.162 

Locus 139 : Mnov_gtseq_307 
2 alleles
2.5% missing data
   1   (0.507) 0.528 0.472 0.484 
   0   (0.493) 0.472 0.528 0.516 

Locus 140 : Mnov_gtseq_308 
2 alleles
0.0% missing data
   0   (0.601) 0.582 0.633 0.643 
   1   (0.399) 0.418 0.367 0.357 

Locus 141 : Mnov_gtseq_309 
3 alleles
2.5% missing data
   0   (0.349) 0.310 0.483 0.338 
   1   (0.591) 0.649 0.413 0.644 
   2   (0.060) 0.041 0.104 0.018 

Locus 142 : Mnov_gtseq_310 
2 alleles
10.4% missing data
   0   (0.863) 0.888 0.964 0.734 
   1   (0.137) 0.112 0.036 0.266 

Locus 143 : Mnov_gtseq_311 
2 alleles
1.7% missing data
   1   (0.675) 0.646 0.680 0.767 
   0   (0.325) 0.354 0.320 0.233 

Locus 144 : Mnov_gtseq_312 
2 alleles
0.0% missing data
   0   (0.492) 0.442 0.400 0.650 
   1   (0.508) 0.558 0.600 0.350 

Locus 145 : Mnov_gtseq_313 
2 alleles
0.8% missing data
   1   (0.763) 0.755 0.787 0.823 
   0   (0.237) 0.245 0.213 0.177 

Locus 146 : Mnov_gtseq_314 
2 alleles
0.0% missing data
   0   (0.499) 0.492 0.410 0.566 
   1   (0.501) 0.508 0.590 0.434 

Locus 147 : Mnov_gtseq_315 
2 alleles
1.4% missing data
   0   (0.492) 0.472 0.535 0.503 
   1   (0.508) 0.528 0.465 0.497 

Locus 148 : Mnov_gtseq_317 
2 alleles
24.6% missing data
   0   (0.504) 0.501 0.581 0.459 
   1   (0.496) 0.499 0.419 0.541 

Locus 149 : Mnov_gtseq_318 
2 alleles
5.0% missing data
   0   (0.438) 0.404 0.451 0.490 
   1   (0.562) 0.596 0.549 0.510 

Locus 150 : Mnov_gtseq_320 
2 alleles
6.2% missing data
   0   (0.673) 0.704 0.567 0.703 
   1   (0.327) 0.296 0.433 0.297 

Locus 151 : Mnov_gtseq_321 
2 alleles
0.0% missing data
   0   (0.105) 0.062 0.040 0.237 
   1   (0.895) 0.938 0.960 0.763 

Locus 152 : Mnov_gtseq_322 
2 alleles
1.4% missing data
   1   (0.503) 0.458 0.556 0.562 
   0   (0.497) 0.542 0.444 0.438 

Locus 153 : Mnov_gtseq_323 
2 alleles
0.0% missing data
   0   (0.414) 0.429 0.270 0.462 
   1   (0.586) 0.571 0.730 0.538 

Locus 154 : Mnov_gtseq_326 
2 alleles
3.4% missing data
   0   (0.617) 0.664 0.384 0.685 
   1   (0.383) 0.336 0.616 0.315 

Locus 155 : Mnov_gtseq_327 
2 alleles
3.4% missing data
   0   (0.780) 0.700 0.666 0.944 
   1   (0.220) 0.300 0.334 0.056 

Locus 156 : Mnov_gtseq_328 
2 alleles
0.0% missing data
   1   (0.660) 0.708 0.614 0.622 
   0   (0.340) 0.292 0.386 0.378 

Locus 157 : Mnov_gtseq_33 
2 alleles
0.0% missing data
   0   (0.607) 0.614 0.705 0.543 
   1   (0.393) 0.386 0.295 0.457 

Locus 158 : Mnov_gtseq_332 
2 alleles
12.0% missing data
   0   (0.357) 0.434 0.258 0.249 
   1   (0.643) 0.566 0.742 0.751 

Locus 159 : Mnov_gtseq_333 
2 alleles
3.6% missing data
   1   (0.670) 0.677 0.801 0.596 
   0   (0.330) 0.323 0.199 0.404 

Locus 160 : Mnov_gtseq_334 
2 alleles
0.0% missing data
   0   (0.780) 0.836 0.663 0.773 
   1   (0.220) 0.164 0.337 0.227 

Locus 161 : Mnov_gtseq_335 
2 alleles
0.0% missing data
   1   (0.691) 0.760 0.598 0.632 
   0   (0.309) 0.240 0.402 0.368 

Locus 162 : Mnov_gtseq_337 
3 alleles
15.4% missing data
   2   (0.224) 0.202 0.440 0.130 
   0   (0.512) 0.495 0.335 0.699 
   1   (0.264) 0.303 0.225 0.171 

Locus 163 : Mnov_gtseq_338 
2 alleles
0.3% missing data
   0   (0.415) 0.432 0.329 0.423 
   1   (0.585) 0.568 0.671 0.577 

Locus 164 : Mnov_gtseq_339 
2 alleles
0.3% missing data
   0   (0.539) 0.539 0.479 0.583 
   1   (0.461) 0.461 0.521 0.417 

Locus 165 : Mnov_gtseq_340 
2 alleles
2.0% missing data
   0   (0.527) 0.468 0.541 0.637 
   1   (0.473) 0.532 0.459 0.363 

Locus 166 : Mnov_gtseq_341 
2 alleles
0.0% missing data
   1   (0.786) 0.790 0.932 0.688 
   0   (0.214) 0.210 0.068 0.312 

Locus 167 : Mnov_gtseq_342 
2 alleles
13.4% missing data
   0   (0.543) 0.580 0.327 0.606 
   1   (0.457) 0.420 0.673 0.394 

Locus 168 : Mnov_gtseq_344 
2 alleles
